ts_et,ticker,bid_1,bid_1_sz,bid_2,bid_2_sz,bid_3,bid_3_sz,bid_4,bid_4_sz,bid_5,bid_5_sz,ask_1,ask_1_sz,ask_2,ask_2_sz,ask_3,ask_3_sz,ask_4,ask_4_sz,ask_5,ask_5_sz,mid
2026-04-18 12:18:58 PM,KXATPMATCH-26APR19RUBFIL-FIL,6,316,5,494,4,623,3,540,2,1700,67,620,68,120,69,200,70,200,71,200,36.5
2026-04-18 12:20:37 PM,KXATPMATCH-26APR19RUBFIL-FIL,6,316,5,494,4,623,3,540,2,1700,67,500,68,120,69,200,70,200,71,200,36.5
2026-04-18 12:20:37 PM,KXATPMATCH-26APR19RUBFIL-FIL,6,316,5,494,4,623,3,540,2,1700,65,120,67,500,68,120,69,200,70,200,35.5
2026-04-18 12:20:37 PM,KXATPMATCH-26APR19RUBFIL-FIL,6,316,5,494,4,623,3,540,2,1700,65,120,67,500,69,200,70,200,71,200,35.5
2026-04-18 12:20:38 PM,KXATPMATCH-26APR19RUBFIL-FIL,6,316,5,494,4,623,3,540,2,1700,65,120,66,120,67,500,69,200,70,200,35.5
2026-04-18 12:20:38 PM,KXATPMATCH-26APR19RUBFIL-FIL,6,316,5,494,4,623,3,540,2,1700,65,120,66,120,67,500,70,200,71,200,35.5
2026-04-18 12:20:38 PM,KXATPMATCH-26APR19RUBFIL-FIL,6,316,5,494,4,623,3,540,2,1700,65,120,66,120,67,700,70,200,71,200,35.5
2026-04-18 12:20:38 PM,KXATPMATCH-26APR19RUBFIL-FIL,6,316,5,494,4,623,3,540,2,1700,65,120,66,120,67,700,71,200,72,200,35.5
2026-04-18 12:20:38 PM,KXATPMATCH-26APR19RUBFIL-FIL,6,316,5,494,4,623,3,540,2,1700,65,120,66,120,67,700,68,200,71,200,35.5
2026-04-18 12:20:38 PM,KXATPMATCH-26APR19RUBFIL-FIL,6,316,5,494,4,623,3,540,2,1700,65,120,66,120,67,700,68,200,72,200,35.5
2026-04-18 12:20:39 PM,KXATPMATCH-26APR19RUBFIL-FIL,6,316,5,494,4,623,3,540,2,1700,65,120,66,120,67,700,68,200,69,200,35.5
2026-04-18 12:22:40 PM,KXATPMATCH-26APR19RUBFIL-FIL,6,316,5,494,4,623,3,540,2,1700,66,120,67,700,68,200,69,200,70,200,36.0
2026-04-18 12:22:40 PM,KXATPMATCH-26APR19RUBFIL-FIL,6,316,5,494,4,623,3,540,2,1700,66,120,67,700,68,200,69,320,70,200,36.0
2026-04-18 12:22:40 PM,KXATPMATCH-26APR19RUBFIL-FIL,6,316,5,494,4,623,3,540,2,1700,67,700,68,200,69,320,70,200,72,200,36.5
2026-04-18 12:22:40 PM,KXATPMATCH-26APR19RUBFIL-FIL,6,316,5,494,4,623,3,540,2,1700,67,700,68,200,69,320,70,320,72,200,36.5
2026-04-18 12:22:40 PM,KXATPMATCH-26APR19RUBFIL-FIL,6,316,5,494,4,623,3,540,2,1700,67,500,68,200,69,320,70,320,72,200,36.5
2026-04-18 12:22:40 PM,KXATPMATCH-26APR19RUBFIL-FIL,6,316,5,494,4,623,3,540,2,1700,67,500,68,200,69,320,70,320,71,200,36.5
2026-04-18 12:22:41 PM,KXATPMATCH-26APR19RUBFIL-FIL,6,316,5,494,4,623,3,540,2,1700,67,500,69,320,70,320,71,200,72,200,36.5
2026-04-18 12:22:41 PM,KXATPMATCH-26APR19RUBFIL-FIL,6,316,5,494,4,623,3,540,2,1700,67,500,69,320,70,320,71,200,72,400,36.5
2026-04-18 12:22:41 PM,KXATPMATCH-26APR19RUBFIL-FIL,6,316,5,494,4,623,3,540,2,1700,67,500,69,120,70,320,71,200,72,400,36.5
2026-04-18 12:22:41 PM,KXATPMATCH-26APR19RUBFIL-FIL,6,316,5,494,4,623,3,540,2,1700,67,500,69,120,70,120,71,200,72,400,36.5
2026-04-18 12:22:42 PM,KXATPMATCH-26APR19RUBFIL-FIL,6,316,5,494,4,623,3,540,2,1700,67,500,69,120,70,120,71,200,72,200,36.5
2026-04-18 12:23:08 PM,KXATPMATCH-26APR19RUBFIL-FIL,6,316,5,494,4,623,3,540,2,1700,69,120,70,120,71,200,72,200,73,200,37.5
2026-04-18 12:23:08 PM,KXATPMATCH-26APR19RUBFIL-FIL,6,316,5,494,4,623,3,540,2,1700,68,500,69,120,70,120,71,200,72,200,37.0
2026-04-18 12:34:15 PM,KXATPMATCH-26APR19RUBFIL-FIL,6,316,5,494,4,623,3,540,2,1700,67,800,68,500,69,120,70,120,71,200,36.5
2026-04-18 12:35:30 PM,KXATPMATCH-26APR19RUBFIL-FIL,6,316,5,494,4,623,3,540,2,1700,67,1000,68,500,69,120,70,120,71,200,36.5
2026-04-18 12:36:20 PM,KXATPMATCH-26APR19RUBFIL-FIL,6,316,5,494,4,623,3,540,2,1700,67,986,68,500,69,120,70,120,71,200,36.5
2026-04-18 12:36:54 PM,KXATPMATCH-26APR19RUBFIL-FIL,7,500,6,316,5,494,4,623,3,540,67,986,68,500,69,120,70,120,71,200,37.0
2026-04-18 12:38:39 PM,KXATPMATCH-26APR19RUBFIL-FIL,50,2000,7,500,6,316,5,494,4,623,67,986,68,500,69,120,70,120,71,200,58.5
2026-04-18 12:38:50 PM,KXATPMATCH-26APR19RUBFIL-FIL,50,2000,7,500,6,316,5,494,4,623,67,984,68,500,69,120,70,120,71,200,58.5
2026-04-18 12:38:52 PM,KXATPMATCH-26APR19RUBFIL-FIL,50,2000,7,500,6,316,5,494,4,623,67,980,68,500,69,120,70,120,71,200,58.5
2026-04-18 12:39:24 PM,KXATPMATCH-26APR19RUBFIL-FIL,50,2000,6,316,5,494,4,623,3,540,67,980,68,500,69,120,70,120,71,200,58.5
2026-04-18 12:39:44 PM,KXATPMATCH-26APR19RUBFIL-FIL,51,500,50,2000,6,316,5,494,4,623,67,980,68,500,69,120,70,120,71,200,59.0
2026-04-18 12:42:22 PM,KXATPMATCH-26APR19RUBFIL-FIL,51,500,50,2000,6,316,5,494,4,623,67,967,68,500,69,120,70,120,71,200,59.0
2026-04-18 12:42:23 PM,KXATPMATCH-26APR19RUBFIL-FIL,51,500,50,2000,8,10,6,316,5,494,67,967,68,500,69,120,70,120,71,200,59.0
2026-04-18 12:42:29 PM,KXATPMATCH-26APR19RUBFIL-FIL,51,500,50,2000,8,10,6,316,5,494,67,957,68,500,69,120,70,120,71,200,59.0
2026-04-18 12:42:44 PM,KXATPMATCH-26APR19RUBFIL-FIL,51,500,50,2000,41,10,8,10,6,316,67,957,68,500,69,120,70,120,71,200,59.0
2026-04-18 12:42:54 PM,KXATPMATCH-26APR19RUBFIL-FIL,58,500,51,500,50,2000,41,10,8,10,67,957,68,500,69,120,70,120,71,200,62.5
2026-04-18 12:43:11 PM,KXATPMATCH-26APR19RUBFIL-FIL,58,500,50,2000,41,10,8,10,6,316,67,957,68,500,69,120,70,120,71,200,62.5
2026-04-18 12:43:39 PM,KXATPMATCH-26APR19RUBFIL-FIL,58,500,50,2000,41,10,9,1,8,10,67,957,68,500,69,120,70,120,71,200,62.5
2026-04-18 12:45:11 PM,KXATPMATCH-26APR19RUBFIL-FIL,58,500,50,2000,41,10,9,1,8,10,67,947,68,500,69,120,70,120,71,200,62.5
2026-04-18 12:51:08 PM,KXATPMATCH-26APR19RUBFIL-FIL,58,500,50,2000,41,10,9,1,8,10,67,647,68,500,69,120,70,120,71,200,62.5
2026-04-18 12:51:52 PM,KXATPMATCH-26APR19RUBFIL-FIL,58,500,50,2000,41,10,9,1,8,10,67,611,68,500,69,120,70,120,71,200,62.5
2026-04-18 12:52:16 PM,KXATPMATCH-26APR19RUBFIL-FIL,58,500,51,200,50,2000,41,10,9,1,67,611,68,500,69,120,70,120,71,200,62.5
2026-04-18 12:52:23 PM,KXATPMATCH-26APR19RUBFIL-FIL,58,500,52,60,51,200,50,2000,41,10,67,611,68,500,69,120,70,120,71,200,62.5
2026-04-18 12:52:25 PM,KXATPMATCH-26APR19RUBFIL-FIL,58,500,52,120,51,200,50,2000,41,10,67,611,68,500,69,120,70,120,71,200,62.5
2026-04-18 12:52:52 PM,KXATPMATCH-26APR19RUBFIL-FIL,58,639,52,120,51,200,50,2000,41,10,67,611,68,500,69,120,70,120,71,200,62.5
2026-04-18 12:52:52 PM,KXATPMATCH-26APR19RUBFIL-FIL,58,639,52,120,51,200,50,2000,41,10,67,611,68,500,69,120,70,120,71,479,62.5
2026-04-18 12:54:53 PM,KXATPMATCH-26APR19RUBFIL-FIL,58,639,52,120,51,200,50,2000,41,10,67,2,68,500,69,120,70,120,71,479,62.5
2026-04-18 12:54:53 PM,KXATPMATCH-26APR19RUBFIL-FIL,58,674,52,120,51,200,50,2000,41,10,67,2,68,500,69,120,70,120,71,479,62.5
2026-04-18 12:54:53 PM,KXATPMATCH-26APR19RUBFIL-FIL,58,674,52,120,51,200,50,2000,41,10,67,15,68,500,69,120,70,120,71,479,62.5
2026-04-18 12:55:09 PM,KXATPMATCH-26APR19RUBFIL-FIL,58,674,52,120,51,200,50,2000,41,10,67,2,68,500,69,120,70,120,71,479,62.5
2026-04-18 12:55:09 PM,KXATPMATCH-26APR19RUBFIL-FIL,58,674,52,120,51,200,50,2000,41,10,67,15,68,500,69,120,70,120,71,479,62.5
2026-04-18 12:55:09 PM,KXATPMATCH-26APR19RUBFIL-FIL,58,674,52,120,51,200,50,2000,41,10,67,9,68,500,69,120,70,120,71,479,62.5
2026-04-18 12:55:10 PM,KXATPMATCH-26APR19RUBFIL-FIL,58,674,52,120,51,200,50,2000,41,10,67,2,68,500,69,120,70,120,71,479,62.5
2026-04-18 12:55:10 PM,KXATPMATCH-26APR19RUBFIL-FIL,58,674,52,120,51,200,50,2000,41,10,67,9,68,500,69,120,70,120,71,479,62.5
2026-04-18 12:55:10 PM,KXATPMATCH-26APR19RUBFIL-FIL,58,674,52,120,51,200,50,2000,41,10,67,6,68,500,69,120,70,120,71,479,62.5
2026-04-18 12:55:19 PM,KXATPMATCH-26APR19RUBFIL-FIL,58,674,52,120,51,200,50,2000,41,10,67,2,68,500,69,120,70,120,71,479,62.5
2026-04-18 12:55:19 PM,KXATPMATCH-26APR19RUBFIL-FIL,58,674,52,120,51,200,50,2000,41,10,67,6,68,500,69,120,70,120,71,479,62.5
2026-04-18 12:55:20 PM,KXATPMATCH-26APR19RUBFIL-FIL,58,639,52,120,51,200,50,2000,41,10,67,6,68,500,69,120,70,120,71,479,62.5
2026-04-18 12:55:20 PM,KXATPMATCH-26APR19RUBFIL-FIL,58,639,52,120,51,200,50,2000,41,10,67,4,68,500,69,120,70,120,71,479,62.5
2026-04-18 12:55:21 PM,KXATPMATCH-26APR19RUBFIL-FIL,58,639,52,120,51,200,50,2000,41,10,67,29,68,500,69,120,70,120,71,479,62.5
2026-04-18 12:55:21 PM,KXATPMATCH-26APR19RUBFIL-FIL,58,639,52,120,51,200,50,2000,41,10,67,64,68,500,69,120,70,120,71,479,62.5
2026-04-18 12:55:21 PM,KXATPMATCH-26APR19RUBFIL-FIL,58,639,54,35,52,120,51,200,50,2000,67,64,68,500,69,120,70,120,71,479,62.5
2026-04-18 12:55:22 PM,KXATPMATCH-26APR19RUBFIL-FIL,58,639,54,35,52,120,51,200,50,2000,67,62,68,500,69,120,70,120,71,479,62.5
2026-04-18 12:55:22 PM,KXATPMATCH-26APR19RUBFIL-FIL,58,639,54,35,52,120,51,200,50,2000,67,37,68,500,69,120,70,120,71,479,62.5
2026-04-18 12:55:22 PM,KXATPMATCH-26APR19RUBFIL-FIL,58,639,54,35,52,120,51,200,50,2000,67,2,68,500,69,120,70,120,71,479,62.5
2026-04-18 12:55:22 PM,KXATPMATCH-26APR19RUBFIL-FIL,58,639,54,35,52,120,51,200,50,2000,67,4,68,500,69,120,70,120,71,479,62.5
2026-04-18 12:55:22 PM,KXATPMATCH-26APR19RUBFIL-FIL,58,639,54,35,52,120,51,200,50,2000,67,3,68,500,69,120,70,120,71,479,62.5
2026-04-18 12:55:28 PM,KXATPMATCH-26APR19RUBFIL-FIL,58,639,54,35,52,120,51,200,50,2000,67,2,68,500,69,120,70,120,71,479,62.5
2026-04-18 12:55:28 PM,KXATPMATCH-26APR19RUBFIL-FIL,58,639,54,35,52,120,51,200,50,2000,67,3,68,500,69,120,70,120,71,479,62.5
2026-04-18 12:55:34 PM,KXATPMATCH-26APR19RUBFIL-FIL,58,639,54,35,52,120,51,200,50,2000,67,2,68,500,69,120,70,120,71,479,62.5
2026-04-18 12:55:43 PM,KXATPMATCH-26APR19RUBFIL-FIL,58,639,54,35,52,120,51,200,50,2000,67,2,69,120,70,120,71,479,72,200,62.5
2026-04-18 12:55:43 PM,KXATPMATCH-26APR19RUBFIL-FIL,58,639,54,35,52,120,51,200,50,2000,67,2,69,620,70,120,71,479,72,200,62.5
2026-04-18 12:56:02 PM,KXATPMATCH-26APR19RUBFIL-FIL,62,8,58,639,54,35,52,120,51,200,67,2,69,620,70,120,71,479,72,200,64.5
2026-04-18 12:56:02 PM,KXATPMATCH-26APR19RUBFIL-FIL,62,8,58,639,52,120,51,200,50,2000,67,2,69,620,70,120,71,479,72,200,64.5
2026-04-18 12:56:02 PM,KXATPMATCH-26APR19RUBFIL-FIL,62,8,59,35,58,639,52,120,51,200,67,2,69,620,70,120,71,479,72,200,64.5
2026-04-18 12:56:19 PM,KXATPMATCH-26APR19RUBFIL-FIL,62,8,59,35,58,639,52,120,51,200,67,2,69,500,70,120,71,479,72,200,64.5
2026-04-18 12:56:19 PM,KXATPMATCH-26APR19RUBFIL-FIL,62,8,59,35,58,639,52,120,51,200,67,2,69,268,70,120,71,479,72,200,64.5
2026-04-18 12:56:24 PM,KXATPMATCH-26APR19RUBFIL-FIL,62,8,59,35,58,639,52,120,51,200,67,2,70,120,71,479,72,200,73,200,64.5
2026-04-18 12:56:24 PM,KXATPMATCH-26APR19RUBFIL-FIL,62,8,59,35,58,639,52,120,51,200,67,2,70,268,71,479,72,200,73,200,64.5
2026-04-18 12:56:24 PM,KXATPMATCH-26APR19RUBFIL-FIL,62,8,59,35,58,639,52,120,51,200,67,2,70,120,71,479,72,200,73,200,64.5
2026-04-18 12:56:25 PM,KXATPMATCH-26APR19RUBFIL-FIL,62,8,59,35,58,639,52,120,51,200,67,2,70,268,71,479,72,200,73,200,64.5
2026-04-18 12:56:25 PM,KXATPMATCH-26APR19RUBFIL-FIL,62,8,59,35,58,639,52,120,51,200,67,2,70,120,71,479,72,200,73,200,64.5
2026-04-18 12:56:25 PM,KXATPMATCH-26APR19RUBFIL-FIL,62,8,59,35,58,639,52,120,51,200,67,2,70,155,71,479,72,200,73,200,64.5
2026-04-18 12:56:25 PM,KXATPMATCH-26APR19RUBFIL-FIL,62,8,59,35,58,639,52,120,51,200,67,2,70,305,71,479,72,200,73,200,64.5
2026-04-18 12:56:25 PM,KXATPMATCH-26APR19RUBFIL-FIL,62,8,59,35,58,639,52,120,50,2000,67,2,70,305,71,479,72,200,73,200,64.5
2026-04-18 12:56:25 PM,KXATPMATCH-26APR19RUBFIL-FIL,62,8,60,135,59,35,58,639,52,120,67,2,70,305,71,479,72,200,73,200,64.5
2026-04-18 12:56:25 PM,KXATPMATCH-26APR19RUBFIL-FIL,62,8,60,135,59,35,58,639,52,120,67,2,70,211,71,479,72,200,73,200,64.5
2026-04-18 12:56:25 PM,KXATPMATCH-26APR19RUBFIL-FIL,62,8,60,38,59,35,58,639,52,120,67,2,70,211,71,479,72,200,73,200,64.5
2026-04-18 12:56:25 PM,KXATPMATCH-26APR19RUBFIL-FIL,62,8,60,38,58,639,52,120,50,2000,67,2,70,211,71,479,72,200,73,200,64.5
2026-04-18 12:56:25 PM,KXATPMATCH-26APR19RUBFIL-FIL,62,8,60,38,58,639,52,120,50,2000,67,2,70,364,71,479,72,200,73,200,64.5
2026-04-18 12:56:25 PM,KXATPMATCH-26APR19RUBFIL-FIL,62,8,58,639,52,120,50,2000,41,10,67,2,70,364,71,479,72,200,73,200,64.5
2026-04-18 12:56:25 PM,KXATPMATCH-26APR19RUBFIL-FIL,62,8,58,639,52,120,50,2000,41,10,67,2,70,349,71,479,72,200,73,200,64.5
2026-04-18 12:56:26 PM,KXATPMATCH-26APR19RUBFIL-FIL,62,8,58,639,52,120,50,2000,41,10,67,2,70,293,71,479,72,200,73,200,64.5
2026-04-18 12:56:26 PM,KXATPMATCH-26APR19RUBFIL-FIL,62,8,58,639,52,120,50,2000,41,10,67,2,70,260,71,479,72,200,73,200,64.5
2026-04-18 12:56:26 PM,KXATPMATCH-26APR19RUBFIL-FIL,62,8,59,106,58,639,52,120,50,2000,67,2,70,260,71,479,72,200,73,200,64.5
2026-04-18 12:56:26 PM,KXATPMATCH-26APR19RUBFIL-FIL,62,8,59,60,58,639,52,120,50,2000,67,2,70,260,71,479,72,200,73,200,64.5
2026-04-18 12:56:37 PM,KXATPMATCH-26APR19RUBFIL-FIL,62,8,59,60,58,639,52,120,50,2000,67,2,70,300,71,479,72,200,73,200,64.5
2026-04-18 12:56:40 PM,KXATPMATCH-26APR19RUBFIL-FIL,62,8,59,60,58,639,52,120,50,2000,67,2,69,500,70,300,71,479,72,200,64.5
2026-04-18 12:56:41 PM,KXATPMATCH-26APR19RUBFIL-FIL,62,8,59,60,58,639,52,120,50,2000,67,2,69,500,70,195,71,479,72,200,64.5
2026-04-18 12:56:46 PM,KXATPMATCH-26APR19RUBFIL-FIL,62,8,59,60,58,639,52,120,50,2000,67,2,69,500,70,155,71,479,72,200,64.5
2026-04-18 12:56:46 PM,KXATPMATCH-26APR19RUBFIL-FIL,62,8,59,60,58,639,52,120,50,2000,67,2,69,540,70,155,71,479,72,200,64.5
2026-04-18 12:57:01 PM,KXATPMATCH-26APR19RUBFIL-FIL,62,8,59,60,58,639,52,120,50,2000,67,2,69,40,70,155,71,479,72,200,64.5
2026-04-18 12:57:01 PM,KXATPMATCH-26APR19RUBFIL-FIL,62,8,59,60,58,639,52,120,50,2000,67,2,70,155,71,479,72,200,73,200,64.5
2026-04-18 12:57:11 PM,KXATPMATCH-26APR19RUBFIL-FIL,62,8,59,60,58,639,52,120,50,2000,67,2,70,655,71,479,72,200,73,200,64.5
2026-04-18 12:57:18 PM,KXATPMATCH-26APR19RUBFIL-FIL,63,1000,62,8,59,60,58,639,52,120,67,2,70,655,71,479,72,200,73,200,65.0
2026-04-18 12:57:19 PM,KXATPMATCH-26APR19RUBFIL-FIL,63,1000,62,8,58,639,52,120,50,2000,67,2,70,655,71,479,72,200,73,200,65.0
2026-04-18 12:57:41 PM,KXATPMATCH-26APR19RUBFIL-FIL,63,1000,62,8,58,639,52,120,50,2000,67,2,70,535,71,479,72,200,73,200,65.0
2026-04-18 12:57:41 PM,KXATPMATCH-26APR19RUBFIL-FIL,63,1000,62,8,58,639,52,120,50,2000,67,2,70,500,71,479,72,200,73,200,65.0
2026-04-18 12:57:41 PM,KXATPMATCH-26APR19RUBFIL-FIL,63,1000,62,8,58,639,52,120,50,2000,67,2,71,479,72,200,73,200,74,200,65.0
2026-04-18 12:57:48 PM,KXATPMATCH-26APR19RUBFIL-FIL,63,1500,62,8,58,639,52,120,50,2000,67,2,71,479,72,200,73,200,74,200,65.0
2026-04-18 12:57:48 PM,KXATPMATCH-26APR19RUBFIL-FIL,63,1500,62,8,59,35,58,639,52,120,67,2,71,479,72,200,73,200,74,200,65.0
2026-04-18 12:57:59 PM,KXATPMATCH-26APR19RUBFIL-FIL,63,1500,62,8,59,35,58,639,52,120,67,2,71,979,72,200,73,200,74,200,65.0
2026-04-18 12:58:20 PM,KXATPMATCH-26APR19RUBFIL-FIL,63,1500,62,8,59,35,58,639,52,120,67,2,71,779,72,200,73,200,74,200,65.0
2026-04-18 12:58:20 PM,KXATPMATCH-26APR19RUBFIL-FIL,63,1500,62,8,59,35,58,639,52,120,67,2,71,500,72,200,73,200,74,200,65.0
2026-04-18 12:58:20 PM,KXATPMATCH-26APR19RUBFIL-FIL,63,1500,62,8,59,35,58,639,52,120,67,2,72,200,73,200,74,200,76,200,65.0
2026-04-18 12:58:32 PM,KXATPMATCH-26APR19RUBFIL-FIL,63,1500,62,8,59,35,58,639,52,120,67,2,72,700,73,200,74,200,76,200,65.0
2026-04-18 12:58:38 PM,KXATPMATCH-26APR19RUBFIL-FIL,63,1000,62,8,59,35,58,639,52,120,67,2,72,700,73,200,74,200,76,200,65.0
2026-04-18 12:58:38 PM,KXATPMATCH-26APR19RUBFIL-FIL,63,1000,62,8,59,35,58,639,52,120,67,2,71,279,72,700,73,200,74,200,65.0
2026-04-18 12:58:45 PM,KXATPMATCH-26APR19RUBFIL-FIL,63,1000,62,8,59,35,58,639,52,120,67,2,72,700,73,200,74,200,76,200,65.0
2026-04-18 12:59:04 PM,KXATPMATCH-26APR19RUBFIL-FIL,63,1000,62,8,59,35,58,639,52,120,67,2,72,565,73,200,74,200,76,200,65.0
2026-04-18 12:59:06 PM,KXATPMATCH-26APR19RUBFIL-FIL,63,1000,62,8,59,35,58,639,52,120,67,2,72,500,73,200,74,200,76,200,65.0
2026-04-18 12:59:06 PM,KXATPMATCH-26APR19RUBFIL-FIL,63,1000,62,8,59,35,58,639,52,120,67,2,72,365,73,200,74,200,76,200,65.0
2026-04-18 12:59:08 PM,KXATPMATCH-26APR19RUBFIL-FIL,63,1000,62,8,59,35,58,639,52,120,67,2,71,279,72,365,73,200,74,200,65.0
2026-04-18 12:59:08 PM,KXATPMATCH-26APR19RUBFIL-FIL,63,1000,62,8,59,35,58,639,52,120,67,2,71,279,72,365,74,200,76,200,65.0
2026-04-18 12:59:08 PM,KXATPMATCH-26APR19RUBFIL-FIL,63,1000,62,8,59,35,58,639,52,120,67,2,71,279,72,365,74,235,76,200,65.0
2026-04-18 12:59:08 PM,KXATPMATCH-26APR19RUBFIL-FIL,63,1000,62,8,59,35,58,639,52,120,67,2,71,279,72,365,74,235,75,200,65.0
2026-04-18 12:59:09 PM,KXATPMATCH-26APR19RUBFIL-FIL,63,1000,62,8,59,35,58,639,52,120,67,2,71,279,72,365,74,35,75,200,65.0
2026-04-18 12:59:19 PM,KXATPMATCH-26APR19RUBFIL-FIL,63,1000,62,8,59,35,58,639,57,142,67,2,71,279,72,365,74,35,75,200,65.0
2026-04-18 12:59:19 PM,KXATPMATCH-26APR19RUBFIL-FIL,63,1000,62,8,59,35,58,500,57,142,67,2,71,279,72,365,74,35,75,200,65.0
2026-04-18 12:59:20 PM,KXATPMATCH-26APR19RUBFIL-FIL,63,1000,62,8,59,35,58,500,57,142,67,2,70,270,71,279,72,365,74,35,65.0
2026-04-18 12:59:20 PM,KXATPMATCH-26APR19RUBFIL-FIL,63,1000,62,8,59,35,58,500,57,142,67,2,70,270,72,365,74,35,75,200,65.0
2026-04-18 12:59:21 PM,KXATPMATCH-26APR19RUBFIL-FIL,63,1000,62,8,59,35,58,500,57,142,67,2,70,270,74,35,75,200,76,200,65.0
2026-04-18 12:59:21 PM,KXATPMATCH-26APR19RUBFIL-FIL,63,1000,62,8,59,35,58,500,57,142,67,2,70,270,73,500,74,35,75,200,65.0
2026-04-18 12:59:21 PM,KXATPMATCH-26APR19RUBFIL-FIL,63,1000,62,8,59,35,58,500,57,142,67,2,70,270,73,500,75,200,76,200,65.0
2026-04-18 12:59:21 PM,KXATPMATCH-26APR19RUBFIL-FIL,63,1000,62,8,59,35,58,500,57,142,67,2,70,270,72,35,73,500,75,200,65.0
2026-04-18 12:59:23 PM,KXATPMATCH-26APR19RUBFIL-FIL,64,3,63,1000,62,8,59,35,58,500,67,2,70,270,72,35,73,500,75,200,65.5
2026-04-18 12:59:23 PM,KXATPMATCH-26APR19RUBFIL-FIL,64,3,63,1000,62,8,58,500,57,142,67,2,70,270,72,35,73,500,75,200,65.5
2026-04-18 12:59:25 PM,KXATPMATCH-26APR19RUBFIL-FIL,64,3,63,1000,62,8,58,500,57,142,67,2,70,270,72,35,75,200,76,200,65.5
2026-04-18 12:59:25 PM,KXATPMATCH-26APR19RUBFIL-FIL,64,3,63,1000,62,8,58,500,57,142,67,2,70,270,72,35,74,500,75,200,65.5
2026-04-18 12:59:25 PM,KXATPMATCH-26APR19RUBFIL-FIL,64,3,63,1000,62,8,58,500,57,142,67,2,70,270,74,500,75,200,76,200,65.5
2026-04-18 12:59:25 PM,KXATPMATCH-26APR19RUBFIL-FIL,64,3,63,1000,62,8,58,500,57,142,67,2,70,270,73,35,74,500,75,200,65.5
2026-04-18 12:59:29 PM,KXATPMATCH-26APR19RUBFIL-FIL,64,3,62,8,58,500,57,142,52,120,67,2,70,270,73,35,74,500,75,200,65.5
2026-04-18 12:59:29 PM,KXATPMATCH-26APR19RUBFIL-FIL,65,1000,64,3,62,8,58,500,57,142,67,2,70,270,73,35,74,500,75,200,66.0
2026-04-18 12:59:29 PM,KXATPMATCH-26APR19RUBFIL-FIL,65,1000,64,3,62,8,59,60,58,500,67,2,70,270,73,35,74,500,75,200,66.0
2026-04-18 01:00:06 PM,KXATPMATCH-26APR19RUBFIL-FIL,65,1000,64,3,62,8,59,60,58,500,67,2,70,265,73,35,74,500,75,200,66.0
2026-04-18 01:00:06 PM,KXATPMATCH-26APR19RUBFIL-FIL,65,1000,64,3,62,8,59,60,58,500,67,2,70,265,74,500,75,200,76,200,66.0
2026-04-18 01:00:06 PM,KXATPMATCH-26APR19RUBFIL-FIL,65,1000,64,3,63,100,62,8,59,60,67,2,70,265,74,500,75,200,76,200,66.0
2026-04-18 01:00:06 PM,KXATPMATCH-26APR19RUBFIL-FIL,65,1000,64,3,62,8,59,60,58,500,67,2,70,265,74,500,75,200,76,200,66.0
2026-04-18 01:00:06 PM,KXATPMATCH-26APR19RUBFIL-FIL,65,1000,64,3,62,8,59,60,58,500,67,2,70,265,71,500,74,500,75,200,66.0
2026-04-18 01:00:10 PM,KXATPMATCH-26APR19RUBFIL-FIL,65,1000,64,3,62,8,59,60,57,142,67,2,70,265,71,500,74,500,75,200,66.0
2026-04-18 01:00:13 PM,KXATPMATCH-26APR19RUBFIL-FIL,65,1000,64,3,62,8,59,60,57,642,67,2,70,265,71,500,74,500,75,200,66.0
2026-04-18 01:00:31 PM,KXATPMATCH-26APR19RUBFIL-FIL,65,1000,64,3,62,8,59,60,57,642,67,2,69,500,70,265,71,500,74,500,66.0
2026-04-18 01:00:31 PM,KXATPMATCH-26APR19RUBFIL-FIL,65,1000,64,3,62,8,59,60,57,642,67,2,69,500,70,265,74,500,75,200,66.0
2026-04-18 01:00:31 PM,KXATPMATCH-26APR19RUBFIL-FIL,65,1000,64,3,62,8,59,60,57,642,67,2,69,1000,70,265,74,500,75,200,66.0
2026-04-18 01:00:31 PM,KXATPMATCH-26APR19RUBFIL-FIL,65,1000,64,3,62,8,59,60,57,642,67,2,69,1000,70,265,73,35,74,500,66.0
2026-04-18 01:01:07 PM,KXATPMATCH-26APR19RUBFIL-FIL,65,1000,64,3,62,8,59,60,57,642,67,2,68,1560,69,1000,70,265,73,35,66.0
2026-04-18 01:01:07 PM,KXATPMATCH-26APR19RUBFIL-FIL,65,1000,64,3,62,8,59,60,57,642,67,2,68,1560,69,1000,70,265,74,500,66.0
2026-04-18 01:01:27 PM,KXATPMATCH-26APR19RUBFIL-FIL,65,1000,64,3,62,8,59,60,57,642,67,2,68,1560,69,500,70,265,74,500,66.0
2026-04-18 01:01:27 PM,KXATPMATCH-26APR19RUBFIL-FIL,65,1000,64,3,62,8,59,60,57,642,67,2,68,1560,69,500,70,265,73,2000,66.0
2026-04-18 01:01:33 PM,KXATPMATCH-26APR19RUBFIL-FIL,65,1000,64,3,62,8,59,60,57,142,67,2,68,1560,69,500,70,265,73,2000,66.0
2026-04-18 01:01:33 PM,KXATPMATCH-26APR19RUBFIL-FIL,65,1000,64,3,62,8,57,142,50,2000,67,2,68,1560,69,500,70,265,73,2000,66.0
2026-04-18 01:01:33 PM,KXATPMATCH-26APR19RUBFIL-FIL,65,1000,64,3,62,8,57,142,55,60,67,2,68,1560,69,500,70,265,73,2000,66.0
2026-04-18 01:01:54 PM,KXATPMATCH-26APR19RUBFIL-FIL,65,1000,64,3,62,8,57,142,55,60,67,2,68,1560,69,500,70,265,72,500,66.0
2026-04-18 01:02:01 PM,KXATPMATCH-26APR19RUBFIL-FIL,65,1000,64,103,62,8,57,142,55,60,67,2,68,1560,69,500,70,265,72,500,66.0
2026-04-18 01:02:01 PM,KXATPMATCH-26APR19RUBFIL-FIL,64,103,62,8,57,142,55,60,50,2000,67,2,68,1560,69,500,70,265,72,500,65.5
2026-04-18 01:02:01 PM,KXATPMATCH-26APR19RUBFIL-FIL,64,103,62,8,58,1000,57,142,55,60,67,2,68,1560,69,500,70,265,72,500,65.5
2026-04-18 01:02:01 PM,KXATPMATCH-26APR19RUBFIL-FIL,64,3,62,8,58,1000,57,142,55,60,67,2,68,1560,69,500,70,265,72,500,65.5
2026-04-18 01:02:01 PM,KXATPMATCH-26APR19RUBFIL-FIL,64,3,62,8,58,1000,57,242,55,60,67,2,68,1560,69,500,70,265,72,500,65.5
2026-04-18 01:02:01 PM,KXATPMATCH-26APR19RUBFIL-FIL,64,3,62,8,59,95,58,1000,57,242,67,2,68,1560,69,500,70,265,72,500,65.5
2026-04-18 01:02:01 PM,KXATPMATCH-26APR19RUBFIL-FIL,64,3,62,8,59,95,58,1000,57,142,67,2,68,1560,69,500,70,265,72,500,65.5
2026-04-18 01:02:01 PM,KXATPMATCH-26APR19RUBFIL-FIL,64,3,62,8,59,95,58,1000,57,142,67,2,68,1560,69,500,70,265,71,35,65.5
2026-04-18 01:02:26 PM,KXATPMATCH-26APR19RUBFIL-FIL,64,3,62,8,59,195,58,1000,57,142,67,2,68,1560,69,500,70,265,71,35,65.5
2026-04-18 01:02:29 PM,KXATPMATCH-26APR19RUBFIL-FIL,64,3,62,8,59,195,58,1000,55,60,67,2,68,1560,69,500,70,265,71,35,65.5
2026-04-18 01:02:29 PM,KXATPMATCH-26APR19RUBFIL-FIL,64,3,62,8,59,195,58,1139,55,60,67,2,68,1560,69,500,70,265,71,35,65.5
2026-04-18 01:02:29 PM,KXATPMATCH-26APR19RUBFIL-FIL,64,3,62,8,59,195,58,1139,55,60,67,2,68,1560,69,500,70,265,71,314,65.5
2026-04-18 01:02:30 PM,KXATPMATCH-26APR19RUBFIL-FIL,64,3,62,8,59,195,58,1139,55,60,67,2,68,1560,69,500,71,314,72,500,65.5
2026-04-18 01:02:35 PM,KXATPMATCH-26APR19RUBFIL-FIL,64,3,59,195,58,1139,55,60,50,2000,67,2,68,1560,69,500,71,314,72,500,65.5
2026-04-18 01:02:35 PM,KXATPMATCH-26APR19RUBFIL-FIL,64,3,60,35,59,195,58,1139,55,60,67,2,68,1560,69,500,71,314,72,500,65.5
2026-04-18 01:02:41 PM,KXATPMATCH-26APR19RUBFIL-FIL,64,10,60,35,59,195,58,1139,55,60,67,2,68,1560,69,500,71,314,72,500,65.5
2026-04-18 01:02:43 PM,KXATPMATCH-26APR19RUBFIL-FIL,64,7,60,35,59,195,58,1139,55,60,67,2,68,1560,69,500,71,314,72,500,65.5
2026-04-18 01:03:26 PM,KXATPMATCH-26APR19RUBFIL-FIL,64,7,60,35,59,195,58,1139,55,60,67,2,69,500,71,314,72,500,73,2000,65.5
2026-04-18 01:03:26 PM,KXATPMATCH-26APR19RUBFIL-FIL,64,7,60,35,59,195,58,1139,55,60,67,2,71,314,72,500,73,2000,75,200,65.5
2026-04-18 01:03:26 PM,KXATPMATCH-26APR19RUBFIL-FIL,64,7,60,35,59,195,58,1139,55,60,67,2,71,814,72,500,73,2000,75,200,65.5
2026-04-18 01:03:26 PM,KXATPMATCH-26APR19RUBFIL-FIL,64,7,60,35,59,195,58,1139,55,60,67,2,71,948,72,500,73,2000,75,200,65.5
2026-04-18 01:04:19 PM,KXATPMATCH-26APR19RUBFIL-FIL,64,7,60,35,59,195,58,1139,55,60,67,2,71,948,73,2000,75,200,76,200,65.5
2026-04-18 01:04:19 PM,KXATPMATCH-26APR19RUBFIL-FIL,64,7,60,35,59,195,58,1139,55,60,67,2,71,948,73,2000,74,500,75,200,65.5
2026-04-18 01:04:25 PM,KXATPMATCH-26APR19RUBFIL-FIL,64,7,60,35,59,195,58,139,55,60,67,2,71,948,73,2000,74,500,75,200,65.5
2026-04-18 01:04:25 PM,KXATPMATCH-26APR19RUBFIL-FIL,64,7,61,1000,60,35,59,195,58,139,67,2,71,948,73,2000,74,500,75,200,65.5
2026-04-18 01:04:25 PM,KXATPMATCH-26APR19RUBFIL-FIL,64,7,61,1000,59,195,58,139,55,60,67,2,71,948,73,2000,74,500,75,200,65.5
2026-04-18 01:04:25 PM,KXATPMATCH-26APR19RUBFIL-FIL,64,7,61,1000,59,100,58,139,55,60,67,2,71,948,73,2000,74,500,75,200,65.5
2026-04-18 01:04:29 PM,KXATPMATCH-26APR19RUBFIL-FIL,64,7,59,100,58,139,55,60,50,2000,67,2,71,948,73,2000,74,500,75,200,65.5
2026-04-18 01:04:29 PM,KXATPMATCH-26APR19RUBFIL-FIL,64,7,60,1000,59,100,58,139,55,60,67,2,71,948,73,2000,74,500,75,200,65.5
2026-04-18 01:04:55 PM,KXATPMATCH-26APR19RUBFIL-FIL,64,7,60,1000,59,100,58,139,55,60,67,2,71,948,73,2000,75,200,76,200,65.5
2026-04-18 01:04:55 PM,KXATPMATCH-26APR19RUBFIL-FIL,64,7,60,1000,59,100,58,139,55,60,67,2,71,948,72,500,73,2000,75,200,65.5
2026-04-18 01:05:29 PM,KXATPMATCH-26APR19RUBFIL-FIL,64,7,60,1000,59,100,58,139,55,60,67,2,71,988,72,500,73,2000,75,200,65.5
2026-04-18 01:07:28 PM,KXATPMATCH-26APR19RUBFIL-FIL,64,7,61,1735,60,1000,59,100,58,139,67,2,71,988,72,500,73,2000,75,200,65.5
2026-04-18 01:07:28 PM,KXATPMATCH-26APR19RUBFIL-FIL,64,7,61,1735,60,1000,59,100,58,139,67,2,70,910,71,988,72,500,73,2000,65.5
2026-04-18 01:07:28 PM,KXATPMATCH-26APR19RUBFIL-FIL,64,7,61,1735,60,1000,59,100,58,139,67,2,70,910,71,854,72,500,73,2000,65.5
2026-04-18 01:07:28 PM,KXATPMATCH-26APR19RUBFIL-FIL,64,7,61,910,60,1000,59,100,58,139,67,2,70,910,71,854,72,500,73,2000,65.5
2026-04-18 01:07:29 PM,KXATPMATCH-26APR19RUBFIL-FIL,64,7,61,910,60,1000,59,100,58,139,67,2,70,910,71,814,72,500,73,2000,65.5
2026-04-18 01:07:29 PM,KXATPMATCH-26APR19RUBFIL-FIL,64,7,61,910,60,1000,59,100,58,139,67,2,70,950,71,814,72,500,73,2000,65.5
2026-04-18 01:08:14 PM,KXATPMATCH-26APR19RUBFIL-FIL,64,7,61,910,60,1000,58,139,50,2000,67,2,70,950,71,814,72,500,73,2000,65.5
2026-04-18 01:08:14 PM,KXATPMATCH-26APR19RUBFIL-FIL,64,7,61,910,60,1000,58,139,50,2000,67,2,70,950,71,314,72,500,73,2000,65.5
2026-04-18 01:08:14 PM,KXATPMATCH-26APR19RUBFIL-FIL,64,7,61,1010,60,1000,58,139,50,2000,67,2,70,950,71,314,72,500,73,2000,65.5
2026-04-18 01:08:14 PM,KXATPMATCH-26APR19RUBFIL-FIL,64,7,61,1010,60,1000,58,139,50,2000,67,2,70,1450,71,314,72,500,73,2000,65.5
2026-04-18 01:08:14 PM,KXATPMATCH-26APR19RUBFIL-FIL,64,7,61,1010,60,1000,58,139,54,60,67,2,70,1450,71,314,72,500,73,2000,65.5
2026-04-18 01:08:14 PM,KXATPMATCH-26APR19RUBFIL-FIL,64,7,61,1010,60,1000,58,139,50,2000,67,2,70,1450,71,314,72,500,73,2000,65.5
2026-04-18 01:08:20 PM,KXATPMATCH-26APR19RUBFIL-FIL,64,7,61,1010,58,139,50,2000,48,10,67,2,70,1450,71,314,72,500,73,2000,65.5
2026-04-18 01:08:20 PM,KXATPMATCH-26APR19RUBFIL-FIL,64,7,62,1000,61,1010,58,139,50,2000,67,2,70,1450,71,314,72,500,73,2000,65.5
2026-04-18 01:08:21 PM,KXATPMATCH-26APR19RUBFIL-FIL,64,7,62,1000,61,910,58,139,50,2000,67,2,70,1450,71,314,72,500,73,2000,65.5
2026-04-18 01:08:21 PM,KXATPMATCH-26APR19RUBFIL-FIL,64,7,62,1000,61,910,58,139,54,60,67,2,70,1450,71,314,72,500,73,2000,65.5
2026-04-18 01:08:21 PM,KXATPMATCH-26APR19RUBFIL-FIL,64,7,62,1100,61,910,58,139,54,60,67,2,70,1450,71,314,72,500,73,2000,65.5
2026-04-18 01:08:22 PM,KXATPMATCH-26APR19RUBFIL-FIL,64,7,63,910,62,1100,61,910,58,139,67,2,70,1450,71,314,72,500,73,2000,65.5
2026-04-18 01:08:22 PM,KXATPMATCH-26APR19RUBFIL-FIL,64,7,63,910,62,1000,61,910,58,139,67,2,70,1450,71,314,72,500,73,2000,65.5
2026-04-18 01:08:22 PM,KXATPMATCH-26APR19RUBFIL-FIL,64,7,63,1010,62,1000,61,910,58,139,67,2,70,1450,71,314,72,500,73,2000,65.5
2026-04-18 01:08:22 PM,KXATPMATCH-26APR19RUBFIL-FIL,64,7,63,1010,62,1000,58,139,50,2000,67,2,70,1450,71,314,72,500,73,2000,65.5
2026-04-18 01:08:22 PM,KXATPMATCH-26APR19RUBFIL-FIL,64,7,63,1010,62,1000,58,139,54,60,67,2,70,1450,71,314,72,500,73,2000,65.5
2026-04-18 01:08:26 PM,KXATPMATCH-26APR19RUBFIL-FIL,64,7,63,1010,58,139,54,60,50,2000,67,2,70,1450,71,314,72,500,73,2000,65.5
2026-04-18 01:08:26 PM,KXATPMATCH-26APR19RUBFIL-FIL,64,7,63,1010,59,1000,58,139,54,60,67,2,70,1450,71,314,72,500,73,2000,65.5
2026-04-18 01:08:40 PM,KXATPMATCH-26APR19RUBFIL-FIL,64,7,63,1010,60,910,59,1000,58,139,67,2,70,1450,71,314,72,500,73,2000,65.5
2026-04-18 01:08:40 PM,KXATPMATCH-26APR19RUBFIL-FIL,64,42,63,1010,60,910,59,1000,58,139,67,2,70,1450,71,314,72,500,73,2000,65.5
2026-04-18 01:08:40 PM,KXATPMATCH-26APR19RUBFIL-FIL,64,42,63,910,60,910,59,1000,58,139,67,2,70,1450,71,314,72,500,73,2000,65.5
2026-04-18 01:08:40 PM,KXATPMATCH-26APR19RUBFIL-FIL,64,142,63,910,60,910,59,1000,58,139,67,2,70,1450,71,314,72,500,73,2000,65.5
2026-04-18 01:08:41 PM,KXATPMATCH-26APR19RUBFIL-FIL,64,142,60,910,59,1000,58,139,54,60,67,2,70,1450,71,314,72,500,73,2000,65.5
2026-04-18 01:08:41 PM,KXATPMATCH-26APR19RUBFIL-FIL,64,142,60,910,59,1000,58,139,50,2000,67,2,70,1450,71,314,72,500,73,2000,65.5
2026-04-18 01:09:04 PM,KXATPMATCH-26APR19RUBFIL-FIL,64,42,60,910,59,1000,58,139,50,2000,67,2,70,1450,71,314,72,500,73,2000,65.5
2026-04-18 01:09:04 PM,KXATPMATCH-26APR19RUBFIL-FIL,64,42,61,100,60,910,59,1000,58,139,67,2,70,1450,71,314,72,500,73,2000,65.5
2026-04-18 01:09:04 PM,KXATPMATCH-26APR19RUBFIL-FIL,64,7,61,100,60,910,59,1000,58,139,67,2,70,1450,71,314,72,500,73,2000,65.5
2026-04-18 01:09:04 PM,KXATPMATCH-26APR19RUBFIL-FIL,64,7,60,910,59,1000,58,139,50,2000,67,2,70,1450,71,314,72,500,73,2000,65.5
2026-04-18 01:09:04 PM,KXATPMATCH-26APR19RUBFIL-FIL,64,7,60,910,59,1000,58,139,54,60,67,2,70,1450,71,314,72,500,73,2000,65.5
2026-04-18 01:09:24 PM,KXATPMATCH-26APR19RUBFIL-FIL,64,7,60,910,59,1000,58,139,54,60,67,2,69,500,70,1450,71,314,72,500,65.5
2026-04-18 01:09:24 PM,KXATPMATCH-26APR19RUBFIL-FIL,64,7,60,910,59,1000,58,139,54,60,67,2,69,500,70,950,71,314,72,500,65.5
2026-04-18 01:09:24 PM,KXATPMATCH-26APR19RUBFIL-FIL,64,7,60,910,59,1000,58,139,54,60,67,2,69,500,70,950,71,279,72,500,65.5
2026-04-18 01:09:24 PM,KXATPMATCH-26APR19RUBFIL-FIL,64,7,60,910,59,1000,58,139,54,60,67,2,69,1000,70,950,71,279,72,500,65.5
2026-04-18 01:09:24 PM,KXATPMATCH-26APR19RUBFIL-FIL,64,7,60,1010,59,1000,58,139,54,60,67,2,69,1000,70,950,71,279,72,500,65.5
2026-04-18 01:09:24 PM,KXATPMATCH-26APR19RUBFIL-FIL,64,7,61,35,60,1010,59,1000,58,139,67,2,69,1000,70,950,71,279,72,500,65.5
2026-04-18 01:09:24 PM,KXATPMATCH-26APR19RUBFIL-FIL,64,7,61,35,60,910,59,1000,58,139,67,2,69,1000,70,950,71,279,72,500,65.5
2026-04-18 01:09:24 PM,KXATPMATCH-26APR19RUBFIL-FIL,64,7,61,135,60,910,59,1000,58,139,67,2,69,1000,70,950,71,279,72,500,65.5
2026-04-18 01:09:24 PM,KXATPMATCH-26APR19RUBFIL-FIL,64,7,61,135,60,910,59,1000,58,139,67,2,69,1035,70,950,71,279,72,500,65.5
2026-04-18 01:09:25 PM,KXATPMATCH-26APR19RUBFIL-FIL,64,7,61,135,60,910,59,1000,58,139,67,2,69,1035,70,910,71,279,72,500,65.5
2026-04-18 01:09:25 PM,KXATPMATCH-26APR19RUBFIL-FIL,64,7,61,135,60,910,59,1000,58,139,67,2,69,1075,70,910,71,279,72,500,65.5
2026-04-18 01:09:25 PM,KXATPMATCH-26APR19RUBFIL-FIL,64,7,61,135,60,910,59,1000,58,139,67,2,68,910,69,1075,70,910,71,279,65.5
2026-04-18 01:09:25 PM,KXATPMATCH-26APR19RUBFIL-FIL,64,7,61,135,60,910,59,1000,58,139,67,2,68,910,69,1040,70,910,71,279,65.5
2026-04-18 01:09:26 PM,KXATPMATCH-26APR19RUBFIL-FIL,64,7,61,135,60,910,59,1000,58,139,67,2,68,910,69,1040,71,279,72,500,65.5
2026-04-18 01:09:27 PM,KXATPMATCH-26APR19RUBFIL-FIL,64,7,61,135,60,910,59,1000,58,139,67,2,68,1278,69,1040,71,279,72,500,65.5
2026-04-18 01:09:27 PM,KXATPMATCH-26APR19RUBFIL-FIL,64,7,62,475,61,135,60,910,59,1000,67,2,68,1278,69,1040,71,279,72,500,65.5
2026-04-18 01:09:27 PM,KXATPMATCH-26APR19RUBFIL-FIL,64,7,63,316,62,475,61,135,60,910,67,2,68,1278,69,1040,71,279,72,500,65.5
2026-04-18 01:09:27 PM,KXATPMATCH-26APR19RUBFIL-FIL,64,7,63,316,62,475,61,100,60,910,67,2,68,1278,69,1040,71,279,72,500,65.5
2026-04-18 01:09:27 PM,KXATPMATCH-26APR19RUBFIL-FIL,64,7,63,316,62,475,60,910,59,1000,67,2,68,1278,69,1040,71,279,72,500,65.5
2026-04-18 01:09:27 PM,KXATPMATCH-26APR19RUBFIL-FIL,64,7,63,316,62,789,60,910,59,1000,67,2,68,1278,69,1040,71,279,72,500,65.5
2026-04-18 01:09:27 PM,KXATPMATCH-26APR19RUBFIL-FIL,64,7,63,416,62,789,60,910,59,1000,67,2,68,1278,69,1040,71,279,72,500,65.5
2026-04-18 01:09:27 PM,KXATPMATCH-26APR19RUBFIL-FIL,64,7,63,416,62,789,60,910,59,1000,67,348,68,1278,69,1040,71,279,72,500,65.5
2026-04-18 01:09:27 PM,KXATPMATCH-26APR19RUBFIL-FIL,64,42,63,416,62,789,60,910,59,1000,67,348,68,1278,69,1040,71,279,72,500,65.5
2026-04-18 01:09:27 PM,KXATPMATCH-26APR19RUBFIL-FIL,64,42,63,416,62,789,60,910,59,1000,67,348,68,1278,69,540,71,279,72,500,65.5
2026-04-18 01:09:27 PM,KXATPMATCH-26APR19RUBFIL-FIL,64,42,63,416,62,789,60,910,59,1000,67,848,68,1278,69,540,71,279,72,500,65.5
2026-04-18 01:09:27 PM,KXATPMATCH-26APR19RUBFIL-FIL,64,42,63,632,62,789,60,910,59,1000,67,848,68,1278,69,540,71,279,72,500,65.5
2026-04-18 01:09:27 PM,KXATPMATCH-26APR19RUBFIL-FIL,64,42,63,632,62,789,60,910,59,1000,67,1083,68,1278,69,540,71,279,72,500,65.5
2026-04-18 01:09:27 PM,KXATPMATCH-26APR19RUBFIL-FIL,64,42,63,632,62,789,60,910,59,1000,67,1083,68,1531,69,540,71,279,72,500,65.5
2026-04-18 01:09:27 PM,KXATPMATCH-26APR19RUBFIL-FIL,64,42,63,532,62,789,60,910,59,1000,67,1083,68,1531,69,540,71,279,72,500,65.5
2026-04-18 01:09:27 PM,KXATPMATCH-26APR19RUBFIL-FIL,64,142,63,532,62,789,60,910,59,1000,67,1083,68,1531,69,540,71,279,72,500,65.5
2026-04-18 01:09:28 PM,KXATPMATCH-26APR19RUBFIL-FIL,64,142,63,532,62,789,60,910,59,1000,67,1083,68,1531,69,500,71,279,72,500,65.5
2026-04-18 01:09:28 PM,KXATPMATCH-26APR19RUBFIL-FIL,64,142,63,532,62,789,60,910,59,1000,67,1123,68,1531,69,500,71,279,72,500,65.5
2026-04-18 01:09:28 PM,KXATPMATCH-26APR19RUBFIL-FIL,64,142,63,1438,62,789,60,910,59,1000,67,1123,68,1531,69,500,71,279,72,500,65.5
2026-04-18 01:09:31 PM,KXATPMATCH-26APR19RUBFIL-FIL,64,142,63,1438,62,789,60,910,59,1000,67,1123,68,1531,71,279,72,500,73,2000,65.5
2026-04-18 01:09:31 PM,KXATPMATCH-26APR19RUBFIL-FIL,64,142,63,1438,62,789,59,1000,58,139,67,1123,68,1531,71,279,72,500,73,2000,65.5
2026-04-18 01:09:57 PM,KXATPMATCH-26APR19RUBFIL-FIL,64,142,63,1438,62,789,59,1000,58,139,67,2030,68,1531,71,279,72,500,73,2000,65.5
2026-04-18 01:09:57 PM,KXATPMATCH-26APR19RUBFIL-FIL,64,142,63,1438,62,789,59,1000,58,139,67,2030,68,621,71,279,72,500,73,2000,65.5
2026-04-18 01:10:16 PM,KXATPMATCH-26APR19RUBFIL-FIL,64,1055,63,1438,62,789,59,1000,58,139,67,2030,68,621,71,279,72,500,73,2000,65.5
2026-04-18 01:10:16 PM,KXATPMATCH-26APR19RUBFIL-FIL,64,1055,63,1438,62,789,59,1000,58,139,67,2030,68,1534,71,279,72,500,73,2000,65.5
2026-04-18 01:10:16 PM,KXATPMATCH-26APR19RUBFIL-FIL,64,1055,63,1438,62,789,59,1000,58,139,67,1123,68,1534,71,279,72,500,73,2000,65.5
2026-04-18 01:10:16 PM,KXATPMATCH-26APR19RUBFIL-FIL,64,1548,63,1438,62,789,59,1000,58,139,67,1123,68,1534,71,279,72,500,73,2000,65.5
2026-04-18 01:10:16 PM,KXATPMATCH-26APR19RUBFIL-FIL,64,1548,63,1438,62,789,59,1000,58,139,67,1123,68,1534,69,390,71,279,72,500,65.5
2026-04-18 01:10:16 PM,KXATPMATCH-26APR19RUBFIL-FIL,64,1548,63,532,62,789,59,1000,58,139,67,1123,68,1534,69,390,71,279,72,500,65.5
2026-04-18 01:10:16 PM,KXATPMATCH-26APR19RUBFIL-FIL,64,1548,63,532,62,789,59,1000,58,139,67,1123,68,1534,69,655,71,279,72,500,65.5
2026-04-18 01:10:16 PM,KXATPMATCH-26APR19RUBFIL-FIL,64,1880,63,532,62,789,59,1000,58,139,67,1123,68,1534,69,655,71,279,72,500,65.5
2026-04-18 01:10:40 PM,KXATPMATCH-26APR19RUBFIL-FIL,64,1880,63,1332,62,789,59,1000,58,139,67,1123,68,1534,69,655,71,279,72,500,65.5
2026-04-18 01:10:40 PM,KXATPMATCH-26APR19RUBFIL-FIL,64,2307,63,1332,62,789,59,1000,58,139,67,1123,68,1534,69,655,71,279,72,500,65.5
2026-04-18 01:10:40 PM,KXATPMATCH-26APR19RUBFIL-FIL,64,2307,63,1332,62,789,59,1000,58,139,66,356,67,1123,68,1534,69,655,71,279,65.0
2026-04-18 01:10:40 PM,KXATPMATCH-26APR19RUBFIL-FIL,64,2307,63,1332,62,789,59,1000,58,139,66,356,67,1923,68,1534,69,655,71,279,65.0
2026-04-18 01:10:40 PM,KXATPMATCH-26APR19RUBFIL-FIL,64,1394,63,1332,62,789,59,1000,58,139,66,356,67,1923,68,1534,69,655,71,279,65.0
2026-04-18 01:10:40 PM,KXATPMATCH-26APR19RUBFIL-FIL,64,1394,63,1332,62,789,59,1000,58,139,66,356,67,2836,68,1534,69,655,71,279,65.0
2026-04-18 01:10:40 PM,KXATPMATCH-26APR19RUBFIL-FIL,64,1394,63,2245,62,789,59,1000,58,139,66,356,67,2836,68,1534,69,655,71,279,65.0
2026-04-18 01:10:40 PM,KXATPMATCH-26APR19RUBFIL-FIL,64,1394,63,2245,62,789,59,1000,58,139,66,356,67,2836,68,621,69,655,71,279,65.0
2026-04-18 01:10:41 PM,KXATPMATCH-26APR19RUBFIL-FIL,64,1394,63,2245,62,789,59,1000,58,139,66,356,67,2796,68,621,69,655,71,279,65.0
2026-04-18 01:10:41 PM,KXATPMATCH-26APR19RUBFIL-FIL,64,1394,63,2245,62,789,59,1000,58,139,66,396,67,2796,68,621,69,655,71,279,65.0
2026-04-18 01:10:41 PM,KXATPMATCH-26APR19RUBFIL-FIL,64,1394,63,2245,62,789,59,1000,58,139,66,396,67,12396,68,621,69,655,71,279,65.0
2026-04-18 01:10:41 PM,KXATPMATCH-26APR19RUBFIL-FIL,64,1394,63,2245,62,789,59,1000,58,139,66,396,67,12396,68,10221,69,655,71,279,65.0
2026-04-18 01:10:41 PM,KXATPMATCH-26APR19RUBFIL-FIL,65,4800,64,1394,63,2245,62,789,59,1000,66,396,67,12396,68,10221,69,655,71,279,65.5
2026-04-18 01:10:41 PM,KXATPMATCH-26APR19RUBFIL-FIL,65,4800,64,1294,63,2245,62,789,59,1000,66,396,67,12396,68,10221,69,655,71,279,65.5
2026-04-18 01:10:41 PM,KXATPMATCH-26APR19RUBFIL-FIL,65,4900,64,1294,63,2245,62,789,59,1000,66,396,67,12396,68,10221,69,655,71,279,65.5
2026-04-18 01:10:41 PM,KXATPMATCH-26APR19RUBFIL-FIL,65,4900,64,6094,63,2245,62,789,59,1000,66,396,67,12396,68,10221,69,655,71,279,65.5
2026-04-18 01:10:41 PM,KXATPMATCH-26APR19RUBFIL-FIL,65,4900,64,6094,63,2245,62,789,59,1000,66,396,67,11483,68,10221,69,655,71,279,65.5
2026-04-18 01:11:05 PM,KXATPMATCH-26APR19RUBFIL-FIL,65,4900,64,6094,63,2245,62,789,59,1000,66,381,67,11483,68,10221,69,655,71,279,65.5
2026-04-18 01:11:05 PM,KXATPMATCH-26APR19RUBFIL-FIL,65,4900,64,6094,63,2245,62,789,59,1000,66,381,67,11483,68,11134,69,655,71,279,65.5
2026-04-18 01:11:07 PM,KXATPMATCH-26APR19RUBFIL-FIL,65,4900,64,6109,63,2245,62,789,59,1000,66,381,67,11483,68,11134,69,655,71,279,65.5
2026-04-18 01:12:10 PM,KXATPMATCH-26APR19RUBFIL-FIL,65,4900,64,6109,63,1445,62,789,59,1000,66,381,67,11483,68,11134,69,655,71,279,65.5
2026-04-18 01:12:10 PM,KXATPMATCH-26APR19RUBFIL-FIL,65,4900,64,5682,63,1445,62,789,59,1000,66,381,67,11483,68,11134,69,655,71,279,65.5
2026-04-18 01:12:10 PM,KXATPMATCH-26APR19RUBFIL-FIL,65,4900,64,5682,63,1445,62,789,59,1000,66,40,67,11483,68,11134,69,655,71,279,65.5
2026-04-18 01:12:10 PM,KXATPMATCH-26APR19RUBFIL-FIL,65,4900,64,5682,63,1445,62,789,59,1000,66,40,67,10683,68,11134,69,655,71,279,65.5
2026-04-18 01:12:10 PM,KXATPMATCH-26APR19RUBFIL-FIL,65,4900,64,5667,63,1445,62,789,59,1000,66,40,67,10683,68,11134,69,655,71,279,65.5
2026-04-18 01:12:10 PM,KXATPMATCH-26APR19RUBFIL-FIL,65,4900,64,5667,63,1445,62,789,59,1000,66,40,67,10683,68,10221,69,655,71,279,65.5
2026-04-18 01:12:10 PM,KXATPMATCH-26APR19RUBFIL-FIL,65,4900,64,5667,63,1445,62,789,59,1000,66,40,67,1083,68,10221,69,655,71,279,65.5
2026-04-18 01:12:10 PM,KXATPMATCH-26APR19RUBFIL-FIL,65,4900,64,5667,63,1445,62,789,59,1000,66,40,67,1083,68,621,69,655,71,279,65.5
2026-04-18 01:12:10 PM,KXATPMATCH-26APR19RUBFIL-FIL,65,100,64,5667,63,1445,62,789,59,1000,66,40,67,1083,68,621,69,655,71,279,65.5
2026-04-18 01:12:10 PM,KXATPMATCH-26APR19RUBFIL-FIL,65,100,64,867,63,1445,62,789,59,1000,66,40,67,1083,68,621,69,655,71,279,65.5
2026-04-18 01:12:11 PM,KXATPMATCH-26APR19RUBFIL-FIL,65,100,64,832,63,1445,62,789,59,1000,66,40,67,1083,68,621,69,655,71,279,65.5
2026-04-18 01:12:11 PM,KXATPMATCH-26APR19RUBFIL-FIL,65,100,64,832,63,1445,62,789,59,1000,66,40,67,1083,68,1534,69,655,71,279,65.5
2026-04-18 01:12:11 PM,KXATPMATCH-26APR19RUBFIL-FIL,64,832,63,1445,62,789,59,1000,58,139,66,40,67,1083,68,1534,69,655,71,279,65.0
2026-04-18 01:12:11 PM,KXATPMATCH-26APR19RUBFIL-FIL,64,932,63,1445,62,789,59,1000,58,139,66,40,67,1083,68,1534,69,655,71,279,65.0
2026-04-18 01:12:55 PM,KXATPMATCH-26APR19RUBFIL-FIL,64,1847,63,1445,62,789,59,1000,58,139,66,40,67,1083,68,1534,69,655,71,279,65.0
2026-04-18 01:12:55 PM,KXATPMATCH-26APR19RUBFIL-FIL,64,1847,63,532,62,789,59,1000,58,139,66,40,67,1083,68,1534,69,655,71,279,65.0
2026-04-18 01:13:13 PM,KXATPMATCH-26APR19RUBFIL-FIL,64,1847,63,1447,62,789,59,1000,58,139,66,40,67,1083,68,1534,69,655,71,279,65.0
2026-04-18 01:13:13 PM,KXATPMATCH-26APR19RUBFIL-FIL,64,932,63,1447,62,789,59,1000,58,139,66,40,67,1083,68,1534,69,655,71,279,65.0
2026-04-18 01:13:26 PM,KXATPMATCH-26APR19RUBFIL-FIL,64,932,63,1447,62,789,59,1000,58,139,66,35,67,1083,68,1534,69,655,71,279,65.0
2026-04-18 01:13:29 PM,KXATPMATCH-26APR19RUBFIL-FIL,64,932,63,1447,62,789,59,1000,58,139,66,1,67,1083,68,1534,69,655,71,279,65.0
2026-04-18 01:13:48 PM,KXATPMATCH-26APR19RUBFIL-FIL,64,932,63,1447,62,789,59,1000,58,139,66,1,67,583,68,1534,69,655,71,279,65.0
2026-04-18 01:13:48 PM,KXATPMATCH-26APR19RUBFIL-FIL,64,932,63,1447,62,789,59,1000,58,139,66,1,67,583,68,2034,69,655,71,279,65.0
2026-04-18 01:13:48 PM,KXATPMATCH-26APR19RUBFIL-FIL,65,915,64,932,63,1447,62,789,59,1000,66,1,67,583,68,2034,69,655,71,279,65.5
2026-04-18 01:13:48 PM,KXATPMATCH-26APR19RUBFIL-FIL,65,915,64,932,63,1447,62,789,59,1000,66,1,67,583,68,2034,69,1570,71,279,65.5
2026-04-18 01:13:48 PM,KXATPMATCH-26APR19RUBFIL-FIL,65,915,64,932,63,1447,62,789,59,1000,66,1,67,583,68,1121,69,1570,71,279,65.5
2026-04-18 01:13:49 PM,KXATPMATCH-26APR19RUBFIL-FIL,65,915,64,932,63,532,62,789,59,1000,66,1,67,583,68,1121,69,1570,71,279,65.5
2026-04-18 01:13:49 PM,KXATPMATCH-26APR19RUBFIL-FIL,65,915,64,832,63,532,62,789,59,1000,66,1,67,583,68,1121,69,1570,71,279,65.5
2026-04-18 01:13:49 PM,KXATPMATCH-26APR19RUBFIL-FIL,65,1015,64,832,63,532,62,789,59,1000,66,1,67,583,68,1121,69,1570,71,279,65.5
2026-04-18 01:13:55 PM,KXATPMATCH-26APR19RUBFIL-FIL,65,1015,64,832,63,532,62,789,59,1000,66,1,67,583,68,1121,69,1570,73,2000,65.5
2026-04-18 01:13:55 PM,KXATPMATCH-26APR19RUBFIL-FIL,65,1015,64,832,63,532,62,789,59,1000,66,1,67,583,68,1121,69,1570,72,289,65.5
2026-04-18 01:14:35 PM,KXATPMATCH-26APR19RUBFIL-FIL,65,1015,64,832,63,532,62,789,59,1000,66,1,67,237,68,1121,69,1570,72,289,65.5
2026-04-18 01:14:35 PM,KXATPMATCH-26APR19RUBFIL-FIL,65,1015,64,832,63,532,62,789,59,1000,66,1,67,2,68,1121,69,1570,72,289,65.5
2026-04-18 01:14:35 PM,KXATPMATCH-26APR19RUBFIL-FIL,65,1371,64,832,63,532,62,789,59,1000,66,1,67,2,68,1121,69,1570,72,289,65.5
2026-04-18 01:14:35 PM,KXATPMATCH-26APR19RUBFIL-FIL,65,1371,64,832,63,532,62,789,59,1000,66,1,67,2,68,2036,69,1570,72,289,65.5
2026-04-18 01:14:35 PM,KXATPMATCH-26APR19RUBFIL-FIL,65,456,64,832,63,532,62,789,59,1000,66,1,67,2,68,2036,69,1570,72,289,65.5
2026-04-18 01:14:35 PM,KXATPMATCH-26APR19RUBFIL-FIL,65,673,64,832,63,532,62,789,59,1000,66,1,67,2,68,2036,69,1570,72,289,65.5
2026-04-18 01:14:35 PM,KXATPMATCH-26APR19RUBFIL-FIL,65,673,64,832,63,1447,62,789,59,1000,66,1,67,2,68,2036,69,1570,72,289,65.5
2026-04-18 01:14:35 PM,KXATPMATCH-26APR19RUBFIL-FIL,65,673,64,832,63,1447,62,789,59,1000,66,1,67,2,68,2036,69,655,72,289,65.5
2026-04-18 01:14:39 PM,KXATPMATCH-26APR19RUBFIL-FIL,65,673,64,832,63,1447,62,789,59,1000,66,1,67,2,68,2036,69,655,70,385,65.5
2026-04-18 01:14:39 PM,KXATPMATCH-26APR19RUBFIL-FIL,65,673,64,832,63,1447,62,789,59,1000,66,1,67,2,68,2036,69,655,70,647,65.5
2026-04-18 01:14:47 PM,KXATPMATCH-26APR19RUBFIL-FIL,65,673,64,832,63,1447,62,789,59,1000,66,1,67,2,68,1668,69,655,70,647,65.5
2026-04-18 01:14:47 PM,KXATPMATCH-26APR19RUBFIL-FIL,65,673,64,832,63,1447,62,789,59,1000,66,1,67,2,68,1415,69,655,70,647,65.5
2026-04-18 01:14:47 PM,KXATPMATCH-26APR19RUBFIL-FIL,65,673,64,832,63,1447,62,789,59,1000,66,1,67,2,68,915,69,655,70,647,65.5
2026-04-18 01:14:47 PM,KXATPMATCH-26APR19RUBFIL-FIL,65,673,64,832,63,1447,62,789,59,1000,66,1,67,2,69,655,70,647,72,289,65.5
2026-04-18 01:14:47 PM,KXATPMATCH-26APR19RUBFIL-FIL,65,673,64,1749,63,1447,62,789,59,1000,66,1,67,2,69,655,70,647,72,289,65.5
2026-04-18 01:14:47 PM,KXATPMATCH-26APR19RUBFIL-FIL,65,673,64,1749,63,1447,62,789,59,1000,66,1,67,2,68,917,69,655,70,647,65.5
2026-04-18 01:14:47 PM,KXATPMATCH-26APR19RUBFIL-FIL,65,673,64,1749,63,532,62,789,59,1000,66,1,67,2,68,917,69,655,70,647,65.5
2026-04-18 01:15:02 PM,KXATPMATCH-26APR19RUBFIL-FIL,65,673,64,1749,63,532,62,789,59,1000,66,1,67,2,68,1417,69,655,70,647,65.5
2026-04-18 01:15:31 PM,KXATPMATCH-26APR19RUBFIL-FIL,65,673,64,1749,63,539,62,789,59,1000,66,1,67,2,68,1417,69,655,70,647,65.5
2026-04-18 01:15:49 PM,KXATPMATCH-26APR19RUBFIL-FIL,65,673,64,1749,63,1456,62,789,59,1000,66,1,67,2,68,1417,69,655,70,647,65.5
2026-04-18 01:15:49 PM,KXATPMATCH-26APR19RUBFIL-FIL,65,673,64,832,63,1456,62,789,59,1000,66,1,67,2,68,1417,69,655,70,647,65.5
2026-04-18 01:16:00 PM,KXATPMATCH-26APR19RUBFIL-FIL,65,673,64,832,63,1456,62,789,59,1000,66,1,67,2,68,500,69,655,70,647,65.5
2026-04-18 01:16:00 PM,KXATPMATCH-26APR19RUBFIL-FIL,65,673,64,832,63,1456,62,789,59,1000,66,1,67,2,69,655,70,647,72,289,65.5
2026-04-18 01:16:00 PM,KXATPMATCH-26APR19RUBFIL-FIL,65,673,64,1749,63,1456,62,789,59,1000,66,1,67,2,69,655,70,647,72,289,65.5
2026-04-18 01:16:00 PM,KXATPMATCH-26APR19RUBFIL-FIL,65,673,64,1749,63,1456,62,789,59,1000,66,1,67,2,68,440,69,655,70,647,65.5
2026-04-18 01:16:00 PM,KXATPMATCH-26APR19RUBFIL-FIL,65,673,64,1749,63,539,62,789,59,1000,66,1,67,2,68,440,69,655,70,647,65.5
2026-04-18 01:16:16 PM,KXATPMATCH-26APR19RUBFIL-FIL,65,673,64,1749,63,539,62,789,59,1000,66,1,67,2,68,312,69,655,70,647,65.5
2026-04-18 01:16:16 PM,KXATPMATCH-26APR19RUBFIL-FIL,65,673,64,1749,63,539,62,789,59,1000,66,1,67,2,68,812,69,655,70,647,65.5
2026-04-18 01:16:31 PM,KXATPMATCH-26APR19RUBFIL-FIL,65,673,64,1749,63,539,62,789,59,1000,66,1,67,2,68,500,69,655,70,647,65.5
2026-04-18 01:16:31 PM,KXATPMATCH-26APR19RUBFIL-FIL,65,673,64,1749,63,539,62,789,59,1000,66,1,67,2,68,94,69,655,70,647,65.5
2026-04-18 01:16:31 PM,KXATPMATCH-26APR19RUBFIL-FIL,65,673,64,1749,63,539,62,789,59,1000,66,1,67,2,68,200,69,655,70,647,65.5
2026-04-18 01:18:16 PM,KXATPMATCH-26APR19RUBFIL-FIL,65,1590,64,1749,63,539,62,789,59,1000,66,1,67,2,68,200,69,655,70,647,65.5
2026-04-18 01:18:16 PM,KXATPMATCH-26APR19RUBFIL-FIL,65,1590,64,1749,63,539,62,789,59,1000,66,1,67,2,68,200,69,765,70,647,65.5
2026-04-18 01:18:16 PM,KXATPMATCH-26APR19RUBFIL-FIL,65,1590,64,1749,63,539,62,789,59,1000,66,1,67,2,68,94,69,765,70,647,65.5
2026-04-18 01:18:16 PM,KXATPMATCH-26APR19RUBFIL-FIL,65,673,64,1749,63,539,62,789,59,1000,66,1,67,2,68,94,69,765,70,647,65.5
2026-04-18 01:18:26 PM,KXATPMATCH-26APR19RUBFIL-FIL,65,1590,64,1749,63,539,62,789,59,1000,66,1,67,2,68,94,69,765,70,647,65.5
2026-04-18 01:18:26 PM,KXATPMATCH-26APR19RUBFIL-FIL,65,1590,64,832,63,539,62,789,59,1000,66,1,67,2,68,94,69,765,70,647,65.5
2026-04-18 01:18:53 PM,KXATPMATCH-26APR19RUBFIL-FIL,65,1590,64,832,63,539,62,789,59,1000,66,1,67,2,68,92,69,765,70,647,65.5
2026-04-18 01:19:19 PM,KXATPMATCH-26APR19RUBFIL-FIL,65,1590,64,832,63,539,62,789,58,139,66,1,67,2,68,92,69,765,70,647,65.5
2026-04-18 01:19:20 PM,KXATPMATCH-26APR19RUBFIL-FIL,65,1590,64,1749,63,539,62,789,58,139,66,1,67,2,68,92,69,765,70,647,65.5
2026-04-18 01:19:20 PM,KXATPMATCH-26APR19RUBFIL-FIL,65,1590,64,1749,63,539,62,789,58,139,66,1,67,2,68,194,69,765,70,647,65.5
2026-04-18 01:19:20 PM,KXATPMATCH-26APR19RUBFIL-FIL,65,673,64,1749,63,539,62,789,58,139,66,1,67,2,68,194,69,765,70,647,65.5
2026-04-18 01:19:20 PM,KXATPMATCH-26APR19RUBFIL-FIL,65,673,64,1749,63,539,62,789,58,139,66,1,67,2,68,194,69,655,70,647,65.5
2026-04-18 01:19:25 PM,KXATPMATCH-26APR19RUBFIL-FIL,65,673,64,1749,63,539,62,789,58,139,66,1,67,2,68,92,69,655,70,647,65.5
2026-04-18 01:19:25 PM,KXATPMATCH-26APR19RUBFIL-FIL,65,673,64,1749,63,539,62,789,58,139,66,1,67,2,68,1,69,655,70,647,65.5
2026-04-18 01:19:25 PM,KXATPMATCH-26APR19RUBFIL-FIL,65,673,64,1749,63,539,62,789,58,139,66,1,67,2,68,1,69,1155,70,647,65.5
2026-04-18 01:19:30 PM,KXATPMATCH-26APR19RUBFIL-FIL,65,1590,64,1749,63,539,62,789,58,139,66,1,67,2,68,1,69,1155,70,647,65.5
2026-04-18 01:19:30 PM,KXATPMATCH-26APR19RUBFIL-FIL,65,1590,64,1749,63,539,62,789,58,139,66,1,67,2,68,1,69,1266,70,647,65.5
2026-04-18 01:19:30 PM,KXATPMATCH-26APR19RUBFIL-FIL,65,1590,64,832,63,539,62,789,58,139,66,1,67,2,68,1,69,1266,70,647,65.5
2026-04-18 01:19:41 PM,KXATPMATCH-26APR19RUBFIL-FIL,65,1590,64,832,63,539,62,789,58,139,66,1,67,2,68,1,69,876,70,647,65.5
2026-04-18 01:19:41 PM,KXATPMATCH-26APR19RUBFIL-FIL,65,1590,64,832,63,539,62,789,58,139,66,1,67,2,68,1,69,611,70,647,65.5
2026-04-18 01:19:41 PM,KXATPMATCH-26APR19RUBFIL-FIL,65,1590,64,832,63,539,62,789,58,139,66,1,67,2,68,1,69,111,70,647,65.5
2026-04-18 01:19:41 PM,KXATPMATCH-26APR19RUBFIL-FIL,65,1590,64,832,63,539,62,789,58,139,66,1,67,2,68,1,70,647,72,289,65.5
2026-04-18 01:19:41 PM,KXATPMATCH-26APR19RUBFIL-FIL,65,1590,64,832,63,539,62,789,58,139,66,1,67,2,68,1,70,1147,72,289,65.5
2026-04-18 01:19:41 PM,KXATPMATCH-26APR19RUBFIL-FIL,65,1590,64,832,63,539,62,314,58,139,66,1,67,2,68,1,70,1147,72,289,65.5
2026-04-18 01:19:41 PM,KXATPMATCH-26APR19RUBFIL-FIL,65,1590,64,832,63,539,62,314,58,139,66,1,67,2,68,1,69,26,70,1147,65.5
2026-04-18 01:19:41 PM,KXATPMATCH-26APR19RUBFIL-FIL,65,1590,64,832,63,539,62,314,58,139,66,1,67,2,68,1,69,26,70,647,65.5
2026-04-18 01:19:41 PM,KXATPMATCH-26APR19RUBFIL-FIL,65,1590,64,832,63,539,62,314,58,139,66,1,67,2,68,1,69,423,70,647,65.5
2026-04-18 01:19:41 PM,KXATPMATCH-26APR19RUBFIL-FIL,65,1590,64,832,63,539,58,139,50,2000,66,1,67,2,68,1,69,423,70,647,65.5
2026-04-18 01:19:46 PM,KXATPMATCH-26APR19RUBFIL-FIL,65,1590,64,832,63,539,58,139,50,2000,66,1,67,2,68,1,69,923,70,647,65.5
2026-04-18 01:19:54 PM,KXATPMATCH-26APR19RUBFIL-FIL,65,1590,64,832,63,539,58,139,50,2000,66,1,67,2,68,1,69,897,70,647,65.5
2026-04-18 01:19:54 PM,KXATPMATCH-26APR19RUBFIL-FIL,65,1590,64,832,63,539,58,139,50,2000,66,1,67,2,68,1,69,500,70,647,65.5
2026-04-18 01:19:54 PM,KXATPMATCH-26APR19RUBFIL-FIL,65,1590,64,832,63,539,58,139,50,2000,66,1,67,2,68,1,70,647,71,278,65.5
2026-04-18 01:19:54 PM,KXATPMATCH-26APR19RUBFIL-FIL,65,1590,64,832,63,539,58,139,50,2000,66,1,67,2,68,1,70,1147,71,278,65.5
2026-04-18 01:19:54 PM,KXATPMATCH-26APR19RUBFIL-FIL,65,1590,64,832,63,539,58,139,50,2000,66,1,67,2,68,1,70,1147,71,677,65.5
2026-04-18 01:19:54 PM,KXATPMATCH-26APR19RUBFIL-FIL,65,1590,64,832,63,539,58,139,50,2000,66,1,67,2,68,1,69,7,70,1147,65.5
2026-04-18 01:20:04 PM,KXATPMATCH-26APR19RUBFIL-FIL,65,1590,64,832,63,539,58,139,50,2000,66,1,67,2,68,1,69,12,70,1147,65.5
2026-04-18 01:20:04 PM,KXATPMATCH-26APR19RUBFIL-FIL,65,1590,64,832,63,539,58,139,50,2000,66,1,67,2,68,1,69,12,70,647,65.5
2026-04-18 01:20:04 PM,KXATPMATCH-26APR19RUBFIL-FIL,65,1590,64,832,63,539,58,139,50,2000,66,1,67,2,68,1,69,512,70,647,65.5
2026-04-18 01:20:08 PM,KXATPMATCH-26APR19RUBFIL-FIL,65,1590,64,832,63,539,58,139,50,2000,66,1,67,2,68,1,69,505,70,647,65.5
2026-04-18 01:20:08 PM,KXATPMATCH-26APR19RUBFIL-FIL,65,1590,64,832,63,539,58,139,50,2000,66,1,67,2,68,1,69,500,70,647,65.5
2026-04-18 01:20:08 PM,KXATPMATCH-26APR19RUBFIL-FIL,65,1590,64,832,63,539,58,139,50,2000,66,1,67,2,68,1,70,647,71,677,65.5
2026-04-18 01:20:08 PM,KXATPMATCH-26APR19RUBFIL-FIL,65,1590,64,832,63,539,58,139,50,2000,66,1,67,2,68,1,70,1147,71,677,65.5
2026-04-18 01:20:38 PM,KXATPMATCH-26APR19RUBFIL-FIL,65,1590,64,832,63,539,58,139,50,2000,66,1,67,2,68,1,70,1138,71,677,65.5
2026-04-18 01:20:38 PM,KXATPMATCH-26APR19RUBFIL-FIL,65,1590,64,832,63,539,58,139,50,2000,66,1,67,2,68,1,69,4,70,1138,65.5
2026-04-18 01:20:39 PM,KXATPMATCH-26APR19RUBFIL-FIL,65,1590,64,832,63,539,58,139,50,2000,66,1,67,2,68,1,70,1138,71,677,65.5
2026-04-18 01:21:17 PM,KXATPMATCH-26APR19RUBFIL-FIL,65,1590,64,832,63,539,58,139,50,2000,66,1,67,2,68,1,69,12,70,1138,65.5
2026-04-18 01:21:18 PM,KXATPMATCH-26APR19RUBFIL-FIL,65,1590,64,832,63,539,58,139,50,2000,66,1,67,2,68,1,69,12,70,638,65.5
2026-04-18 01:21:18 PM,KXATPMATCH-26APR19RUBFIL-FIL,65,1590,64,832,63,539,58,139,50,2000,66,1,67,2,68,1,69,512,70,638,65.5
2026-04-18 01:21:18 PM,KXATPMATCH-26APR19RUBFIL-FIL,65,1590,64,832,63,539,58,139,50,2000,66,1,67,2,68,1,69,500,70,638,65.5
2026-04-18 01:21:21 PM,KXATPMATCH-26APR19RUBFIL-FIL,65,1590,64,832,63,539,58,139,50,2000,66,1,67,2,68,1,70,638,71,677,65.5
2026-04-18 01:21:21 PM,KXATPMATCH-26APR19RUBFIL-FIL,65,1590,64,832,63,539,58,139,50,2000,66,1,67,2,68,1,70,1138,71,677,65.5
2026-04-18 01:21:48 PM,KXATPMATCH-26APR19RUBFIL-FIL,65,1590,64,832,63,539,58,139,50,2000,66,1,67,2,68,1,69,12,70,1138,65.5
2026-04-18 01:21:48 PM,KXATPMATCH-26APR19RUBFIL-FIL,65,1590,64,832,63,539,58,139,50,2000,66,1,67,2,68,1,69,12,70,638,65.5
2026-04-18 01:21:48 PM,KXATPMATCH-26APR19RUBFIL-FIL,65,1590,64,832,63,539,58,139,50,2000,66,1,67,2,68,1,69,512,70,638,65.5
2026-04-18 01:22:01 PM,KXATPMATCH-26APR19RUBFIL-FIL,65,1590,64,832,63,532,58,139,50,2000,66,1,67,2,68,1,69,512,70,638,65.5
2026-04-18 01:22:07 PM,KXATPMATCH-26APR19RUBFIL-FIL,65,1590,64,832,63,532,58,139,50,2000,66,1,67,2,68,1,69,500,70,638,65.5
2026-04-18 01:22:07 PM,KXATPMATCH-26APR19RUBFIL-FIL,65,1590,64,832,63,532,58,139,50,2000,66,1,67,2,68,1,69,499,70,638,65.5
2026-04-18 01:22:07 PM,KXATPMATCH-26APR19RUBFIL-FIL,65,1590,64,832,63,532,58,139,50,2000,66,1,67,2,68,1,69,1,70,638,65.5
2026-04-18 01:22:08 PM,KXATPMATCH-26APR19RUBFIL-FIL,65,1590,64,832,63,532,58,139,50,2000,66,1,67,2,68,1,69,1,70,1138,65.5
2026-04-18 01:22:08 PM,KXATPMATCH-26APR19RUBFIL-FIL,65,1590,64,832,63,532,58,139,50,2000,66,1,67,2,68,1,69,1,70,1143,65.5
2026-04-18 01:22:09 PM,KXATPMATCH-26APR19RUBFIL-FIL,65,1590,64,832,63,532,58,139,50,2000,66,1,67,2,68,1,69,1,70,1138,65.5
2026-04-18 01:22:11 PM,KXATPMATCH-26APR19RUBFIL-FIL,65,1590,64,832,63,532,58,139,50,2000,66,1,67,2,68,1,69,248,70,1138,65.5
2026-04-18 01:22:11 PM,KXATPMATCH-26APR19RUBFIL-FIL,65,1590,64,832,63,532,58,139,50,2000,66,1,67,2,68,1,69,248,70,638,65.5
2026-04-18 01:22:11 PM,KXATPMATCH-26APR19RUBFIL-FIL,65,1590,64,832,63,532,58,139,50,2000,66,1,67,2,68,1,69,748,70,638,65.5
2026-04-18 01:23:46 PM,KXATPMATCH-26APR19RUBFIL-FIL,65,1590,64,832,63,532,62,151,58,139,66,1,67,2,68,1,69,748,70,638,65.5
2026-04-18 01:23:46 PM,KXATPMATCH-26APR19RUBFIL-FIL,65,1590,64,832,63,532,62,151,58,139,66,1,67,2,68,1,69,748,70,951,65.5
2026-04-18 01:23:46 PM,KXATPMATCH-26APR19RUBFIL-FIL,65,1590,64,832,63,532,62,151,61,154,66,1,67,2,68,1,69,748,70,951,65.5
2026-04-18 01:23:49 PM,KXATPMATCH-26APR19RUBFIL-FIL,65,1590,64,832,63,532,62,151,61,154,66,1,67,2,68,1,69,754,70,951,65.5
2026-04-18 01:24:10 PM,KXATPMATCH-26APR19RUBFIL-FIL,65,1590,64,832,63,1332,62,151,61,154,66,1,67,2,68,1,69,754,70,951,65.5
2026-04-18 01:24:10 PM,KXATPMATCH-26APR19RUBFIL-FIL,65,1590,64,1426,63,1332,62,151,61,154,66,1,67,2,68,1,69,754,70,951,65.5
2026-04-18 01:24:10 PM,KXATPMATCH-26APR19RUBFIL-FIL,65,1590,64,1426,63,1332,62,151,61,154,66,1,67,2,68,801,69,754,70,951,65.5
2026-04-18 01:24:10 PM,KXATPMATCH-26APR19RUBFIL-FIL,65,1590,64,1426,63,1332,62,151,61,154,66,1,67,2,68,801,69,1554,70,951,65.5
2026-04-18 01:24:12 PM,KXATPMATCH-26APR19RUBFIL-FIL,65,1590,64,1426,63,1332,62,151,61,154,66,1,67,2,68,10401,69,1554,70,951,65.5
2026-04-18 01:24:12 PM,KXATPMATCH-26APR19RUBFIL-FIL,65,1590,64,1426,63,1332,62,151,61,154,66,1,67,2,68,10401,69,11154,70,951,65.5
2026-04-18 01:24:12 PM,KXATPMATCH-26APR19RUBFIL-FIL,65,6390,64,1426,63,1332,62,151,61,154,66,1,67,2,68,10401,69,11154,70,951,65.5
2026-04-18 01:24:12 PM,KXATPMATCH-26APR19RUBFIL-FIL,65,6390,64,6226,63,1332,62,151,61,154,66,1,67,2,68,10401,69,11154,70,951,65.5
2026-04-18 01:24:15 PM,KXATPMATCH-26APR19RUBFIL-FIL,65,6390,64,6226,63,1332,62,151,61,154,66,1,67,2,68,10366,69,11154,70,951,65.5
2026-04-18 01:24:17 PM,KXATPMATCH-26APR19RUBFIL-FIL,65,6390,64,6226,63,1332,62,151,61,154,66,1,67,2,68,10366,69,10354,70,951,65.5
2026-04-18 01:24:17 PM,KXATPMATCH-26APR19RUBFIL-FIL,65,6390,64,6261,63,1332,62,151,61,154,66,1,67,2,68,10366,69,10354,70,951,65.5
2026-04-18 01:24:17 PM,KXATPMATCH-26APR19RUBFIL-FIL,65,6390,64,6261,63,1332,62,151,61,154,66,1,67,802,68,10366,69,10354,70,951,65.5
2026-04-18 01:24:17 PM,KXATPMATCH-26APR19RUBFIL-FIL,65,6390,64,6261,63,1332,62,151,61,154,66,1,67,802,68,10401,69,10354,70,951,65.5
2026-04-18 01:24:18 PM,KXATPMATCH-26APR19RUBFIL-FIL,65,6390,64,6261,63,1332,62,151,61,154,66,1,67,802,68,10401,69,754,70,951,65.5
2026-04-18 01:24:18 PM,KXATPMATCH-26APR19RUBFIL-FIL,65,6390,64,6261,63,1332,62,151,61,154,66,1,67,10402,68,10401,69,754,70,951,65.5
2026-04-18 01:24:18 PM,KXATPMATCH-26APR19RUBFIL-FIL,65,6390,64,7176,63,1332,62,151,61,154,66,1,67,10402,68,10401,69,754,70,951,65.5
2026-04-18 01:24:18 PM,KXATPMATCH-26APR19RUBFIL-FIL,65,5473,64,7176,63,1332,62,151,61,154,66,1,67,10402,68,10401,69,754,70,951,65.5
2026-04-18 01:24:18 PM,KXATPMATCH-26APR19RUBFIL-FIL,65,5473,64,7176,63,1332,62,151,61,154,66,1,67,802,68,10401,69,754,70,951,65.5
2026-04-18 01:24:18 PM,KXATPMATCH-26APR19RUBFIL-FIL,65,5473,64,7176,63,1332,62,151,61,154,66,1,67,802,68,10401,69,10354,70,951,65.5
2026-04-18 01:24:19 PM,KXATPMATCH-26APR19RUBFIL-FIL,65,5473,64,7176,63,1332,62,151,61,154,66,1,67,802,68,10401,69,754,70,951,65.5
2026-04-18 01:24:19 PM,KXATPMATCH-26APR19RUBFIL-FIL,65,5473,64,7176,63,1332,62,151,61,154,66,1,67,10402,68,10401,69,754,70,951,65.5
2026-04-18 01:25:03 PM,KXATPMATCH-26APR19RUBFIL-FIL,65,5473,64,7176,63,1332,62,151,61,154,66,1,67,10330,68,10401,69,754,70,951,65.5
2026-04-18 01:25:03 PM,KXATPMATCH-26APR19RUBFIL-FIL,65,6388,64,7176,63,1332,62,151,61,154,66,1,67,10330,68,10401,69,754,70,951,65.5
2026-04-18 01:25:03 PM,KXATPMATCH-26APR19RUBFIL-FIL,65,6388,64,6261,63,1332,62,151,61,154,66,1,67,10330,68,10401,69,754,70,951,65.5
2026-04-18 01:25:04 PM,KXATPMATCH-26APR19RUBFIL-FIL,65,6388,64,6261,63,1332,62,151,61,154,66,1,67,10330,68,10366,69,754,70,951,65.5
2026-04-18 01:25:04 PM,KXATPMATCH-26APR19RUBFIL-FIL,65,6388,64,6261,63,1332,62,151,61,154,66,1,67,10330,68,9601,69,754,70,951,65.5
2026-04-18 01:25:04 PM,KXATPMATCH-26APR19RUBFIL-FIL,65,6388,64,6333,63,1332,62,151,61,154,66,1,67,10330,68,9601,69,754,70,951,65.5
2026-04-18 01:25:04 PM,KXATPMATCH-26APR19RUBFIL-FIL,65,6388,64,6333,63,1332,62,151,61,154,66,1,67,10402,68,9601,69,754,70,951,65.5
2026-04-18 01:25:04 PM,KXATPMATCH-26APR19RUBFIL-FIL,65,6388,64,6333,63,1332,62,151,61,154,66,83,67,10402,68,9601,69,754,70,951,65.5
2026-04-18 01:25:41 PM,KXATPMATCH-26APR19RUBFIL-FIL,65,6388,64,6333,63,1332,62,151,61,154,66,10,67,10402,68,9601,69,754,70,951,65.5
2026-04-18 01:25:42 PM,KXATPMATCH-26APR19RUBFIL-FIL,65,6388,64,6261,63,1332,62,151,61,154,66,10,67,10402,68,9601,69,754,70,951,65.5
2026-04-18 01:25:42 PM,KXATPMATCH-26APR19RUBFIL-FIL,65,6388,64,6406,63,1332,62,151,61,154,66,10,67,10402,68,9601,69,754,70,951,65.5
2026-04-18 01:26:01 PM,KXATPMATCH-26APR19RUBFIL-FIL,65,6388,64,6406,63,1332,62,151,61,154,66,10,67,10402,68,9601,69,917,70,951,65.5
2026-04-18 01:26:51 PM,KXATPMATCH-26APR19RUBFIL-FIL,65,6388,64,6406,63,1332,62,151,61,154,66,10,67,10402,68,9601,69,911,70,951,65.5
2026-04-18 01:26:51 PM,KXATPMATCH-26APR19RUBFIL-FIL,65,6388,64,6406,63,1332,62,151,61,189,66,10,67,10402,68,9601,69,911,70,951,65.5
2026-04-18 01:28:12 PM,KXATPMATCH-26APR19RUBFIL-FIL,65,6388,64,6406,63,1332,62,151,61,189,66,10,67,10402,68,9601,69,1313,70,951,65.5
2026-04-18 01:28:49 PM,KXATPMATCH-26APR19RUBFIL-FIL,65,6388,64,6406,63,1332,62,151,61,197,66,10,67,10402,68,9601,69,1313,70,951,65.5
2026-04-18 01:29:38 PM,KXATPMATCH-26APR19RUBFIL-FIL,65,6388,64,6406,63,1332,62,151,61,197,66,10,67,10402,68,9601,69,1150,70,951,65.5
2026-04-18 01:29:39 PM,KXATPMATCH-26APR19RUBFIL-FIL,65,6388,64,6406,63,1332,62,151,61,197,66,10,67,10402,68,9601,69,1150,70,1117,65.5
2026-04-18 01:29:39 PM,KXATPMATCH-26APR19RUBFIL-FIL,65,5473,64,6406,63,1332,62,151,61,197,66,10,67,10402,68,9601,69,1150,70,1117,65.5
2026-04-18 01:29:47 PM,KXATPMATCH-26APR19RUBFIL-FIL,65,6388,64,6406,63,1332,62,151,61,197,66,10,67,10402,68,9601,69,1150,70,1117,65.5
2026-04-18 01:29:47 PM,KXATPMATCH-26APR19RUBFIL-FIL,65,6388,64,6406,63,1332,62,151,61,197,66,10,67,10402,68,9601,69,1313,70,1117,65.5
2026-04-18 01:29:47 PM,KXATPMATCH-26APR19RUBFIL-FIL,65,6388,64,6406,63,1332,62,151,61,197,66,10,67,10402,68,9601,69,1313,70,951,65.5
2026-04-18 01:32:07 PM,KXATPMATCH-26APR19RUBFIL-FIL,65,6388,64,6261,63,1332,62,151,61,197,66,10,67,10402,68,9601,69,1313,70,951,65.5
2026-04-18 01:32:07 PM,KXATPMATCH-26APR19RUBFIL-FIL,65,6388,64,6261,63,532,62,151,61,197,66,10,67,10402,68,9601,69,1313,70,951,65.5
2026-04-18 01:32:07 PM,KXATPMATCH-26APR19RUBFIL-FIL,65,6388,64,6261,63,532,62,151,61,197,66,10,67,10330,68,9601,69,1313,70,951,65.5
2026-04-18 01:32:07 PM,KXATPMATCH-26APR19RUBFIL-FIL,65,6388,64,6261,63,532,62,151,61,197,66,1,67,10330,68,9601,69,1313,70,951,65.5
2026-04-18 01:32:07 PM,KXATPMATCH-26APR19RUBFIL-FIL,65,6388,64,6261,63,532,62,151,61,197,66,1,67,10109,68,9601,69,1313,70,951,65.5
2026-04-18 01:32:07 PM,KXATPMATCH-26APR19RUBFIL-FIL,65,6388,64,6432,63,532,62,151,61,197,66,1,67,10109,68,9601,69,1313,70,951,65.5
2026-04-18 01:32:07 PM,KXATPMATCH-26APR19RUBFIL-FIL,65,6664,64,6432,63,532,62,151,61,197,66,1,67,10109,68,9601,69,1313,70,951,65.5
2026-04-18 01:32:07 PM,KXATPMATCH-26APR19RUBFIL-FIL,65,6664,64,6432,63,532,62,151,61,197,66,1,67,10109,68,10401,69,1313,70,951,65.5
2026-04-18 01:32:07 PM,KXATPMATCH-26APR19RUBFIL-FIL,65,6664,64,6432,63,532,62,151,61,162,66,1,67,10109,68,10401,69,1313,70,951,65.5
2026-04-18 01:32:37 PM,KXATPMATCH-26APR19RUBFIL-FIL,65,6664,64,6432,63,532,62,151,61,162,66,1,67,10109,68,10401,69,1313,70,1093,65.5
2026-04-18 01:32:37 PM,KXATPMATCH-26APR19RUBFIL-FIL,65,6664,64,6432,63,532,62,151,61,162,66,1,67,10109,68,10401,69,1150,70,1093,65.5
2026-04-18 01:32:37 PM,KXATPMATCH-26APR19RUBFIL-FIL,66,915,65,6664,64,6432,63,532,62,151,66,1,67,10109,68,10401,69,1150,70,1093,66.0
2026-04-18 01:32:37 PM,KXATPMATCH-26APR19RUBFIL-FIL,66,915,65,6664,64,6432,63,532,62,151,66,1,67,10109,68,10401,69,1150,70,951,66.0
2026-04-18 01:32:37 PM,KXATPMATCH-26APR19RUBFIL-FIL,66,915,65,5749,64,6432,63,532,62,151,66,1,67,10109,68,10401,69,1150,70,951,66.0
2026-04-18 01:32:37 PM,KXATPMATCH-26APR19RUBFIL-FIL,66,915,65,5749,64,6432,63,532,62,151,66,1,67,509,68,10401,69,1150,70,951,66.0
2026-04-18 01:32:37 PM,KXATPMATCH-26APR19RUBFIL-FIL,66,915,65,5749,64,6432,63,532,62,151,66,1,67,509,68,10401,69,10750,70,951,66.0
2026-04-18 01:32:38 PM,KXATPMATCH-26APR19RUBFIL-FIL,66,1274,65,5749,64,6432,63,532,62,151,66,1,67,509,68,10401,69,10750,70,951,66.0
2026-04-18 01:32:38 PM,KXATPMATCH-26APR19RUBFIL-FIL,66,1497,65,5749,64,6432,63,532,62,151,66,1,67,509,68,10401,69,10750,70,951,66.0
2026-04-18 01:32:38 PM,KXATPMATCH-26APR19RUBFIL-FIL,66,1497,65,5749,64,6432,63,532,62,151,66,1,67,509,68,10401,69,10348,70,951,66.0
2026-04-18 01:32:38 PM,KXATPMATCH-26APR19RUBFIL-FIL,66,1497,65,5749,64,6432,63,532,62,151,66,1,67,509,68,10401,69,10101,70,951,66.0
2026-04-18 01:32:40 PM,KXATPMATCH-26APR19RUBFIL-FIL,66,1497,65,5749,64,6432,63,532,62,151,66,1,67,509,68,10401,69,10101,70,576,66.0
2026-04-18 01:32:40 PM,KXATPMATCH-26APR19RUBFIL-FIL,66,1497,65,5749,64,6432,63,532,62,151,66,1,67,509,68,10401,69,10101,70,314,66.0
2026-04-18 01:32:40 PM,KXATPMATCH-26APR19RUBFIL-FIL,66,1497,65,5749,64,6100,63,532,62,151,66,1,67,509,68,10401,69,10101,70,314,66.0
2026-04-18 01:32:40 PM,KXATPMATCH-26APR19RUBFIL-FIL,66,1497,65,5749,64,6100,63,316,62,151,66,1,67,509,68,10401,69,10101,70,314,66.0
2026-04-18 01:32:40 PM,KXATPMATCH-26APR19RUBFIL-FIL,66,1497,65,5749,64,6100,62,151,61,162,66,1,67,509,68,10401,69,10101,70,314,66.0
2026-04-18 01:32:40 PM,KXATPMATCH-26APR19RUBFIL-FIL,66,1497,65,5749,64,5607,62,151,61,162,66,1,67,509,68,10401,69,10101,70,314,66.0
2026-04-18 01:32:40 PM,KXATPMATCH-26APR19RUBFIL-FIL,66,1497,65,5749,64,5607,62,151,61,162,66,1,67,223,68,10401,69,10101,70,314,66.0
2026-04-18 01:32:40 PM,KXATPMATCH-26APR19RUBFIL-FIL,66,1497,65,6035,64,5607,62,151,61,162,66,1,67,223,68,10401,69,10101,70,314,66.0
2026-04-18 01:32:43 PM,KXATPMATCH-26APR19RUBFIL-FIL,66,1497,65,6035,64,5436,62,151,61,162,66,1,67,223,68,10401,69,10101,70,314,66.0
2026-04-18 01:32:43 PM,KXATPMATCH-26APR19RUBFIL-FIL,66,1497,65,6035,64,5401,62,151,61,162,66,1,67,223,68,10401,69,10101,70,314,66.0
2026-04-18 01:32:43 PM,KXATPMATCH-26APR19RUBFIL-FIL,66,1497,65,6035,64,4807,62,151,61,162,66,1,67,223,68,10401,69,10101,70,314,66.0
2026-04-18 01:32:43 PM,KXATPMATCH-26APR19RUBFIL-FIL,66,1497,65,6035,64,4807,62,151,61,162,66,1,67,2,68,10401,69,10101,70,314,66.0
2026-04-18 01:32:43 PM,KXATPMATCH-26APR19RUBFIL-FIL,66,1497,65,6035,64,4807,62,151,61,162,66,1,67,2,68,10354,69,10101,70,314,66.0
2026-04-18 01:32:43 PM,KXATPMATCH-26APR19RUBFIL-FIL,66,1527,65,6035,64,4807,62,151,61,162,66,1,67,2,68,10354,69,10101,70,314,66.0
2026-04-18 01:32:43 PM,KXATPMATCH-26APR19RUBFIL-FIL,66,1527,65,6273,64,4807,62,151,61,162,66,1,67,2,68,10354,69,10101,70,314,66.0
2026-04-18 01:32:43 PM,KXATPMATCH-26APR19RUBFIL-FIL,66,1527,65,6273,64,4807,62,151,61,162,66,1,67,2,68,10354,69,10101,70,1114,66.0
2026-04-18 01:32:43 PM,KXATPMATCH-26APR19RUBFIL-FIL,66,1527,65,6273,64,7,62,151,61,162,66,1,67,2,68,10354,69,10101,70,1114,66.0
2026-04-18 01:32:43 PM,KXATPMATCH-26APR19RUBFIL-FIL,66,6327,65,6273,64,7,62,151,61,162,66,1,67,2,68,10354,69,10101,70,1114,66.0
2026-04-18 01:32:47 PM,KXATPMATCH-26APR19RUBFIL-FIL,66,6327,65,6273,64,7,62,151,61,162,66,1,67,2,68,9634,69,10101,70,1114,66.0
2026-04-18 01:32:47 PM,KXATPMATCH-26APR19RUBFIL-FIL,66,7047,65,6273,64,7,62,151,61,162,66,1,67,2,68,9634,69,10101,70,1114,66.0
2026-04-18 01:32:56 PM,KXATPMATCH-26APR19RUBFIL-FIL,66,7047,65,6273,64,7,62,151,61,162,66,1,67,2,68,9634,69,10101,70,2045,66.0
2026-04-18 01:32:56 PM,KXATPMATCH-26APR19RUBFIL-FIL,66,7047,65,6273,64,487,62,151,61,162,66,1,67,2,68,9634,69,10101,70,2045,66.0
2026-04-18 01:32:56 PM,KXATPMATCH-26APR19RUBFIL-FIL,66,7047,65,6273,64,487,62,151,61,162,66,1,67,2,68,9634,69,10101,70,2441,66.0
2026-04-18 01:32:57 PM,KXATPMATCH-26APR19RUBFIL-FIL,66,6864,65,6273,64,487,62,151,61,162,66,1,67,2,68,9634,69,10101,70,2441,66.0
2026-04-18 01:32:57 PM,KXATPMATCH-26APR19RUBFIL-FIL,66,6864,65,6273,64,487,62,151,61,162,66,1,67,2,68,9817,69,10101,70,2441,66.0
2026-04-18 01:32:59 PM,KXATPMATCH-26APR19RUBFIL-FIL,66,6864,65,6273,64,7,62,151,61,162,66,1,67,2,68,9817,69,10101,70,2441,66.0
2026-04-18 01:32:59 PM,KXATPMATCH-26APR19RUBFIL-FIL,66,6864,65,6273,64,7,62,151,61,162,66,1,67,2,68,9817,69,10101,70,2045,66.0
2026-04-18 01:33:00 PM,KXATPMATCH-26APR19RUBFIL-FIL,66,6864,65,6273,64,7,62,151,61,162,66,1,67,2,68,9634,69,10101,70,2045,66.0
2026-04-18 01:33:00 PM,KXATPMATCH-26APR19RUBFIL-FIL,66,7047,65,6273,64,7,62,151,61,162,66,1,67,2,68,9634,69,10101,70,2045,66.0
2026-04-18 01:33:00 PM,KXATPMATCH-26APR19RUBFIL-FIL,66,7047,65,6273,64,7,62,151,61,162,66,1,67,2,68,9634,69,10101,70,1114,66.0
2026-04-18 01:33:01 PM,KXATPMATCH-26APR19RUBFIL-FIL,66,7238,65,6273,64,7,62,151,61,162,66,1,67,2,68,9634,69,10101,70,1114,66.0
2026-04-18 01:33:01 PM,KXATPMATCH-26APR19RUBFIL-FIL,66,7238,65,6367,64,7,62,151,61,162,66,1,67,2,68,9634,69,10101,70,1114,66.0
2026-04-18 01:33:01 PM,KXATPMATCH-26APR19RUBFIL-FIL,66,7238,65,6367,64,96,62,151,61,162,66,1,67,2,68,9634,69,10101,70,1114,66.0
2026-04-18 01:33:01 PM,KXATPMATCH-26APR19RUBFIL-FIL,66,7238,65,6367,64,96,62,151,61,162,66,1,67,2,68,9634,69,10751,70,1114,66.0
2026-04-18 01:33:01 PM,KXATPMATCH-26APR19RUBFIL-FIL,66,7238,65,6367,64,96,62,151,61,162,66,1,67,2,68,9634,69,10751,70,1712,66.0
2026-04-18 01:33:04 PM,KXATPMATCH-26APR19RUBFIL-FIL,66,7238,65,6367,64,96,62,151,61,162,66,1,67,2,68,9634,69,10751,70,2095,66.0
2026-04-18 01:33:04 PM,KXATPMATCH-26APR19RUBFIL-FIL,66,7238,65,6367,64,96,62,151,61,162,66,1,67,2,68,9634,69,10751,70,3027,66.0
2026-04-18 01:33:06 PM,KXATPMATCH-26APR19RUBFIL-FIL,66,7090,65,6367,64,96,62,151,61,162,66,1,67,2,68,9634,69,10751,70,3027,66.0
2026-04-18 01:33:06 PM,KXATPMATCH-26APR19RUBFIL-FIL,66,7090,65,6367,64,96,62,151,61,162,66,1,67,2,68,9782,69,10751,70,3027,66.0
2026-04-18 01:33:07 PM,KXATPMATCH-26APR19RUBFIL-FIL,66,7090,65,6367,64,96,62,151,61,162,66,1,67,2,68,9782,69,10751,70,2644,66.0
2026-04-18 01:33:09 PM,KXATPMATCH-26APR19RUBFIL-FIL,66,7055,65,6367,64,96,62,151,61,162,66,1,67,2,68,9782,69,10751,70,2644,66.0
2026-04-18 01:33:09 PM,KXATPMATCH-26APR19RUBFIL-FIL,66,7055,65,6367,64,96,62,151,61,162,66,1,67,2,68,9634,69,10751,70,2644,66.0
2026-04-18 01:33:09 PM,KXATPMATCH-26APR19RUBFIL-FIL,66,7055,65,6367,64,96,62,151,61,162,66,1,67,2,68,9601,69,10751,70,2644,66.0
2026-04-18 01:33:09 PM,KXATPMATCH-26APR19RUBFIL-FIL,66,7272,65,6367,64,96,62,151,61,162,66,1,67,2,68,9601,69,10751,70,2644,66.0
2026-04-18 01:33:09 PM,KXATPMATCH-26APR19RUBFIL-FIL,66,7272,65,6367,64,96,62,151,61,162,66,1,67,2,68,9601,69,11550,70,2644,66.0
2026-04-18 01:33:09 PM,KXATPMATCH-26APR19RUBFIL-FIL,66,7272,65,6367,64,96,62,151,61,162,66,1,67,2,68,9601,69,11550,70,1712,66.0
2026-04-18 01:33:11 PM,KXATPMATCH-26APR19RUBFIL-FIL,66,7215,65,6367,64,96,62,151,61,162,66,1,67,2,68,9601,69,11550,70,1712,66.0
2026-04-18 01:33:11 PM,KXATPMATCH-26APR19RUBFIL-FIL,66,7215,65,6367,64,96,62,151,61,162,66,1,67,2,68,9601,69,11892,70,1712,66.0
2026-04-18 01:33:15 PM,KXATPMATCH-26APR19RUBFIL-FIL,66,7215,65,6367,64,96,62,151,61,162,66,1,67,2,68,9601,69,11550,70,1712,66.0
2026-04-18 01:33:15 PM,KXATPMATCH-26APR19RUBFIL-FIL,66,7272,65,6367,64,96,62,151,61,162,66,1,67,2,68,9601,69,11550,70,1712,66.0
2026-04-18 01:33:18 PM,KXATPMATCH-26APR19RUBFIL-FIL,66,7272,65,6367,64,96,62,151,61,162,66,1,67,2,68,9601,69,10751,70,1712,66.0
2026-04-18 01:33:18 PM,KXATPMATCH-26APR19RUBFIL-FIL,66,7138,65,6367,64,96,62,151,61,162,66,1,67,2,68,9601,69,10751,70,1712,66.0
2026-04-18 01:33:18 PM,KXATPMATCH-26APR19RUBFIL-FIL,66,7138,65,6367,64,96,62,151,61,162,66,1,67,2,68,9734,69,10751,70,1712,66.0
2026-04-18 01:33:22 PM,KXATPMATCH-26APR19RUBFIL-FIL,66,7092,65,6367,64,96,62,151,61,162,66,1,67,2,68,9734,69,10751,70,1712,66.0
2026-04-18 01:33:22 PM,KXATPMATCH-26APR19RUBFIL-FIL,66,7092,65,6367,64,96,62,151,61,162,66,1,67,2,68,9734,69,11030,70,1712,66.0
2026-04-18 01:33:27 PM,KXATPMATCH-26APR19RUBFIL-FIL,66,7055,65,6367,64,96,62,151,61,162,66,1,67,2,68,9734,69,11030,70,1712,66.0
2026-04-18 01:33:27 PM,KXATPMATCH-26APR19RUBFIL-FIL,66,7055,65,6367,64,7,62,151,61,162,66,1,67,2,68,9734,69,11030,70,1712,66.0
2026-04-18 01:33:27 PM,KXATPMATCH-26APR19RUBFIL-FIL,66,7055,65,6367,64,7,62,151,61,162,66,1,67,2,68,9734,69,10380,70,1712,66.0
2026-04-18 01:33:27 PM,KXATPMATCH-26APR19RUBFIL-FIL,66,7055,65,6367,64,7,62,151,61,162,66,1,67,2,68,9734,69,10101,70,1712,66.0
2026-04-18 01:33:27 PM,KXATPMATCH-26APR19RUBFIL-FIL,67,103,66,7055,65,6367,64,7,62,151,66,1,67,2,68,9734,69,10101,70,1712,66.5
2026-04-18 01:33:27 PM,KXATPMATCH-26APR19RUBFIL-FIL,67,103,66,7055,65,6367,64,7,62,151,66,1,67,2,68,9734,69,10101,70,2320,66.5
2026-04-18 01:33:30 PM,KXATPMATCH-26APR19RUBFIL-FIL,67,657,66,7055,65,6367,64,7,62,151,66,1,67,2,68,9734,69,10101,70,2320,66.5
2026-04-18 01:33:30 PM,KXATPMATCH-26APR19RUBFIL-FIL,67,1022,66,7055,65,6367,64,7,62,151,66,1,67,2,68,9734,69,10101,70,2320,66.5
2026-04-18 01:33:32 PM,KXATPMATCH-26APR19RUBFIL-FIL,67,1022,66,7055,65,6267,64,7,62,151,66,1,67,2,68,9734,69,10101,70,2320,66.5
2026-04-18 01:33:32 PM,KXATPMATCH-26APR19RUBFIL-FIL,67,1122,66,7055,65,6267,64,7,62,151,66,1,67,2,68,9734,69,10101,70,2320,66.5
2026-04-18 01:33:32 PM,KXATPMATCH-26APR19RUBFIL-FIL,67,1122,66,7055,65,6267,64,7,62,151,66,1,67,2,68,9734,69,10101,70,3253,66.5
2026-04-18 01:33:32 PM,KXATPMATCH-26APR19RUBFIL-FIL,67,2055,66,7055,65,6267,64,7,62,151,66,1,67,2,68,9734,69,10101,70,3253,66.5
2026-04-18 01:33:32 PM,KXATPMATCH-26APR19RUBFIL-FIL,67,2055,66,7055,65,6267,64,7,62,151,66,1,67,2,68,9734,69,10101,70,2320,66.5
2026-04-18 01:33:32 PM,KXATPMATCH-26APR19RUBFIL-FIL,67,2055,66,7055,65,6267,64,7,62,151,66,1,67,2,68,134,69,10101,70,2320,66.5
2026-04-18 01:33:32 PM,KXATPMATCH-26APR19RUBFIL-FIL,67,1122,66,7055,65,6267,64,7,62,151,66,1,67,2,68,134,69,10101,70,2320,66.5
2026-04-18 01:33:32 PM,KXATPMATCH-26APR19RUBFIL-FIL,67,1122,66,7055,65,6267,64,7,62,151,66,1,67,2,68,134,69,10101,70,11920,66.5
2026-04-18 01:33:41 PM,KXATPMATCH-26APR19RUBFIL-FIL,67,1122,66,7055,65,6267,64,7,62,151,66,1,67,2,68,134,69,10101,70,11918,66.5
2026-04-18 01:33:41 PM,KXATPMATCH-26APR19RUBFIL-FIL,67,1122,66,7055,65,6267,64,7,62,151,66,1,67,2,68,134,69,10101,70,11906,66.5
2026-04-18 01:33:41 PM,KXATPMATCH-26APR19RUBFIL-FIL,67,1019,66,7055,65,6267,64,7,62,151,66,1,67,2,68,134,69,10101,70,11906,66.5
2026-04-18 01:33:41 PM,KXATPMATCH-26APR19RUBFIL-FIL,67,1019,66,7117,65,6267,64,7,62,151,66,1,67,2,68,134,69,10101,70,11906,66.5
2026-04-18 01:33:41 PM,KXATPMATCH-26APR19RUBFIL-FIL,67,1019,66,7117,65,6267,64,98,62,151,66,1,67,2,68,134,69,10101,70,11906,66.5
2026-04-18 01:33:41 PM,KXATPMATCH-26APR19RUBFIL-FIL,67,1019,66,7117,65,6267,64,98,62,151,66,1,67,2,68,134,69,10876,70,11906,66.5
2026-04-18 01:33:42 PM,KXATPMATCH-26APR19RUBFIL-FIL,67,1019,66,7117,65,6267,64,98,62,151,66,1,67,2,68,134,69,10876,70,11905,66.5
2026-04-18 01:33:42 PM,KXATPMATCH-26APR19RUBFIL-FIL,67,1019,66,7117,65,6267,64,98,62,151,66,1,67,2,68,134,69,10876,70,11904,66.5
2026-04-18 01:33:42 PM,KXATPMATCH-26APR19RUBFIL-FIL,67,1019,66,7117,65,6267,64,98,62,151,66,1,67,2,68,134,69,10938,70,11904,66.5
2026-04-18 01:34:12 PM,KXATPMATCH-26APR19RUBFIL-FIL,67,1019,66,7117,65,6267,64,98,62,151,66,1,67,2,68,134,69,10938,70,11309,66.5
2026-04-18 01:34:56 PM,KXATPMATCH-26APR19RUBFIL-FIL,67,1019,66,7117,65,6267,64,91,62,151,66,1,67,2,68,134,69,10938,70,11309,66.5
2026-04-18 01:34:59 PM,KXATPMATCH-26APR19RUBFIL-FIL,67,1019,66,7117,65,6267,64,91,62,651,66,1,67,2,68,134,69,10938,70,11309,66.5
2026-04-18 01:35:25 PM,KXATPMATCH-26APR19RUBFIL-FIL,67,1019,66,7117,65,6267,64,91,63,7,66,1,67,2,68,134,69,10938,70,11309,66.5
2026-04-18 01:35:36 PM,KXATPMATCH-26APR19RUBFIL-FIL,67,1019,66,6202,65,6267,64,91,63,7,66,1,67,2,68,134,69,10938,70,11309,66.5
2026-04-18 01:35:49 PM,KXATPMATCH-26APR19RUBFIL-FIL,67,1019,66,7135,65,6267,64,91,63,7,66,1,67,2,68,134,69,10938,70,11309,66.5
2026-04-18 01:36:48 PM,KXATPMATCH-26APR19RUBFIL-FIL,67,1019,66,7135,65,6267,64,91,63,7,66,1,67,2,68,134,69,10938,70,12245,66.5
2026-04-18 01:36:53 PM,KXATPMATCH-26APR19RUBFIL-FIL,67,1019,66,7135,65,6267,64,91,63,7,66,1,67,2,68,134,69,10938,70,12645,66.5
2026-04-18 01:36:53 PM,KXATPMATCH-26APR19RUBFIL-FIL,67,1019,66,7135,65,6267,64,600,63,7,66,1,67,2,68,134,69,10938,70,12645,66.5
2026-04-18 01:36:54 PM,KXATPMATCH-26APR19RUBFIL-FIL,67,1019,66,7135,65,6267,64,600,63,7,66,1,67,2,68,134,69,10938,70,11709,66.5
2026-04-18 01:37:47 PM,KXATPMATCH-26APR19RUBFIL-FIL,67,1019,66,7135,65,6267,64,600,63,7,66,1,67,2,68,1,69,10938,70,11709,66.5
2026-04-18 01:37:49 PM,KXATPMATCH-26APR19RUBFIL-FIL,67,1019,66,7052,65,6267,64,600,63,7,66,1,67,2,68,1,69,10938,70,11709,66.5
2026-04-18 01:37:49 PM,KXATPMATCH-26APR19RUBFIL-FIL,67,1019,66,7268,65,6267,64,600,63,7,66,1,67,2,68,1,69,10938,70,11709,66.5
2026-04-18 01:38:16 PM,KXATPMATCH-26APR19RUBFIL-FIL,67,1019,66,7268,65,6267,64,600,63,7,66,1,67,2,68,1,69,11142,70,11709,66.5
2026-04-18 01:38:19 PM,KXATPMATCH-26APR19RUBFIL-FIL,67,1019,66,7052,65,6267,64,600,63,7,66,1,67,2,68,1,69,11142,70,11709,66.5
2026-04-18 01:38:19 PM,KXATPMATCH-26APR19RUBFIL-FIL,67,1019,66,7052,65,5991,64,600,63,7,66,1,67,2,68,1,69,11142,70,11709,66.5
2026-04-18 01:38:19 PM,KXATPMATCH-26APR19RUBFIL-FIL,67,1019,66,7052,65,5705,64,600,63,7,66,1,67,2,68,1,69,11142,70,11709,66.5
2026-04-18 01:38:19 PM,KXATPMATCH-26APR19RUBFIL-FIL,67,1019,66,7052,65,5467,64,600,63,7,66,1,67,2,68,1,69,11142,70,11709,66.5
2026-04-18 01:38:19 PM,KXATPMATCH-26APR19RUBFIL-FIL,67,1069,66,7052,65,5467,64,600,63,7,66,1,67,2,68,1,69,11142,70,11709,66.5
2026-04-18 01:38:19 PM,KXATPMATCH-26APR19RUBFIL-FIL,67,1069,66,7285,65,5467,64,600,63,7,66,1,67,2,68,1,69,11142,70,11709,66.5
2026-04-18 01:38:19 PM,KXATPMATCH-26APR19RUBFIL-FIL,67,1069,66,7285,65,5467,64,600,63,7,66,1,67,2,68,1,69,11875,70,11709,66.5
2026-04-18 01:39:06 PM,KXATPMATCH-26APR19RUBFIL-FIL,67,1069,66,7285,65,5467,64,600,63,7,66,1,67,2,68,1,69,11812,70,11709,66.5
2026-04-18 01:39:36 PM,KXATPMATCH-26APR19RUBFIL-FIL,67,1069,66,7285,65,5467,64,600,63,7,66,1,67,2,68,1,69,11750,70,11709,66.5
2026-04-18 01:39:51 PM,KXATPMATCH-26APR19RUBFIL-FIL,67,1069,66,7285,65,5467,64,600,63,7,66,1,67,2,68,1,69,11750,70,12645,66.5
2026-04-18 01:40:01 PM,KXATPMATCH-26APR19RUBFIL-FIL,67,1069,66,7285,65,5467,64,600,63,7,66,1,67,2,68,1,69,11750,70,11709,66.5
2026-04-18 01:40:14 PM,KXATPMATCH-26APR19RUBFIL-FIL,67,1069,66,7285,65,5467,64,600,63,7,66,1,67,2,68,1,69,11546,70,11709,66.5
2026-04-18 01:40:22 PM,KXATPMATCH-26APR19RUBFIL-FIL,67,1069,66,7285,65,5467,64,600,63,7,66,1,67,2,68,1,69,11546,70,12645,66.5
2026-04-18 01:40:44 PM,KXATPMATCH-26APR19RUBFIL-FIL,67,1069,66,7285,65,5467,64,600,63,7,66,1,67,2,68,1,69,11518,70,12645,66.5
2026-04-18 01:41:07 PM,KXATPMATCH-26APR19RUBFIL-FIL,67,1069,66,7285,65,5467,64,600,63,7,66,1,67,2,68,1,69,11234,70,12645,66.5
2026-04-18 01:41:07 PM,KXATPMATCH-26APR19RUBFIL-FIL,67,1353,66,7285,65,5467,64,600,63,7,66,1,67,2,68,1,69,11234,70,12645,66.5
2026-04-18 01:41:25 PM,KXATPMATCH-26APR19RUBFIL-FIL,67,1353,66,7285,65,5467,64,600,63,7,66,1,67,2,68,1,69,11234,70,11709,66.5
2026-04-18 01:41:25 PM,KXATPMATCH-26APR19RUBFIL-FIL,67,2289,66,7285,65,5467,64,600,63,7,66,1,67,2,68,1,69,11234,70,11709,66.5
2026-04-18 01:41:25 PM,KXATPMATCH-26APR19RUBFIL-FIL,67,2289,66,6352,65,5467,64,600,63,7,66,1,67,2,68,1,69,11234,70,11709,66.5
2026-04-18 01:41:26 PM,KXATPMATCH-26APR19RUBFIL-FIL,67,1353,66,6352,65,5467,64,600,63,7,66,1,67,2,68,1,69,11234,70,11709,66.5
2026-04-18 01:41:34 PM,KXATPMATCH-26APR19RUBFIL-FIL,67,1353,66,6352,65,6403,64,600,63,7,66,1,67,2,68,1,69,11234,70,11709,66.5
2026-04-18 01:41:34 PM,KXATPMATCH-26APR19RUBFIL-FIL,67,1353,66,6352,65,6403,64,600,63,7,66,1,67,2,68,1,69,12170,70,11709,66.5
2026-04-18 01:41:34 PM,KXATPMATCH-26APR19RUBFIL-FIL,67,1353,66,6352,65,6403,64,600,63,7,66,1,67,2,68,1,69,11234,70,11709,66.5
2026-04-18 01:41:43 PM,KXATPMATCH-26APR19RUBFIL-FIL,67,1353,66,7288,65,6403,64,600,63,7,66,1,67,2,68,1,69,11234,70,11709,66.5
2026-04-18 01:41:44 PM,KXATPMATCH-26APR19RUBFIL-FIL,67,1353,66,7288,65,5467,64,600,63,7,66,1,67,2,68,1,69,11234,70,11709,66.5
2026-04-18 01:41:49 PM,KXATPMATCH-26APR19RUBFIL-FIL,67,1353,66,7288,65,5467,64,600,62,651,66,1,67,2,68,1,69,11234,70,11709,66.5
2026-04-18 01:41:53 PM,KXATPMATCH-26APR19RUBFIL-FIL,67,1353,66,7288,65,5467,64,600,62,651,66,1,67,2,68,1,69,11269,70,11709,66.5
2026-04-18 01:43:18 PM,KXATPMATCH-26APR19RUBFIL-FIL,67,1353,66,7288,65,5467,64,600,62,651,66,1,67,2,68,1,69,11265,70,11709,66.5
2026-04-18 01:44:21 PM,KXATPMATCH-26APR19RUBFIL-FIL,67,1353,66,7288,65,5467,64,600,62,651,66,1,67,2,68,1,69,11265,70,12645,66.5
2026-04-18 01:44:21 PM,KXATPMATCH-26APR19RUBFIL-FIL,67,1353,66,7288,65,5467,64,600,62,651,66,1,67,2,68,1,69,11230,70,12645,66.5
2026-04-18 01:45:01 PM,KXATPMATCH-26APR19RUBFIL-FIL,67,1353,66,7288,65,5467,64,600,62,802,66,1,67,2,68,1,69,11230,70,12645,66.5
2026-04-18 01:45:01 PM,KXATPMATCH-26APR19RUBFIL-FIL,67,1353,66,7288,65,5467,64,600,62,802,66,1,67,2,68,1,69,11230,70,12332,66.5
2026-04-18 01:45:09 PM,KXATPMATCH-26APR19RUBFIL-FIL,67,1353,66,7288,65,5467,64,600,62,802,66,1,67,2,68,1,69,11219,70,12332,66.5
2026-04-18 01:45:14 PM,KXATPMATCH-26APR19RUBFIL-FIL,67,1353,66,7288,65,5467,64,600,62,802,66,1,67,2,68,1,69,11219,70,11396,66.5
2026-04-18 01:46:40 PM,KXATPMATCH-26APR19RUBFIL-FIL,67,1353,66,7288,65,5467,64,600,62,802,66,1,67,2,68,1,69,11218,70,11396,66.5
2026-04-18 01:46:49 PM,KXATPMATCH-26APR19RUBFIL-FIL,67,1353,66,7288,65,5467,64,600,62,802,66,1,67,2,68,1,69,11218,70,12332,66.5
2026-04-18 01:48:18 PM,KXATPMATCH-26APR19RUBFIL-FIL,67,1353,66,7288,65,5467,64,600,62,802,66,1,67,2,68,1,69,11068,70,12332,66.5
2026-04-18 01:51:09 PM,KXATPMATCH-26APR19RUBFIL-FIL,67,1353,66,7288,65,5467,64,600,62,802,66,1,67,2,68,1,69,11068,70,11396,66.5
2026-04-18 01:51:12 PM,KXATPMATCH-26APR19RUBFIL-FIL,67,1358,66,7288,65,5467,64,600,62,802,66,1,67,2,68,1,69,11068,70,11396,66.5
2026-04-18 01:51:17 PM,KXATPMATCH-26APR19RUBFIL-FIL,67,1358,66,7288,65,5467,64,600,62,802,66,1,67,2,68,1,69,11068,70,12332,66.5
2026-04-18 01:52:04 PM,KXATPMATCH-26APR19RUBFIL-FIL,68,20,67,1358,66,7288,65,5467,64,600,66,1,67,2,68,1,69,11068,70,12332,67.0
2026-04-18 01:57:20 PM,KXATPMATCH-26APR19RUBFIL-FIL,68,20,67,1353,66,7288,65,5467,64,600,66,1,67,2,68,1,69,11068,70,12332,67.0
2026-04-18 01:57:49 PM,KXATPMATCH-26APR19RUBFIL-FIL,68,20,67,1353,66,7288,65,5467,64,600,66,1,67,2,68,1,69,11054,70,12332,67.0
2026-04-18 01:58:12 PM,KXATPMATCH-26APR19RUBFIL-FIL,68,25,67,1353,66,7288,65,5467,64,600,66,1,67,2,68,1,69,11054,70,12332,67.0
2026-04-18 02:08:27 PM,KXATPMATCH-26APR19RUBFIL-FIL,68,25,67,1353,66,7288,65,5467,64,600,66,1,67,2,68,1,69,11054,70,11396,67.0
2026-04-18 02:08:27 PM,KXATPMATCH-26APR19RUBFIL-FIL,68,25,67,2289,66,7288,65,5467,64,600,66,1,67,2,68,1,69,11054,70,11396,67.0
2026-04-18 02:08:27 PM,KXATPMATCH-26APR19RUBFIL-FIL,68,25,67,2289,66,6352,65,5467,64,600,66,1,67,2,68,1,69,11054,70,11396,67.0
2026-04-18 02:08:30 PM,KXATPMATCH-26APR19RUBFIL-FIL,68,25,67,1353,66,6352,65,5467,64,600,66,1,67,2,68,1,69,11054,70,11396,67.0
2026-04-18 02:08:30 PM,KXATPMATCH-26APR19RUBFIL-FIL,68,25,67,1364,66,6352,65,5467,64,600,66,1,67,2,68,1,69,11054,70,11396,67.0
2026-04-18 02:08:30 PM,KXATPMATCH-26APR19RUBFIL-FIL,68,25,67,1364,66,6360,65,5467,64,600,66,1,67,2,68,1,69,11054,70,11396,67.0
2026-04-18 02:08:30 PM,KXATPMATCH-26APR19RUBFIL-FIL,68,25,67,1364,66,6360,65,5467,64,600,66,1,67,2,68,1,69,11054,70,11407,67.0
2026-04-18 02:08:36 PM,KXATPMATCH-26APR19RUBFIL-FIL,68,25,67,1364,66,7296,65,5467,64,600,66,1,67,2,68,1,69,11054,70,11407,67.0
2026-04-18 02:08:36 PM,KXATPMATCH-26APR19RUBFIL-FIL,68,25,67,1364,66,7296,65,5467,64,600,66,1,67,2,68,1,69,11054,70,12343,67.0
2026-04-18 02:08:44 PM,KXATPMATCH-26APR19RUBFIL-FIL,68,25,67,1364,66,7296,65,5467,64,600,66,1,67,2,68,1,69,11054,70,11407,67.0
2026-04-18 02:08:44 PM,KXATPMATCH-26APR19RUBFIL-FIL,68,25,67,810,66,7296,65,5467,64,600,66,1,67,2,68,1,69,11054,70,11407,67.0
2026-04-18 02:08:44 PM,KXATPMATCH-26APR19RUBFIL-FIL,68,25,67,1746,66,7296,65,5467,64,600,66,1,67,2,68,1,69,11054,70,11407,67.0
2026-04-18 02:08:44 PM,KXATPMATCH-26APR19RUBFIL-FIL,68,25,67,810,66,7296,65,5467,64,600,66,1,67,2,68,1,69,11054,70,11407,67.0
2026-04-18 02:08:54 PM,KXATPMATCH-26APR19RUBFIL-FIL,68,25,67,1746,66,7296,65,5467,64,600,66,1,67,2,68,1,69,11054,70,11407,67.0
2026-04-18 02:08:54 PM,KXATPMATCH-26APR19RUBFIL-FIL,68,25,67,1746,66,6360,65,5467,64,600,66,1,67,2,68,1,69,11054,70,11407,67.0
2026-04-18 02:08:57 PM,KXATPMATCH-26APR19RUBFIL-FIL,68,25,67,2688,66,6360,65,5467,64,600,66,1,67,2,68,1,69,11054,70,11407,67.0
2026-04-18 02:08:57 PM,KXATPMATCH-26APR19RUBFIL-FIL,68,485,67,2688,66,6360,65,5467,64,600,66,1,67,2,68,1,69,11054,70,11407,67.0
2026-04-18 02:08:57 PM,KXATPMATCH-26APR19RUBFIL-FIL,68,485,67,2688,66,6360,65,5250,64,600,66,1,67,2,68,1,69,11054,70,11407,67.0
2026-04-18 02:08:57 PM,KXATPMATCH-26APR19RUBFIL-FIL,68,485,67,2688,66,6360,65,5250,64,91,66,1,67,2,68,1,69,11054,70,11407,67.0
2026-04-18 02:08:57 PM,KXATPMATCH-26APR19RUBFIL-FIL,68,485,67,2688,66,6360,65,4894,64,91,66,1,67,2,68,1,69,11054,70,11407,67.0
2026-04-18 02:08:57 PM,KXATPMATCH-26APR19RUBFIL-FIL,68,485,67,2688,66,6360,65,4894,64,91,66,1,67,2,68,1,69,11054,70,11007,67.0
2026-04-18 02:08:57 PM,KXATPMATCH-26APR19RUBFIL-FIL,68,1166,67,2688,66,6360,65,4894,64,91,66,1,67,2,68,1,69,11054,70,11007,67.0
2026-04-18 02:08:57 PM,KXATPMATCH-26APR19RUBFIL-FIL,68,1166,67,2588,66,6360,65,4894,64,91,66,1,67,2,68,1,69,11054,70,11007,67.0
2026-04-18 02:08:57 PM,KXATPMATCH-26APR19RUBFIL-FIL,68,1166,67,2588,66,6360,65,4894,64,91,66,1,67,2,68,1,69,10763,70,11007,67.0
2026-04-18 02:08:57 PM,KXATPMATCH-26APR19RUBFIL-FIL,68,1266,67,2588,66,6360,65,4894,64,91,66,1,67,2,68,1,69,10763,70,11007,67.0
2026-04-18 02:08:57 PM,KXATPMATCH-26APR19RUBFIL-FIL,68,1266,67,2588,66,6360,65,4894,64,91,66,1,67,2,68,1,69,10763,70,11507,67.0
2026-04-18 02:08:57 PM,KXATPMATCH-26APR19RUBFIL-FIL,68,1266,67,1652,66,6360,65,4894,64,91,66,1,67,2,68,1,69,10763,70,11507,67.0
2026-04-18 02:08:57 PM,KXATPMATCH-26APR19RUBFIL-FIL,68,1266,67,1652,66,6360,65,4894,64,91,66,1,67,2,68,1,69,10369,70,11507,67.0
2026-04-18 02:08:57 PM,KXATPMATCH-26APR19RUBFIL-FIL,68,1266,67,2046,66,6360,65,4894,64,91,66,1,67,2,68,1,69,10369,70,11507,67.0
2026-04-18 02:08:58 PM,KXATPMATCH-26APR19RUBFIL-FIL,68,1266,67,2046,66,6360,65,94,64,91,66,1,67,2,68,1,69,10369,70,11507,67.0
2026-04-18 02:08:58 PM,KXATPMATCH-26APR19RUBFIL-FIL,68,1266,67,6846,66,6360,65,94,64,91,66,1,67,2,68,1,69,10369,70,11507,67.0
2026-04-18 02:09:02 PM,KXATPMATCH-26APR19RUBFIL-FIL,68,1266,67,7800,66,6360,65,94,64,91,66,1,67,2,68,1,69,10369,70,11507,67.0
2026-04-18 02:09:27 PM,KXATPMATCH-26APR19RUBFIL-FIL,68,1266,67,7800,66,6360,65,94,64,591,66,1,67,2,68,1,69,10369,70,11507,67.0
2026-04-18 02:09:43 PM,KXATPMATCH-26APR19RUBFIL-FIL,68,806,67,7800,66,6360,65,94,64,591,66,1,67,2,68,1,69,10369,70,11507,67.0
2026-04-18 02:09:43 PM,KXATPMATCH-26APR19RUBFIL-FIL,68,125,67,7800,66,6360,65,94,64,591,66,1,67,2,68,1,69,10369,70,11507,67.0
2026-04-18 02:09:45 PM,KXATPMATCH-26APR19RUBFIL-FIL,68,125,67,7553,66,6360,65,94,64,591,66,1,67,2,68,1,69,10369,70,11507,67.0
2026-04-18 02:09:45 PM,KXATPMATCH-26APR19RUBFIL-FIL,68,25,67,7553,66,6360,65,94,64,591,66,1,67,2,68,1,69,10369,70,11507,67.0
2026-04-18 02:09:45 PM,KXATPMATCH-26APR19RUBFIL-FIL,68,25,67,7553,66,6360,65,94,64,591,66,1,67,2,68,1,69,10616,70,11507,67.0
2026-04-18 02:09:45 PM,KXATPMATCH-26APR19RUBFIL-FIL,68,25,67,7553,66,6360,65,94,64,591,66,1,67,2,68,1,69,10616,70,11007,67.0
2026-04-18 02:09:45 PM,KXATPMATCH-26APR19RUBFIL-FIL,68,25,67,7653,66,6360,65,94,64,591,66,1,67,2,68,1,69,10616,70,11007,67.0
2026-04-18 02:09:45 PM,KXATPMATCH-26APR19RUBFIL-FIL,68,25,67,7653,66,6360,65,94,64,591,66,1,67,2,68,1,69,11116,70,11007,67.0
2026-04-18 02:10:14 PM,KXATPMATCH-26APR19RUBFIL-FIL,68,25,67,7653,66,6360,65,94,64,91,66,1,67,2,68,1,69,11116,70,11007,67.0
2026-04-18 02:10:45 PM,KXATPMATCH-26APR19RUBFIL-FIL,68,25,67,7653,66,6360,65,94,64,91,66,1,67,2,68,1,69,11116,70,11008,67.0
2026-04-18 02:10:54 PM,KXATPMATCH-26APR19RUBFIL-FIL,68,25,67,7653,66,6360,65,94,64,91,66,1,67,2,68,1,69,11116,70,11007,67.0
2026-04-18 02:11:22 PM,KXATPMATCH-26APR19RUBFIL-FIL,68,25,67,7653,66,6346,65,94,64,91,66,1,67,2,68,1,69,11116,70,11007,67.0
2026-04-18 02:11:22 PM,KXATPMATCH-26APR19RUBFIL-FIL,68,25,67,7653,66,6346,64,91,63,500,66,1,67,2,68,1,69,11116,70,11007,67.0
2026-04-18 02:11:22 PM,KXATPMATCH-26APR19RUBFIL-FIL,68,25,67,7653,66,6346,63,500,62,302,66,1,67,2,68,1,69,11116,70,11007,67.0
2026-04-18 02:11:22 PM,KXATPMATCH-26APR19RUBFIL-FIL,68,25,67,7653,66,6346,63,500,62,302,66,1,67,2,68,1,69,11054,70,11007,67.0
2026-04-18 02:11:22 PM,KXATPMATCH-26APR19RUBFIL-FIL,68,25,67,7653,66,6346,63,500,62,302,66,1,67,2,68,1,69,11054,70,10412,67.0
2026-04-18 02:11:22 PM,KXATPMATCH-26APR19RUBFIL-FIL,68,25,67,7653,66,6346,63,500,62,302,66,1,67,2,68,1,69,10404,70,10412,67.0
2026-04-18 02:11:22 PM,KXATPMATCH-26APR19RUBFIL-FIL,68,133,67,7653,66,6346,63,500,62,302,66,1,67,2,68,1,69,10404,70,10412,67.0
2026-04-18 02:11:22 PM,KXATPMATCH-26APR19RUBFIL-FIL,68,133,67,7751,66,6346,63,500,62,302,66,1,67,2,68,1,69,10404,70,10412,67.0
2026-04-18 02:11:22 PM,KXATPMATCH-26APR19RUBFIL-FIL,68,133,67,7751,66,6346,63,500,62,302,66,1,67,2,68,1,69,9904,70,10412,67.0
2026-04-18 02:11:22 PM,KXATPMATCH-26APR19RUBFIL-FIL,68,133,67,7751,66,6346,63,500,62,302,66,1,67,2,68,1,69,9904,70,10912,67.0
2026-04-18 02:11:22 PM,KXATPMATCH-26APR19RUBFIL-FIL,68,133,67,7651,66,6346,63,500,62,302,66,1,67,2,68,1,69,9904,70,10912,67.0
2026-04-18 02:11:22 PM,KXATPMATCH-26APR19RUBFIL-FIL,68,233,67,7651,66,6346,63,500,62,302,66,1,67,2,68,1,69,9904,70,10912,67.0
2026-04-18 02:11:47 PM,KXATPMATCH-26APR19RUBFIL-FIL,68,233,67,7651,66,6346,63,500,62,302,66,1,67,2,68,1,69,9894,70,10912,67.0
2026-04-18 02:11:48 PM,KXATPMATCH-26APR19RUBFIL-FIL,68,233,67,7656,66,6346,63,500,62,302,66,1,67,2,68,1,69,9894,70,10912,67.0
2026-04-18 02:11:48 PM,KXATPMATCH-26APR19RUBFIL-FIL,68,233,67,7656,66,6351,63,500,62,302,66,1,67,2,68,1,69,9894,70,10912,67.0
2026-04-18 02:11:52 PM,KXATPMATCH-26APR19RUBFIL-FIL,68,233,67,7656,66,6289,63,500,62,302,66,1,67,2,68,1,69,9894,70,10912,67.0
2026-04-18 02:11:55 PM,KXATPMATCH-26APR19RUBFIL-FIL,68,236,67,7656,66,6289,63,500,62,302,66,1,67,2,68,1,69,9894,70,10912,67.0
2026-04-18 02:12:16 PM,KXATPMATCH-26APR19RUBFIL-FIL,68,236,67,7656,66,6289,63,500,62,302,66,1,67,2,68,1,69,9891,70,10912,67.0
2026-04-18 02:12:16 PM,KXATPMATCH-26APR19RUBFIL-FIL,68,233,67,7656,66,6289,63,500,62,302,66,1,67,2,68,1,69,9891,70,10912,67.0
2026-04-18 02:12:16 PM,KXATPMATCH-26APR19RUBFIL-FIL,68,233,67,7656,66,6289,63,500,62,337,66,1,67,2,68,1,69,9891,70,10912,67.0
2026-04-18 02:12:16 PM,KXATPMATCH-26APR19RUBFIL-FIL,68,233,67,7657,66,6289,63,500,62,337,66,1,67,2,68,1,69,9891,70,10912,67.0
2026-04-18 02:12:16 PM,KXATPMATCH-26APR19RUBFIL-FIL,68,233,67,7657,66,6290,63,500,62,337,66,1,67,2,68,1,69,9891,70,10912,67.0
2026-04-18 02:12:17 PM,KXATPMATCH-26APR19RUBFIL-FIL,68,125,67,7657,66,6290,63,500,62,337,66,1,67,2,68,1,69,9891,70,10912,67.0
2026-04-18 02:12:17 PM,KXATPMATCH-26APR19RUBFIL-FIL,68,125,67,7688,66,6290,63,500,62,337,66,1,67,2,68,1,69,9891,70,10912,67.0
2026-04-18 02:12:17 PM,KXATPMATCH-26APR19RUBFIL-FIL,68,125,67,7688,66,6290,65,92,63,500,66,1,67,2,68,1,69,9891,70,10912,67.0
2026-04-18 02:12:17 PM,KXATPMATCH-26APR19RUBFIL-FIL,68,125,67,7688,66,6290,65,92,63,500,66,1,67,2,68,1,69,9891,70,11962,67.0
2026-04-18 02:12:47 PM,KXATPMATCH-26APR19RUBFIL-FIL,68,25,67,7688,66,6290,65,92,63,500,66,1,67,2,68,1,69,9891,70,11962,67.0
2026-04-18 02:12:48 PM,KXATPMATCH-26APR19RUBFIL-FIL,68,25,67,7688,66,6290,65,92,63,500,66,1,67,2,68,1,69,9891,70,11462,67.0
2026-04-18 02:12:48 PM,KXATPMATCH-26APR19RUBFIL-FIL,68,25,67,7788,66,6290,65,92,63,500,66,1,67,2,68,1,69,9891,70,11462,67.0
2026-04-18 02:12:48 PM,KXATPMATCH-26APR19RUBFIL-FIL,68,25,67,7788,66,6290,65,92,63,500,66,1,67,2,68,1,69,10391,70,11462,67.0
2026-04-18 02:14:07 PM,KXATPMATCH-26APR19RUBFIL-FIL,68,25,67,7788,66,5753,65,92,63,500,66,1,67,2,68,1,69,10391,70,11462,67.0
2026-04-18 02:14:07 PM,KXATPMATCH-26APR19RUBFIL-FIL,68,25,67,7641,66,5753,65,92,63,500,66,1,67,2,68,1,69,10391,70,11462,67.0
2026-04-18 02:14:07 PM,KXATPMATCH-26APR19RUBFIL-FIL,68,25,67,7641,66,5723,65,92,63,500,66,1,67,2,68,1,69,10391,70,11462,67.0
2026-04-18 02:14:07 PM,KXATPMATCH-26APR19RUBFIL-FIL,68,25,67,7641,66,5490,65,92,63,500,66,1,67,2,68,1,69,10391,70,11462,67.0
2026-04-18 02:14:07 PM,KXATPMATCH-26APR19RUBFIL-FIL,68,25,67,7641,66,5490,65,92,63,500,66,1,67,2,68,1,69,10144,70,11462,67.0
2026-04-18 02:14:07 PM,KXATPMATCH-26APR19RUBFIL-FIL,68,25,67,7641,66,5490,65,92,63,500,66,1,67,2,68,1,69,10089,70,11462,67.0
2026-04-18 02:14:08 PM,KXATPMATCH-26APR19RUBFIL-FIL,68,25,67,7641,66,5490,65,92,63,500,66,1,67,2,68,1,69,10089,70,11096,67.0
2026-04-18 02:14:08 PM,KXATPMATCH-26APR19RUBFIL-FIL,68,374,67,7641,66,5490,65,92,63,500,66,1,67,2,68,1,69,10089,70,11096,67.0
2026-04-18 02:14:08 PM,KXATPMATCH-26APR19RUBFIL-FIL,68,374,67,8107,66,5490,65,92,63,500,66,1,67,2,68,1,69,10089,70,11096,67.0
2026-04-18 02:15:11 PM,KXATPMATCH-26APR19RUBFIL-FIL,68,25,67,8107,66,5490,65,92,63,500,66,1,67,2,68,1,69,10089,70,11096,67.0
2026-04-18 02:15:11 PM,KXATPMATCH-26APR19RUBFIL-FIL,68,25,67,8107,66,5490,65,92,63,500,66,1,67,2,68,1,69,10089,70,11445,67.0
2026-04-18 02:18:06 PM,KXATPMATCH-26APR19RUBFIL-FIL,68,25,67,8107,66,6432,65,92,63,500,66,1,67,2,68,1,69,10089,70,11445,67.0
2026-04-18 02:18:06 PM,KXATPMATCH-26APR19RUBFIL-FIL,68,25,67,7153,66,6432,65,92,63,500,66,1,67,2,68,1,69,10089,70,11445,67.0
2026-04-18 02:18:14 PM,KXATPMATCH-26APR19RUBFIL-FIL,68,25,67,8095,66,6432,65,92,63,500,66,1,67,2,68,1,69,10089,70,11445,67.0
2026-04-18 02:18:14 PM,KXATPMATCH-26APR19RUBFIL-FIL,68,25,67,8095,66,5490,65,92,63,500,66,1,67,2,68,1,69,10089,70,11445,67.0
2026-04-18 02:18:15 PM,KXATPMATCH-26APR19RUBFIL-FIL,68,25,67,7153,66,5490,65,92,63,500,66,1,67,2,68,1,69,10089,70,11445,67.0
2026-04-18 02:18:29 PM,KXATPMATCH-26APR19RUBFIL-FIL,68,25,67,8095,66,5490,65,92,63,500,66,1,67,2,68,1,69,10089,70,11445,67.0
2026-04-18 02:18:50 PM,KXATPMATCH-26APR19RUBFIL-FIL,68,25,67,8095,66,5490,65,92,63,500,66,1,67,2,68,1,69,10085,70,11445,67.0
2026-04-18 02:18:50 PM,KXATPMATCH-26APR19RUBFIL-FIL,68,25,67,8097,66,5490,65,92,63,500,66,1,67,2,68,1,69,10085,70,11445,67.0
2026-04-18 02:18:50 PM,KXATPMATCH-26APR19RUBFIL-FIL,68,25,67,8097,66,5492,65,92,63,500,66,1,67,2,68,1,69,10085,70,11445,67.0
2026-04-18 02:20:08 PM,KXATPMATCH-26APR19RUBFIL-FIL,68,25,67,8097,66,5742,65,92,63,500,66,1,67,2,68,1,69,10085,70,11445,67.0
2026-04-18 02:20:08 PM,KXATPMATCH-26APR19RUBFIL-FIL,68,25,67,8097,66,5742,65,92,63,500,66,1,67,2,68,1,69,10335,70,11445,67.0
2026-04-18 02:24:23 PM,KXATPMATCH-26APR19RUBFIL-FIL,68,25,67,8097,66,6684,65,92,63,500,66,1,67,2,68,1,69,10335,70,11445,67.0
2026-04-18 02:24:23 PM,KXATPMATCH-26APR19RUBFIL-FIL,68,25,67,7155,66,6684,65,92,63,500,66,1,67,2,68,1,69,10335,70,11445,67.0
2026-04-18 02:25:24 PM,KXATPMATCH-26APR19RUBFIL-FIL,68,25,67,8097,66,6684,65,92,63,500,66,1,67,2,68,1,69,10335,70,11445,67.0
2026-04-18 02:25:24 PM,KXATPMATCH-26APR19RUBFIL-FIL,68,25,67,8097,66,5742,65,92,63,500,66,1,67,2,68,1,69,10335,70,11445,67.0
2026-04-18 02:25:36 PM,KXATPMATCH-26APR19RUBFIL-FIL,68,25,67,8097,66,6684,65,92,63,500,66,1,67,2,68,1,69,10335,70,11445,67.0
2026-04-18 02:25:36 PM,KXATPMATCH-26APR19RUBFIL-FIL,68,25,67,8097,66,6684,65,92,63,500,66,1,67,2,68,1,69,10335,70,12387,67.0
2026-04-18 02:25:36 PM,KXATPMATCH-26APR19RUBFIL-FIL,68,25,67,7155,66,6684,65,92,63,500,66,1,67,2,68,1,69,10335,70,12387,67.0
2026-04-18 02:25:36 PM,KXATPMATCH-26APR19RUBFIL-FIL,68,25,67,7155,66,6684,65,92,63,500,66,1,67,2,68,1,69,10335,70,11445,67.0
2026-04-18 02:25:36 PM,KXATPMATCH-26APR19RUBFIL-FIL,68,25,67,7155,66,5742,65,92,63,500,66,1,67,2,68,1,69,10335,70,11445,67.0
2026-04-18 02:25:47 PM,KXATPMATCH-26APR19RUBFIL-FIL,68,25,67,7155,66,6684,65,92,63,500,66,1,67,2,68,1,69,10335,70,11445,67.0
2026-04-18 02:25:47 PM,KXATPMATCH-26APR19RUBFIL-FIL,68,25,67,7155,66,6684,65,92,63,500,66,1,67,2,68,1,69,10335,70,12387,67.0
2026-04-18 02:25:51 PM,KXATPMATCH-26APR19RUBFIL-FIL,68,25,67,7155,66,6684,65,92,63,500,66,1,67,2,68,1,69,10335,70,11445,67.0
2026-04-18 02:25:56 PM,KXATPMATCH-26APR19RUBFIL-FIL,68,25,67,8097,66,6684,65,92,63,500,66,1,67,2,68,1,69,10335,70,11445,67.0
2026-04-18 02:25:56 PM,KXATPMATCH-26APR19RUBFIL-FIL,68,25,67,8097,66,5742,65,92,63,500,66,1,67,2,68,1,69,10335,70,11445,67.0
2026-04-18 02:25:57 PM,KXATPMATCH-26APR19RUBFIL-FIL,68,25,67,7155,66,5742,65,92,63,500,66,1,67,2,68,1,69,10335,70,11445,67.0
2026-04-18 02:26:08 PM,KXATPMATCH-26APR19RUBFIL-FIL,68,25,67,7155,66,6684,65,92,63,500,66,1,67,2,68,1,69,10335,70,11445,67.0
2026-04-18 02:26:18 PM,KXATPMATCH-26APR19RUBFIL-FIL,68,25,67,8097,66,6684,65,92,63,500,66,1,67,2,68,1,69,10335,70,11445,67.0
2026-04-18 02:26:19 PM,KXATPMATCH-26APR19RUBFIL-FIL,68,25,67,8097,66,5742,65,92,63,500,66,1,67,2,68,1,69,10335,70,11445,67.0
2026-04-18 02:26:49 PM,KXATPMATCH-26APR19RUBFIL-FIL,68,25,67,8097,66,5742,65,92,63,500,66,1,67,2,68,1,69,10335,70,11334,67.0
2026-04-18 02:27:00 PM,KXATPMATCH-26APR19RUBFIL-FIL,68,25,67,8097,66,5742,65,92,64,146,66,1,67,2,68,1,69,10335,70,11334,67.0
2026-04-18 02:27:08 PM,KXATPMATCH-26APR19RUBFIL-FIL,68,1025,67,8097,66,5742,65,92,64,146,66,1,67,2,68,1,69,10335,70,11334,67.0
2026-04-18 02:27:08 PM,KXATPMATCH-26APR19RUBFIL-FIL,68,1025,67,8097,66,5742,65,92,64,146,66,1,67,2,68,1,69,9835,70,11334,67.0
2026-04-18 02:27:08 PM,KXATPMATCH-26APR19RUBFIL-FIL,68,1025,67,8097,66,5742,65,92,64,146,66,1,67,2,68,1,69,9835,70,11834,67.0
2026-04-18 02:27:08 PM,KXATPMATCH-26APR19RUBFIL-FIL,68,1025,67,8097,66,5492,65,92,64,146,66,1,67,2,68,1,69,9835,70,11834,67.0
2026-04-18 02:27:08 PM,KXATPMATCH-26APR19RUBFIL-FIL,68,1025,67,8347,66,5492,65,92,64,146,66,1,67,2,68,1,69,9835,70,11834,67.0
2026-04-18 02:27:08 PM,KXATPMATCH-26APR19RUBFIL-FIL,68,1025,67,8347,66,5492,65,92,64,146,66,1,67,2,68,1,69,9585,70,11834,67.0
2026-04-18 02:27:08 PM,KXATPMATCH-26APR19RUBFIL-FIL,68,1025,67,8347,66,5492,65,92,64,146,66,1,67,2,68,1,69,9585,70,12084,67.0
2026-04-18 02:28:54 PM,KXATPMATCH-26APR19RUBFIL-FIL,68,1025,67,8347,66,6439,65,92,64,146,66,1,67,2,68,1,69,9585,70,12084,67.0
2026-04-18 02:28:54 PM,KXATPMATCH-26APR19RUBFIL-FIL,68,1025,67,8347,66,6439,65,92,64,146,66,1,67,2,68,1,69,9585,70,13031,67.0
2026-04-18 02:28:54 PM,KXATPMATCH-26APR19RUBFIL-FIL,68,1025,67,7405,66,6439,65,92,64,146,66,1,67,2,68,1,69,9585,70,13031,67.0
2026-04-18 02:28:58 PM,KXATPMATCH-26APR19RUBFIL-FIL,68,1025,67,7405,66,6439,65,92,64,146,66,1,67,2,68,1,69,9585,70,12084,67.0
2026-04-18 02:28:58 PM,KXATPMATCH-26APR19RUBFIL-FIL,68,1025,67,7405,66,6439,65,127,64,146,66,1,67,2,68,1,69,9585,70,12084,67.0
2026-04-18 02:29:02 PM,KXATPMATCH-26APR19RUBFIL-FIL,68,1025,67,8352,66,6439,65,127,64,146,66,1,67,2,68,1,69,9585,70,12084,67.0
2026-04-18 02:29:02 PM,KXATPMATCH-26APR19RUBFIL-FIL,68,1025,67,8352,66,5492,65,127,64,146,66,1,67,2,68,1,69,9585,70,12084,67.0
2026-04-18 02:29:45 PM,KXATPMATCH-26APR19RUBFIL-FIL,68,1025,67,8352,66,5492,65,127,64,146,66,1,67,2,68,1,69,9578,70,12084,67.0
2026-04-18 02:29:45 PM,KXATPMATCH-26APR19RUBFIL-FIL,68,1025,67,8355,66,5492,65,127,64,146,66,1,67,2,68,1,69,9578,70,12084,67.0
2026-04-18 02:29:45 PM,KXATPMATCH-26APR19RUBFIL-FIL,68,1025,67,8355,66,5495,65,127,64,146,66,1,67,2,68,1,69,9578,70,12084,67.0
2026-04-18 02:31:19 PM,KXATPMATCH-26APR19RUBFIL-FIL,68,1025,67,8355,66,5495,65,127,64,146,66,1,67,2,68,1,69,9578,70,12020,67.0
2026-04-18 02:31:19 PM,KXATPMATCH-26APR19RUBFIL-FIL,68,1089,67,8355,66,5495,65,127,64,146,66,1,67,2,68,1,69,9578,70,12020,67.0
2026-04-18 02:31:19 PM,KXATPMATCH-26APR19RUBFIL-FIL,68,1089,67,8255,66,5495,65,127,64,146,66,1,67,2,68,1,69,9578,70,12020,67.0
2026-04-18 02:31:19 PM,KXATPMATCH-26APR19RUBFIL-FIL,68,1189,67,8255,66,5495,65,127,64,146,66,1,67,2,68,1,69,9578,70,12020,67.0
2026-04-18 02:31:19 PM,KXATPMATCH-26APR19RUBFIL-FIL,68,1189,67,8255,66,5495,65,127,64,146,66,1,67,2,68,1,69,3,70,12020,67.0
2026-04-18 02:31:19 PM,KXATPMATCH-26APR19RUBFIL-FIL,68,1189,67,8255,66,5495,65,127,64,146,66,1,67,2,68,1,69,3,70,11996,67.0
2026-04-18 02:31:19 PM,KXATPMATCH-26APR19RUBFIL-FIL,68,1189,67,8005,66,5495,65,127,64,146,66,1,67,2,68,1,69,3,70,11996,67.0
2026-04-18 02:31:19 PM,KXATPMATCH-26APR19RUBFIL-FIL,68,1439,67,8005,66,5495,65,127,64,146,66,1,67,2,68,1,69,3,70,11996,67.0
2026-04-18 02:31:19 PM,KXATPMATCH-26APR19RUBFIL-FIL,68,1439,67,8005,66,5495,65,127,64,146,66,1,67,2,68,1,69,3,70,11746,67.0
2026-04-18 02:31:20 PM,KXATPMATCH-26APR19RUBFIL-FIL,68,1189,67,8005,66,5495,65,127,64,146,66,1,67,2,68,1,69,3,70,11746,67.0
2026-04-18 02:31:20 PM,KXATPMATCH-26APR19RUBFIL-FIL,68,1189,67,8255,66,5495,65,127,64,146,66,1,67,2,68,1,69,3,70,11746,67.0
2026-04-18 02:31:20 PM,KXATPMATCH-26APR19RUBFIL-FIL,68,1189,67,8255,66,5495,65,127,64,146,66,1,67,2,68,1,69,3,70,11996,67.0
2026-04-18 02:33:27 PM,KXATPMATCH-26APR19RUBFIL-FIL,68,1189,67,8255,66,6442,65,127,64,146,66,1,67,2,68,1,69,3,70,11996,67.0
2026-04-18 02:33:27 PM,KXATPMATCH-26APR19RUBFIL-FIL,68,1189,67,7308,66,6442,65,127,64,146,66,1,67,2,68,1,69,3,70,11996,67.0
2026-04-18 02:33:55 PM,KXATPMATCH-26APR19RUBFIL-FIL,68,1189,67,8255,66,6442,65,127,64,146,66,1,67,2,68,1,69,3,70,11996,67.0
2026-04-18 02:33:56 PM,KXATPMATCH-26APR19RUBFIL-FIL,68,1189,67,8255,66,5495,65,127,64,146,66,1,67,2,68,1,69,3,70,11996,67.0
2026-04-18 02:36:52 PM,KXATPMATCH-26APR19RUBFIL-FIL,68,1189,67,8255,66,5525,65,127,64,146,66,1,67,2,68,1,69,3,70,11996,67.0
2026-04-18 02:38:46 PM,KXATPMATCH-26APR19RUBFIL-FIL,68,1160,67,8255,66,5525,65,127,64,146,66,1,67,2,68,1,69,3,70,11996,67.0
2026-04-18 02:38:46 PM,KXATPMATCH-26APR19RUBFIL-FIL,68,1160,67,8255,66,5525,65,127,64,146,66,1,67,2,68,1,69,3,70,12025,67.0
2026-04-18 02:39:45 PM,KXATPMATCH-26APR19RUBFIL-FIL,68,1160,67,8255,66,5525,65,127,64,146,66,1,67,2,68,1,69,3,70,11996,67.0
2026-04-18 02:39:45 PM,KXATPMATCH-26APR19RUBFIL-FIL,68,1148,67,8255,66,5525,65,127,64,146,66,1,67,2,68,1,69,3,70,11996,67.0
2026-04-18 02:39:45 PM,KXATPMATCH-26APR19RUBFIL-FIL,68,1148,67,8255,66,5525,65,127,64,146,66,1,67,2,68,1,69,3,70,12037,67.0
2026-04-18 02:39:58 PM,KXATPMATCH-26APR19RUBFIL-FIL,68,1148,67,8255,66,5525,65,127,64,146,66,1,67,2,68,1,69,3,70,11996,67.0
2026-04-18 02:39:58 PM,KXATPMATCH-26APR19RUBFIL-FIL,68,1143,67,8255,66,5525,65,127,64,146,66,1,67,2,68,1,69,3,70,11996,67.0
2026-04-18 02:39:58 PM,KXATPMATCH-26APR19RUBFIL-FIL,68,1143,67,8255,66,5525,65,127,64,146,66,1,67,2,68,1,69,3,70,12042,67.0
2026-04-18 02:44:18 PM,KXATPMATCH-26APR19RUBFIL-FIL,68,1143,67,8255,66,5525,65,127,64,146,66,1,67,2,68,1,69,3,70,12015,67.0
2026-04-18 02:44:20 PM,KXATPMATCH-26APR19RUBFIL-FIL,68,1170,67,8255,66,5525,65,127,64,146,66,1,67,2,68,1,69,3,70,12015,67.0
2026-04-18 02:45:15 PM,KXATPMATCH-26APR19RUBFIL-FIL,68,1170,67,8255,66,5525,65,127,64,146,66,1,67,2,68,1,69,3,70,11969,67.0
2026-04-18 02:45:15 PM,KXATPMATCH-26APR19RUBFIL-FIL,68,1153,67,8255,66,5525,65,127,64,146,66,1,67,2,68,1,69,3,70,11969,67.0
2026-04-18 02:45:15 PM,KXATPMATCH-26APR19RUBFIL-FIL,68,1153,67,8255,66,5525,65,127,64,146,66,1,67,2,68,1,69,3,70,12032,67.0
2026-04-18 02:45:22 PM,KXATPMATCH-26APR19RUBFIL-FIL,68,1153,67,8255,66,6472,65,127,64,146,66,1,67,2,68,1,69,3,70,12032,67.0
2026-04-18 02:45:22 PM,KXATPMATCH-26APR19RUBFIL-FIL,68,1153,67,8255,66,6472,65,127,64,146,66,1,67,2,68,1,69,3,70,12979,67.0
2026-04-18 02:45:22 PM,KXATPMATCH-26APR19RUBFIL-FIL,68,1153,67,7308,66,6472,65,127,64,146,66,1,67,2,68,1,69,3,70,12979,67.0
2026-04-18 02:45:23 PM,KXATPMATCH-26APR19RUBFIL-FIL,68,1153,67,7308,66,6472,65,127,64,146,66,1,67,2,68,1,69,3,70,12032,67.0
2026-04-18 02:45:33 PM,KXATPMATCH-26APR19RUBFIL-FIL,68,1153,67,7308,66,6472,65,127,64,146,66,1,67,2,68,1,69,3,70,12976,67.0
2026-04-18 02:45:42 PM,KXATPMATCH-26APR19RUBFIL-FIL,68,1153,67,8252,66,6472,65,127,64,146,66,1,67,2,68,1,69,3,70,12976,67.0
2026-04-18 02:45:42 PM,KXATPMATCH-26APR19RUBFIL-FIL,68,1153,67,8252,66,6472,65,127,64,146,66,1,67,2,68,1,69,3,70,12032,67.0
2026-04-18 02:45:42 PM,KXATPMATCH-26APR19RUBFIL-FIL,68,1153,67,8252,66,5525,65,127,64,146,66,1,67,2,68,1,69,3,70,12032,67.0
2026-04-18 02:45:42 PM,KXATPMATCH-26APR19RUBFIL-FIL,68,1153,67,7308,66,5525,65,127,64,146,66,1,67,2,68,1,69,3,70,12032,67.0
2026-04-18 02:45:47 PM,KXATPMATCH-26APR19RUBFIL-FIL,68,1153,67,7308,66,5525,65,127,64,146,66,1,67,2,68,1,69,3,70,12763,67.0
2026-04-18 02:45:47 PM,KXATPMATCH-26APR19RUBFIL-FIL,68,1153,67,7308,66,5525,65,755,64,146,66,1,67,2,68,1,69,3,70,12763,67.0
2026-04-18 02:45:47 PM,KXATPMATCH-26APR19RUBFIL-FIL,68,1153,67,7308,66,5525,65,755,64,1006,66,1,67,2,68,1,69,3,70,12763,67.0
2026-04-18 02:45:47 PM,KXATPMATCH-26APR19RUBFIL-FIL,68,1153,67,7308,66,5525,65,755,64,1006,66,1,67,2,68,1,69,3,70,13256,67.0
2026-04-18 02:45:48 PM,KXATPMATCH-26APR19RUBFIL-FIL,68,1143,67,7308,66,5525,65,755,64,1006,66,1,67,2,68,1,69,3,70,13256,67.0
2026-04-18 02:45:48 PM,KXATPMATCH-26APR19RUBFIL-FIL,68,1125,67,7308,66,5525,65,755,64,1006,66,1,67,2,68,1,69,3,70,13256,67.0
2026-04-18 02:45:48 PM,KXATPMATCH-26APR19RUBFIL-FIL,68,1125,67,7308,66,5525,65,755,64,1006,66,1,67,2,68,1,69,3,70,13193,67.0
2026-04-18 02:45:48 PM,KXATPMATCH-26APR19RUBFIL-FIL,68,1125,67,7125,66,5525,65,755,64,1006,66,1,67,2,68,1,69,3,70,13193,67.0
2026-04-18 02:45:48 PM,KXATPMATCH-26APR19RUBFIL-FIL,68,1125,67,7125,66,6325,65,755,64,1006,66,1,67,2,68,1,69,3,70,13193,67.0
2026-04-18 02:45:48 PM,KXATPMATCH-26APR19RUBFIL-FIL,68,1125,67,7125,66,6325,65,755,64,1006,66,1,67,2,68,1,69,169,70,13193,67.0
2026-04-18 02:45:48 PM,KXATPMATCH-26APR19RUBFIL-FIL,68,1125,67,7125,66,6325,65,755,64,1006,66,1,67,2,68,1,69,169,70,13301,67.0
2026-04-18 02:45:48 PM,KXATPMATCH-26APR19RUBFIL-FIL,68,1025,67,7125,66,6325,65,755,64,1006,66,1,67,2,68,1,69,169,70,13301,67.0
2026-04-18 02:45:48 PM,KXATPMATCH-26APR19RUBFIL-FIL,68,1025,67,7225,66,6325,65,755,64,1006,66,1,67,2,68,1,69,169,70,13301,67.0
2026-04-18 02:45:49 PM,KXATPMATCH-26APR19RUBFIL-FIL,68,1025,67,7225,66,6325,65,755,64,1006,66,1,67,2,68,1,69,9744,70,13301,67.0
2026-04-18 02:45:49 PM,KXATPMATCH-26APR19RUBFIL-FIL,68,1025,67,7225,66,6325,65,755,64,1006,66,1,67,2,68,1,69,9744,70,13325,67.0
2026-04-18 02:45:50 PM,KXATPMATCH-26APR19RUBFIL-FIL,68,1025,67,7225,66,7261,65,755,64,1006,66,1,67,2,68,1,69,9744,70,13325,67.0
2026-04-18 02:45:50 PM,KXATPMATCH-26APR19RUBFIL-FIL,68,1025,67,7225,66,7261,65,755,64,1006,66,1,67,2,68,1,69,9744,70,14261,67.0
2026-04-18 02:47:00 PM,KXATPMATCH-26APR19RUBFIL-FIL,68,1025,67,7225,66,7261,65,755,64,1006,66,1,67,2,68,1,69,9744,70,14309,67.0
2026-04-18 02:47:26 PM,KXATPMATCH-26APR19RUBFIL-FIL,68,1025,67,7127,66,7261,65,755,64,1006,66,1,67,2,68,1,69,9744,70,14309,67.0
2026-04-18 02:47:26 PM,KXATPMATCH-26APR19RUBFIL-FIL,68,1025,67,7096,66,7261,65,755,64,1006,66,1,67,2,68,1,69,9744,70,14309,67.0
2026-04-18 02:47:26 PM,KXATPMATCH-26APR19RUBFIL-FIL,68,1025,67,7096,66,7261,65,755,64,1006,66,1,67,2,68,1,69,9744,70,13967,67.0
2026-04-18 02:47:26 PM,KXATPMATCH-26APR19RUBFIL-FIL,68,1025,67,7096,66,7348,65,755,64,1006,66,1,67,2,68,1,69,9744,70,13967,67.0
2026-04-18 02:47:26 PM,KXATPMATCH-26APR19RUBFIL-FIL,68,1025,67,7096,66,7348,65,755,64,1095,66,1,67,2,68,1,69,9744,70,13967,67.0
2026-04-18 02:47:26 PM,KXATPMATCH-26APR19RUBFIL-FIL,68,1025,67,7096,66,7348,65,755,64,1095,66,1,67,2,68,1,69,10456,70,13967,67.0
2026-04-18 02:47:56 PM,KXATPMATCH-26APR19RUBFIL-FIL,68,1025,67,7096,66,7348,65,755,64,1095,66,1,67,2,68,1,69,10456,70,13919,67.0
2026-04-18 02:51:27 PM,KXATPMATCH-26APR19RUBFIL-FIL,68,1025,67,7096,66,7348,65,755,64,1095,66,1,67,2,68,1,69,10290,70,13919,67.0
2026-04-18 02:51:27 PM,KXATPMATCH-26APR19RUBFIL-FIL,68,1025,67,7096,66,7348,65,755,64,1095,66,1,67,2,68,1,69,10256,70,13919,67.0
2026-04-18 02:51:28 PM,KXATPMATCH-26APR19RUBFIL-FIL,68,1025,67,7113,66,7348,65,755,64,1095,66,1,67,2,68,1,69,10256,70,13919,67.0
2026-04-18 02:51:28 PM,KXATPMATCH-26APR19RUBFIL-FIL,68,1025,67,7113,66,7365,65,755,64,1095,66,1,67,2,68,1,69,10256,70,13919,67.0
2026-04-18 02:51:29 PM,KXATPMATCH-26APR19RUBFIL-FIL,68,1025,67,6830,66,7365,65,755,64,1095,66,1,67,2,68,1,69,10256,70,13919,67.0
2026-04-18 02:51:29 PM,KXATPMATCH-26APR19RUBFIL-FIL,68,1025,67,7279,66,7365,65,755,64,1095,66,1,67,2,68,1,69,10256,70,13919,67.0
2026-04-18 02:51:45 PM,KXATPMATCH-26APR19RUBFIL-FIL,68,1025,67,7279,66,7365,65,755,64,1095,66,1,67,2,68,1,69,10249,70,13919,67.0
2026-04-18 02:51:46 PM,KXATPMATCH-26APR19RUBFIL-FIL,68,1025,67,7282,66,7365,65,755,64,1095,66,1,67,2,68,1,69,10249,70,13919,67.0
2026-04-18 02:51:46 PM,KXATPMATCH-26APR19RUBFIL-FIL,68,1025,67,7282,66,7368,65,755,64,1095,66,1,67,2,68,1,69,10249,70,13919,67.0
2026-04-18 02:51:53 PM,KXATPMATCH-26APR19RUBFIL-FIL,68,1025,67,7282,66,7368,65,755,64,1095,66,1,67,2,68,1,69,9540,70,13919,67.0
2026-04-18 02:51:53 PM,KXATPMATCH-26APR19RUBFIL-FIL,68,1025,67,7282,66,7368,65,720,64,1095,66,1,67,2,68,1,69,9540,70,13919,67.0
2026-04-18 02:51:54 PM,KXATPMATCH-26APR19RUBFIL-FIL,68,1025,67,7282,66,7368,65,720,64,1095,66,1,67,2,68,1,69,10249,70,13919,67.0
2026-04-18 02:51:55 PM,KXATPMATCH-26APR19RUBFIL-FIL,68,1025,67,7282,66,7368,65,720,64,1095,66,1,67,2,68,1,69,9540,70,13919,67.0
2026-04-18 02:51:55 PM,KXATPMATCH-26APR19RUBFIL-FIL,68,1025,67,7636,66,7368,65,720,64,1095,66,1,67,2,68,1,69,9540,70,13919,67.0
2026-04-18 02:51:55 PM,KXATPMATCH-26APR19RUBFIL-FIL,68,1025,67,7636,66,7722,65,720,64,1095,66,1,67,2,68,1,69,9540,70,13919,67.0
2026-04-18 02:51:57 PM,KXATPMATCH-26APR19RUBFIL-FIL,68,1025,67,7636,66,7722,65,720,64,1095,66,1,67,2,68,1,69,9536,70,13919,67.0
2026-04-18 02:51:57 PM,KXATPMATCH-26APR19RUBFIL-FIL,68,1025,67,7636,66,7722,65,720,64,1095,66,1,67,2,68,1,69,9540,70,13919,67.0
2026-04-18 02:51:58 PM,KXATPMATCH-26APR19RUBFIL-FIL,68,1025,67,7636,66,7722,65,720,64,1095,66,1,67,2,68,1,69,9536,70,13919,67.0
2026-04-18 02:51:58 PM,KXATPMATCH-26APR19RUBFIL-FIL,68,1025,67,7638,66,7722,65,720,64,1095,66,1,67,2,68,1,69,9536,70,13919,67.0
2026-04-18 02:51:58 PM,KXATPMATCH-26APR19RUBFIL-FIL,68,1025,67,7638,66,7724,65,720,64,1095,66,1,67,2,68,1,69,9536,70,13919,67.0
2026-04-18 02:52:02 PM,KXATPMATCH-26APR19RUBFIL-FIL,68,1025,67,7638,66,7724,65,720,64,1095,66,1,67,2,68,1,69,9114,70,13919,67.0
2026-04-18 02:52:03 PM,KXATPMATCH-26APR19RUBFIL-FIL,68,1025,67,7849,66,7724,65,720,64,1095,66,1,67,2,68,1,69,9114,70,13919,67.0
2026-04-18 02:52:03 PM,KXATPMATCH-26APR19RUBFIL-FIL,68,1025,67,7849,66,7935,65,720,64,1095,66,1,67,2,68,1,69,9114,70,13919,67.0
2026-04-18 02:54:09 PM,KXATPMATCH-26APR19RUBFIL-FIL,68,1025,67,7849,66,7935,65,720,64,1095,66,1,67,2,68,1,69,8974,70,13919,67.0
2026-04-18 02:54:11 PM,KXATPMATCH-26APR19RUBFIL-FIL,68,1025,67,7919,66,7935,65,720,64,1095,66,1,67,2,68,1,69,8974,70,13919,67.0
2026-04-18 02:54:11 PM,KXATPMATCH-26APR19RUBFIL-FIL,68,1025,67,7919,66,8005,65,720,64,1095,66,1,67,2,68,1,69,8974,70,13919,67.0
2026-04-18 02:54:11 PM,KXATPMATCH-26APR19RUBFIL-FIL,68,1025,67,7954,66,8005,65,720,64,1095,66,1,67,2,68,1,69,8974,70,13919,67.0
2026-04-18 02:54:25 PM,KXATPMATCH-26APR19RUBFIL-FIL,68,1025,67,7954,66,8005,65,720,64,235,66,1,67,2,68,1,69,8974,70,13919,67.0
2026-04-18 02:54:25 PM,KXATPMATCH-26APR19RUBFIL-FIL,68,1025,67,7954,66,8005,65,720,64,235,66,1,67,2,68,1,69,8974,70,12983,67.0
2026-04-18 02:54:25 PM,KXATPMATCH-26APR19RUBFIL-FIL,68,1025,67,7954,66,7069,65,720,64,235,66,1,67,2,68,1,69,8974,70,12983,67.0
2026-04-18 02:54:25 PM,KXATPMATCH-26APR19RUBFIL-FIL,68,1025,67,7954,66,8011,65,720,64,235,66,1,67,2,68,1,69,8974,70,12983,67.0
2026-04-18 02:54:27 PM,KXATPMATCH-26APR19RUBFIL-FIL,68,1025,67,7954,66,7211,65,720,64,235,66,1,67,2,68,1,69,8974,70,12983,67.0
2026-04-18 02:54:27 PM,KXATPMATCH-26APR19RUBFIL-FIL,68,1025,67,7505,66,7211,65,720,64,235,66,1,67,2,68,1,69,8974,70,12983,67.0
2026-04-18 02:54:27 PM,KXATPMATCH-26APR19RUBFIL-FIL,68,1025,67,7505,66,7211,65,720,64,235,66,1,67,2,68,1,69,8974,70,12884,67.0
2026-04-18 02:54:27 PM,KXATPMATCH-26APR19RUBFIL-FIL,68,1107,67,7505,66,7211,65,720,64,235,66,1,67,2,68,1,69,8974,70,12884,67.0
2026-04-18 02:54:27 PM,KXATPMATCH-26APR19RUBFIL-FIL,68,1107,67,7971,66,7211,65,720,64,235,66,1,67,2,68,1,69,8974,70,12884,67.0
2026-04-18 02:54:33 PM,KXATPMATCH-26APR19RUBFIL-FIL,68,1107,67,7871,66,7211,65,720,64,235,66,1,67,2,68,1,69,8974,70,12884,67.0
2026-04-18 02:54:33 PM,KXATPMATCH-26APR19RUBFIL-FIL,68,1207,67,7871,66,7211,65,720,64,235,66,1,67,2,68,1,69,8974,70,12884,67.0
2026-04-18 02:54:34 PM,KXATPMATCH-26APR19RUBFIL-FIL,68,1207,67,8813,66,7211,65,720,64,235,66,1,67,2,68,1,69,8974,70,12884,67.0
2026-04-18 02:54:36 PM,KXATPMATCH-26APR19RUBFIL-FIL,68,1207,67,8813,66,7211,65,720,64,235,66,1,67,2,68,1,69,8974,70,12875,67.0
2026-04-18 02:54:36 PM,KXATPMATCH-26APR19RUBFIL-FIL,68,1148,67,8813,66,7211,65,720,64,235,66,1,67,2,68,1,69,8974,70,12875,67.0
2026-04-18 02:54:36 PM,KXATPMATCH-26APR19RUBFIL-FIL,68,1148,67,8813,66,7211,65,720,64,235,66,1,67,2,68,1,69,8974,70,12943,67.0
2026-04-18 02:54:36 PM,KXATPMATCH-26APR19RUBFIL-FIL,68,1148,67,8813,66,6269,65,720,64,235,66,1,67,2,68,1,69,8974,70,12943,67.0
2026-04-18 02:55:14 PM,KXATPMATCH-26APR19RUBFIL-FIL,68,1048,67,8813,66,6269,65,720,64,235,66,1,67,2,68,1,69,8974,70,12943,67.0
2026-04-18 02:55:14 PM,KXATPMATCH-26APR19RUBFIL-FIL,68,1048,67,8913,66,6269,65,720,64,235,66,1,67,2,68,1,69,8974,70,12943,67.0
2026-04-18 02:55:15 PM,KXATPMATCH-26APR19RUBFIL-FIL,68,1048,67,8913,66,6269,65,720,64,235,66,1,67,2,68,1,69,8974,70,12875,67.0
2026-04-18 02:55:15 PM,KXATPMATCH-26APR19RUBFIL-FIL,68,1026,67,8913,66,6269,65,720,64,235,66,1,67,2,68,1,69,8974,70,12875,67.0
2026-04-18 02:55:15 PM,KXATPMATCH-26APR19RUBFIL-FIL,68,1026,67,8913,66,6269,65,720,64,235,66,1,67,2,68,1,69,8974,70,12965,67.0
2026-04-18 02:55:31 PM,KXATPMATCH-26APR19RUBFIL-FIL,68,1026,67,8913,66,6269,65,720,64,146,66,1,67,2,68,1,69,8974,70,12965,67.0
2026-04-18 02:55:31 PM,KXATPMATCH-26APR19RUBFIL-FIL,68,1026,67,8913,66,6269,65,720,64,146,66,1,67,2,68,1,69,8262,70,12965,67.0
2026-04-18 02:55:31 PM,KXATPMATCH-26APR19RUBFIL-FIL,68,1026,67,8913,66,6185,65,720,64,146,66,1,67,2,68,1,69,8262,70,12965,67.0
2026-04-18 02:55:31 PM,KXATPMATCH-26APR19RUBFIL-FIL,68,1026,67,9027,66,6185,65,720,64,146,66,1,67,2,68,1,69,8262,70,12965,67.0
2026-04-18 02:55:31 PM,KXATPMATCH-26APR19RUBFIL-FIL,68,1026,67,9027,66,6185,65,720,64,146,66,1,67,2,68,1,69,8262,70,13511,67.0
2026-04-18 02:55:31 PM,KXATPMATCH-26APR19RUBFIL-FIL,68,1026,67,9027,66,6185,65,720,64,146,66,1,67,2,68,1,69,4,70,13511,67.0
2026-04-18 02:55:31 PM,KXATPMATCH-26APR19RUBFIL-FIL,68,1026,67,8777,66,6185,65,720,64,146,66,1,67,2,68,1,69,4,70,13511,67.0
2026-04-18 02:55:31 PM,KXATPMATCH-26APR19RUBFIL-FIL,68,1276,67,8777,66,6185,65,720,64,146,66,1,67,2,68,1,69,4,70,13511,67.0
2026-04-18 02:55:31 PM,KXATPMATCH-26APR19RUBFIL-FIL,68,1276,67,8777,66,6185,65,720,64,146,66,1,67,2,68,1,69,4,70,13261,67.0
2026-04-18 02:55:32 PM,KXATPMATCH-26APR19RUBFIL-FIL,68,1276,67,8777,66,6185,65,720,64,146,66,1,67,2,68,1,69,4,70,13237,67.0
2026-04-18 02:55:32 PM,KXATPMATCH-26APR19RUBFIL-FIL,68,1276,67,8777,66,6185,65,720,64,146,66,1,67,2,68,1,69,4,70,11920,67.0
2026-04-18 02:55:33 PM,KXATPMATCH-26APR19RUBFIL-FIL,68,1026,67,8777,66,6185,65,720,64,146,66,1,67,2,68,1,69,4,70,11920,67.0
2026-04-18 02:55:33 PM,KXATPMATCH-26APR19RUBFIL-FIL,68,1026,67,9027,66,6185,65,720,64,146,66,1,67,2,68,1,69,4,70,11920,67.0
2026-04-18 02:55:33 PM,KXATPMATCH-26APR19RUBFIL-FIL,68,1026,67,9027,66,6185,65,720,64,146,66,1,67,2,68,1,69,4,70,12170,67.0
2026-04-18 02:55:40 PM,KXATPMATCH-26APR19RUBFIL-FIL,68,1026,67,9027,66,6185,65,720,64,146,66,1,67,2,68,1,69,4,70,12171,67.0
2026-04-18 02:55:41 PM,KXATPMATCH-26APR19RUBFIL-FIL,68,1026,67,9027,66,6185,65,720,64,146,66,1,67,2,68,1,69,4,70,12170,67.0
2026-04-18 02:57:19 PM,KXATPMATCH-26APR19RUBFIL-FIL,68,1026,67,9027,66,6185,65,784,64,146,66,1,67,2,68,1,69,4,70,12170,67.0
2026-04-18 02:57:21 PM,KXATPMATCH-26APR19RUBFIL-FIL,68,1026,67,9027,66,6185,65,720,64,146,66,1,67,2,68,1,69,4,70,12170,67.0
2026-04-18 02:57:21 PM,KXATPMATCH-26APR19RUBFIL-FIL,68,1026,67,9027,66,6185,65,746,64,146,66,1,67,2,68,1,69,4,70,12170,67.0
2026-04-18 02:57:21 PM,KXATPMATCH-26APR19RUBFIL-FIL,68,1026,67,9027,66,6185,65,746,64,146,66,1,67,2,68,1,69,4,70,12205,67.0
2026-04-18 02:57:21 PM,KXATPMATCH-26APR19RUBFIL-FIL,68,1026,67,9027,66,6185,65,758,64,146,66,1,67,2,68,1,69,4,70,12205,67.0
2026-04-18 02:57:32 PM,KXATPMATCH-26APR19RUBFIL-FIL,68,1026,67,9027,66,6185,65,758,63,798,66,1,67,2,68,1,69,4,70,12205,67.0
2026-04-18 03:00:08 PM,KXATPMATCH-26APR19RUBFIL-FIL,68,1026,67,9027,66,6185,65,758,63,798,66,1,67,2,68,1,69,4,70,12194,67.0
2026-04-18 03:00:08 PM,KXATPMATCH-26APR19RUBFIL-FIL,68,1026,67,9027,66,6185,65,758,63,798,66,1,67,2,68,1,69,4,70,12159,67.0
2026-04-18 03:00:34 PM,KXATPMATCH-26APR19RUBFIL-FIL,68,1026,67,9027,66,6185,65,732,63,798,66,1,67,2,68,1,69,4,70,12159,67.0
2026-04-18 03:00:34 PM,KXATPMATCH-26APR19RUBFIL-FIL,68,1026,67,9027,66,6232,65,732,63,798,66,1,67,2,68,1,69,4,70,12159,67.0
2026-04-18 03:00:34 PM,KXATPMATCH-26APR19RUBFIL-FIL,68,1026,67,9027,66,6232,65,720,63,798,66,1,67,2,68,1,69,4,70,12159,67.0
2026-04-18 03:00:34 PM,KXATPMATCH-26APR19RUBFIL-FIL,68,1026,67,9027,66,6232,65,731,63,798,66,1,67,2,68,1,69,4,70,12159,67.0
2026-04-18 03:00:34 PM,KXATPMATCH-26APR19RUBFIL-FIL,68,1026,67,9027,66,6185,65,731,63,798,66,1,67,2,68,1,69,4,70,12159,67.0
2026-04-18 03:00:35 PM,KXATPMATCH-26APR19RUBFIL-FIL,68,1026,67,9027,66,6185,65,720,63,798,66,1,67,2,68,1,69,4,70,12159,67.0
2026-04-18 03:00:35 PM,KXATPMATCH-26APR19RUBFIL-FIL,68,1026,67,9027,66,6196,65,720,63,798,66,1,67,2,68,1,69,4,70,12159,67.0
2026-04-18 03:01:09 PM,KXATPMATCH-26APR19RUBFIL-FIL,68,1026,67,9027,66,6185,65,720,63,798,66,1,67,2,68,1,69,4,70,12159,67.0
2026-04-18 03:01:09 PM,KXATPMATCH-26APR19RUBFIL-FIL,68,1026,67,9027,66,6185,65,844,63,798,66,1,67,2,68,1,69,4,70,12159,67.0
2026-04-18 03:01:21 PM,KXATPMATCH-26APR19RUBFIL-FIL,68,1026,67,9027,66,6185,65,720,63,798,66,1,67,2,68,1,69,4,70,12159,67.0
2026-04-18 03:01:21 PM,KXATPMATCH-26APR19RUBFIL-FIL,68,1026,67,9027,66,6191,65,720,63,798,66,1,67,2,68,1,69,4,70,12159,67.0
2026-04-18 03:01:58 PM,KXATPMATCH-26APR19RUBFIL-FIL,68,1026,67,9027,66,6185,65,720,63,798,66,1,67,2,68,1,69,4,70,12159,67.0
2026-04-18 03:01:58 PM,KXATPMATCH-26APR19RUBFIL-FIL,68,1026,67,9027,66,6185,65,844,63,798,66,1,67,2,68,1,69,4,70,12159,67.0
2026-04-18 03:02:06 PM,KXATPMATCH-26APR19RUBFIL-FIL,68,1026,67,9027,66,6185,65,720,63,798,66,1,67,2,68,1,69,4,70,12159,67.0
2026-04-18 03:02:06 PM,KXATPMATCH-26APR19RUBFIL-FIL,68,1026,67,9027,66,6185,65,728,63,798,66,1,67,2,68,1,69,4,70,12159,67.0
2026-04-18 03:02:06 PM,KXATPMATCH-26APR19RUBFIL-FIL,68,1026,67,9027,66,6185,65,728,63,798,66,1,67,2,68,1,69,4,70,12149,67.0
2026-04-18 03:02:06 PM,KXATPMATCH-26APR19RUBFIL-FIL,68,1026,67,8992,66,6185,65,728,63,798,66,1,67,2,68,1,69,4,70,12149,67.0
2026-04-18 03:02:07 PM,KXATPMATCH-26APR19RUBFIL-FIL,68,1036,67,8992,66,6185,65,728,63,798,66,1,67,2,68,1,69,4,70,12149,67.0
2026-04-18 03:02:07 PM,KXATPMATCH-26APR19RUBFIL-FIL,68,1036,67,8892,66,6185,65,728,63,798,66,1,67,2,68,1,69,4,70,12149,67.0
2026-04-18 03:02:07 PM,KXATPMATCH-26APR19RUBFIL-FIL,68,1136,67,8892,66,6185,65,728,63,798,66,1,67,2,68,1,69,4,70,12149,67.0
2026-04-18 03:02:29 PM,KXATPMATCH-26APR19RUBFIL-FIL,68,1136,67,8892,66,6185,65,720,63,798,66,1,67,2,68,1,69,4,70,12149,67.0
2026-04-18 03:02:29 PM,KXATPMATCH-26APR19RUBFIL-FIL,68,1136,67,8892,66,6185,65,732,63,798,66,1,67,2,68,1,69,4,70,12149,67.0
2026-04-18 03:03:21 PM,KXATPMATCH-26APR19RUBFIL-FIL,68,1136,67,8892,66,6185,65,732,63,798,66,1,67,2,68,1,69,4,70,12144,67.0
2026-04-18 03:03:22 PM,KXATPMATCH-26APR19RUBFIL-FIL,68,1136,67,8892,66,6185,65,732,63,798,66,1,67,2,68,1,69,4,70,12054,67.0
2026-04-18 03:03:22 PM,KXATPMATCH-26APR19RUBFIL-FIL,68,1141,67,8892,66,6185,65,732,63,798,66,1,67,2,68,1,69,4,70,12054,67.0
2026-04-18 03:03:22 PM,KXATPMATCH-26APR19RUBFIL-FIL,68,1141,67,8892,66,6185,65,732,63,798,66,1,67,2,68,1,69,4,70,12145,67.0
2026-04-18 03:03:59 PM,KXATPMATCH-26APR19RUBFIL-FIL,68,1041,67,8892,66,6185,65,732,63,798,66,1,67,2,68,1,69,4,70,12145,67.0
2026-04-18 03:03:59 PM,KXATPMATCH-26APR19RUBFIL-FIL,68,1041,67,8992,66,6185,65,732,63,798,66,1,67,2,68,1,69,4,70,12145,67.0
2026-04-18 03:04:01 PM,KXATPMATCH-26APR19RUBFIL-FIL,68,1036,67,8992,66,6185,65,732,63,798,66,1,67,2,68,1,69,4,70,12145,67.0
2026-04-18 03:04:01 PM,KXATPMATCH-26APR19RUBFIL-FIL,68,1036,67,8992,66,6185,65,732,63,798,66,1,67,2,68,1,69,4,70,12054,67.0
2026-04-18 03:04:01 PM,KXATPMATCH-26APR19RUBFIL-FIL,68,1030,67,8992,66,6185,65,732,63,798,66,1,67,2,68,1,69,4,70,12054,67.0
2026-04-18 03:04:01 PM,KXATPMATCH-26APR19RUBFIL-FIL,68,1030,67,8992,66,6185,65,732,63,798,66,1,67,2,68,1,69,4,70,12156,67.0
2026-04-18 03:04:12 PM,KXATPMATCH-26APR19RUBFIL-FIL,68,1030,67,8995,66,6187,65,732,63,798,70,12153,71,12913,72,1973,73,489,77,300,69.0
2026-04-18 03:04:42 PM,KXATPMATCH-26APR19RUBFIL-FIL,68,1029,67,8995,66,6187,65,732,63,798,70,12153,71,12913,72,1973,73,489,77,300,69.0
2026-04-18 03:04:42 PM,KXATPMATCH-26APR19RUBFIL-FIL,68,1025,67,8995,66,6187,65,732,63,798,70,12153,71,12913,72,1973,73,489,77,300,69.0
2026-04-18 03:04:42 PM,KXATPMATCH-26APR19RUBFIL-FIL,68,1025,67,8995,66,6187,65,732,63,798,70,12051,71,12913,72,1973,73,489,77,300,69.0
2026-04-18 03:04:42 PM,KXATPMATCH-26APR19RUBFIL-FIL,68,1025,67,8995,66,6187,65,732,63,798,70,12158,71,12913,72,1973,73,489,77,300,69.0
2026-04-18 03:06:59 PM,KXATPMATCH-26APR19RUBFIL-FIL,68,1025,67,8995,66,6227,65,732,63,798,70,12158,71,12913,72,1973,73,489,77,300,69.0
2026-04-18 03:07:00 PM,KXATPMATCH-26APR19RUBFIL-FIL,68,1025,67,8995,66,6227,65,732,63,798,70,12198,71,12913,72,1973,73,489,77,300,69.0
2026-04-18 03:08:23 PM,KXATPMATCH-26APR19RUBFIL-FIL,68,1025,67,8995,66,6227,65,732,63,798,70,12171,71,12913,72,1973,73,489,77,300,69.0
2026-04-18 03:08:25 PM,KXATPMATCH-26APR19RUBFIL-FIL,68,1025,67,8995,66,6227,65,732,63,798,70,12064,71,12913,72,1973,73,489,77,300,69.0
2026-04-18 03:08:25 PM,KXATPMATCH-26APR19RUBFIL-FIL,68,1052,67,8995,66,6227,65,732,63,798,70,12064,71,12913,72,1973,73,489,77,300,69.0
2026-04-18 03:08:25 PM,KXATPMATCH-26APR19RUBFIL-FIL,68,1052,67,8995,66,6227,65,732,63,798,70,12172,71,12913,72,1973,73,489,77,300,69.0
2026-04-18 03:08:46 PM,KXATPMATCH-26APR19RUBFIL-FIL,68,1052,67,8995,66,7169,65,732,63,798,70,12172,71,12913,72,1973,73,489,77,300,69.0
2026-04-18 03:08:46 PM,KXATPMATCH-26APR19RUBFIL-FIL,68,1052,67,8995,66,7169,65,732,63,798,70,13114,71,12913,72,1973,73,489,77,300,69.0
2026-04-18 03:08:46 PM,KXATPMATCH-26APR19RUBFIL-FIL,68,1052,67,8053,66,7169,65,732,63,798,70,13114,71,12913,72,1973,73,489,77,300,69.0
2026-04-18 03:08:47 PM,KXATPMATCH-26APR19RUBFIL-FIL,68,1052,67,7953,66,7169,65,732,63,798,70,13114,71,12913,72,1973,73,489,77,300,69.0
2026-04-18 03:08:47 PM,KXATPMATCH-26APR19RUBFIL-FIL,68,1152,67,7953,66,7169,65,732,63,798,70,13114,71,12913,72,1973,73,489,77,300,69.0
2026-04-18 03:08:47 PM,KXATPMATCH-26APR19RUBFIL-FIL,68,1152,67,7953,66,7169,65,732,64,1271,70,13114,71,12913,72,1973,73,489,77,300,69.0
2026-04-18 03:08:47 PM,KXATPMATCH-26APR19RUBFIL-FIL,68,1152,67,7953,66,7169,65,732,64,1271,70,13114,71,11971,72,1973,73,489,77,300,69.0
2026-04-18 03:08:47 PM,KXATPMATCH-26APR19RUBFIL-FIL,68,1152,67,7953,66,7169,65,720,64,1271,70,13114,71,11971,72,1973,73,489,77,300,69.0
2026-04-18 03:08:47 PM,KXATPMATCH-26APR19RUBFIL-FIL,68,1152,67,7953,66,7169,65,728,64,1271,70,13114,71,11971,72,1973,73,489,77,300,69.0
2026-04-18 03:10:12 PM,KXATPMATCH-26APR19RUBFIL-FIL,68,1152,67,7953,66,7169,65,728,64,1271,70,13087,71,11971,72,1973,73,489,77,300,69.0
2026-04-18 03:10:14 PM,KXATPMATCH-26APR19RUBFIL-FIL,68,1179,67,7953,66,7169,65,728,64,1271,70,13087,71,11971,72,1973,73,489,77,300,69.0
2026-04-18 03:12:27 PM,KXATPMATCH-26APR19RUBFIL-FIL,68,1179,67,7953,66,7169,65,728,64,1271,70,13087,71,11971,72,1638,73,489,77,300,69.0
2026-04-18 03:13:40 PM,KXATPMATCH-26APR19RUBFIL-FIL,68,1179,67,7988,66,7169,65,728,64,1271,70,13087,71,11971,72,1638,73,489,77,300,69.0
2026-04-18 03:14:45 PM,KXATPMATCH-26APR19RUBFIL-FIL,68,1179,67,7988,66,7169,65,728,64,1271,70,13018,71,11971,72,1638,73,489,77,300,69.0
2026-04-18 03:14:45 PM,KXATPMATCH-26APR19RUBFIL-FIL,68,1179,67,7953,66,7169,65,728,64,1271,70,13018,71,11971,72,1638,73,489,77,300,69.0
2026-04-18 03:14:47 PM,KXATPMATCH-26APR19RUBFIL-FIL,68,1248,67,7953,66,7169,65,728,64,1271,70,13018,71,11971,72,1638,73,489,77,300,69.0
2026-04-18 03:16:10 PM,KXATPMATCH-26APR19RUBFIL-FIL,68,1248,67,7953,66,7169,65,728,64,1417,70,13018,71,11971,72,1638,73,489,77,300,69.0
2026-04-18 03:16:10 PM,KXATPMATCH-26APR19RUBFIL-FIL,68,1248,67,7953,66,7169,65,728,64,1417,70,13018,71,11971,72,1638,73,837,77,300,69.0
2026-04-18 03:17:49 PM,KXATPMATCH-26APR19RUBFIL-FIL,68,1248,67,7953,66,7169,65,728,64,1417,70,12968,71,11971,72,1638,73,837,77,300,69.0
2026-04-18 03:17:50 PM,KXATPMATCH-26APR19RUBFIL-FIL,68,1248,67,7953,66,7169,65,728,64,1417,69,53,70,12968,71,11971,72,1638,73,837,68.5
2026-04-18 03:17:50 PM,KXATPMATCH-26APR19RUBFIL-FIL,68,1248,67,7953,66,7169,65,728,64,1417,69,53,70,12968,71,11971,72,1630,73,837,68.5
2026-04-18 03:17:50 PM,KXATPMATCH-26APR19RUBFIL-FIL,68,1248,67,7953,66,7169,65,728,64,1417,69,53,70,12980,71,11971,72,1630,73,837,68.5
2026-04-18 03:17:50 PM,KXATPMATCH-26APR19RUBFIL-FIL,68,1179,67,7953,66,7169,65,728,64,1417,69,53,70,12980,71,11971,72,1630,73,837,68.5
2026-04-18 03:17:50 PM,KXATPMATCH-26APR19RUBFIL-FIL,68,1298,67,7953,66,7169,65,728,64,1417,69,53,70,12980,71,11971,72,1630,73,837,68.5
2026-04-18 03:19:30 PM,KXATPMATCH-26APR19RUBFIL-FIL,68,1298,67,7953,66,7169,65,824,64,1417,69,53,70,12980,71,11971,72,1630,73,837,68.5
2026-04-18 03:19:31 PM,KXATPMATCH-26APR19RUBFIL-FIL,68,1298,67,7953,66,7169,65,728,64,1417,69,53,70,12980,71,11971,72,1630,73,837,68.5
2026-04-18 03:21:16 PM,KXATPMATCH-26APR19RUBFIL-FIL,68,1298,67,7953,66,7169,65,735,64,1417,69,53,70,12980,71,11971,72,1630,73,837,68.5
2026-04-18 03:22:41 PM,KXATPMATCH-26APR19RUBFIL-FIL,68,1298,67,7953,66,7169,65,735,64,1417,69,51,70,12980,71,11971,72,1630,73,837,68.5
2026-04-18 03:22:41 PM,KXATPMATCH-26APR19RUBFIL-FIL,68,1333,67,7953,66,7169,65,735,64,1417,69,51,70,12980,71,11971,72,1630,73,837,68.5
2026-04-18 03:24:32 PM,KXATPMATCH-26APR19RUBFIL-FIL,68,1298,67,7953,66,7169,65,735,64,1417,69,51,70,12980,71,11971,72,1630,73,837,68.5
2026-04-18 03:26:03 PM,KXATPMATCH-26APR19RUBFIL-FIL,68,1298,67,7953,66,7169,65,735,64,1417,69,23,70,12980,71,11971,72,1630,73,837,68.5
2026-04-18 03:26:03 PM,KXATPMATCH-26APR19RUBFIL-FIL,68,1298,67,7953,66,7169,65,735,64,1417,69,1,70,12980,71,11971,72,1630,73,837,68.5
2026-04-18 03:26:19 PM,KXATPMATCH-26APR19RUBFIL-FIL,68,1298,67,7953,66,7169,65,735,64,1417,69,1,70,12939,71,11971,72,1630,73,837,68.5
2026-04-18 03:26:21 PM,KXATPMATCH-26APR19RUBFIL-FIL,68,1179,67,7953,66,7169,65,735,64,1417,69,1,70,12939,71,11971,72,1630,73,837,68.5
2026-04-18 03:26:21 PM,KXATPMATCH-26APR19RUBFIL-FIL,68,1339,67,7953,66,7169,65,735,64,1417,69,1,70,12939,71,11971,72,1630,73,837,68.5
2026-04-18 03:27:13 PM,KXATPMATCH-26APR19RUBFIL-FIL,68,1339,67,7953,66,7169,65,735,64,1417,69,1,70,12926,71,11971,72,1630,73,837,68.5
2026-04-18 03:27:15 PM,KXATPMATCH-26APR19RUBFIL-FIL,68,1179,67,7953,66,7169,65,735,64,1417,69,1,70,12926,71,11971,72,1630,73,837,68.5
2026-04-18 03:27:15 PM,KXATPMATCH-26APR19RUBFIL-FIL,68,1352,67,7953,66,7169,65,735,64,1417,69,1,70,12926,71,11971,72,1630,73,837,68.5
2026-04-18 03:27:26 PM,KXATPMATCH-26APR19RUBFIL-FIL,68,1352,67,7953,66,7169,65,831,64,1417,69,1,70,12926,71,11971,72,1630,73,837,68.5
2026-04-18 03:30:09 PM,KXATPMATCH-26APR19RUBFIL-FIL,68,1352,67,7953,66,7169,65,831,64,1417,69,1,70,12925,71,11971,72,1630,73,837,68.5
2026-04-18 03:30:10 PM,KXATPMATCH-26APR19RUBFIL-FIL,68,1179,67,7953,66,7169,65,831,64,1417,69,1,70,12925,71,11971,72,1630,73,837,68.5
2026-04-18 03:30:10 PM,KXATPMATCH-26APR19RUBFIL-FIL,68,1353,67,7953,66,7169,65,831,64,1417,69,1,70,12925,71,11971,72,1630,73,837,68.5
2026-04-18 03:31:40 PM,KXATPMATCH-26APR19RUBFIL-FIL,68,1353,67,7953,66,7169,65,831,64,1417,69,1,70,12817,71,11971,72,1630,73,837,68.5
2026-04-18 03:31:40 PM,KXATPMATCH-26APR19RUBFIL-FIL,68,1350,67,7953,66,7169,65,831,64,1417,69,1,70,12817,71,11971,72,1630,73,837,68.5
2026-04-18 03:31:40 PM,KXATPMATCH-26APR19RUBFIL-FIL,68,1350,67,7953,66,7169,65,831,64,1417,69,1,70,12928,71,11971,72,1630,73,837,68.5
2026-04-18 03:31:40 PM,KXATPMATCH-26APR19RUBFIL-FIL,68,1350,67,7988,66,7169,65,831,64,1417,69,1,70,12928,71,11971,72,1630,73,837,68.5
2026-04-18 03:31:57 PM,KXATPMATCH-26APR19RUBFIL-FIL,68,1350,67,7988,66,7169,65,831,64,1417,69,1,70,12817,71,11971,72,1630,73,837,68.5
2026-04-18 03:31:57 PM,KXATPMATCH-26APR19RUBFIL-FIL,68,1326,67,7988,66,7169,65,831,64,1417,69,1,70,12817,71,11971,72,1630,73,837,68.5
2026-04-18 03:31:57 PM,KXATPMATCH-26APR19RUBFIL-FIL,68,1326,67,7988,66,7169,65,831,64,1417,69,1,70,12952,71,11971,72,1630,73,837,68.5
2026-04-18 03:32:19 PM,KXATPMATCH-26APR19RUBFIL-FIL,68,1326,67,7988,66,7169,65,831,64,1271,69,1,70,12952,71,11971,72,1630,73,837,68.5
2026-04-18 03:32:19 PM,KXATPMATCH-26APR19RUBFIL-FIL,68,1326,67,7988,66,7169,65,831,64,1271,69,1,70,12952,71,11971,72,1295,73,837,68.5
2026-04-18 03:32:19 PM,KXATPMATCH-26APR19RUBFIL-FIL,68,1326,67,7988,66,7169,65,831,64,1271,69,1,70,12952,71,11971,72,1295,73,489,68.5
2026-04-18 03:34:09 PM,KXATPMATCH-26APR19RUBFIL-FIL,68,326,67,7988,66,7169,65,831,64,1271,69,1,70,12952,71,11971,72,1295,73,489,68.5
2026-04-18 03:34:09 PM,KXATPMATCH-26APR19RUBFIL-FIL,68,326,67,7953,66,7169,65,831,64,1271,69,1,70,12952,71,11971,72,1295,73,489,68.5
2026-04-18 03:35:33 PM,KXATPMATCH-26APR19RUBFIL-FIL,68,326,67,7953,66,7169,65,835,64,1271,69,1,70,12952,71,11971,72,1295,73,489,68.5
2026-04-18 03:35:33 PM,KXATPMATCH-26APR19RUBFIL-FIL,68,326,67,7953,66,7169,65,827,64,1271,69,1,70,12952,71,11971,72,1295,73,489,68.5
2026-04-18 03:35:33 PM,KXATPMATCH-26APR19RUBFIL-FIL,68,326,67,7953,66,7169,65,731,64,1271,69,1,70,12952,71,11971,72,1295,73,489,68.5
2026-04-18 03:37:01 PM,KXATPMATCH-26APR19RUBFIL-FIL,68,321,67,7953,66,7169,65,731,64,1271,69,1,70,12952,71,11971,72,1295,73,489,68.5
2026-04-18 03:37:28 PM,KXATPMATCH-26APR19RUBFIL-FIL,68,321,67,7952,66,7170,65,731,64,1271,70,12951,71,11971,72,1295,73,489,77,300,69.0,17445,27006,0.392
2026-04-18 03:37:39 PM,KXATPMATCH-26APR19RUBFIL-FIL,68,301,67,7952,66,7170,65,731,64,1271,70,12951,71,11971,72,1295,73,489,77,300,69.0,17425,27006,0.392
2026-04-18 03:37:39 PM,KXATPMATCH-26APR19RUBFIL-FIL,68,274,67,7952,66,7170,65,731,64,1271,70,12951,71,11971,72,1295,73,489,77,300,69.0,17398,27006,0.392
2026-04-18 03:37:39 PM,KXATPMATCH-26APR19RUBFIL-FIL,68,174,67,7952,66,7170,65,731,64,1271,70,12951,71,11971,72,1295,73,489,77,300,69.0,17298,27006,0.390
2026-04-18 03:37:39 PM,KXATPMATCH-26APR19RUBFIL-FIL,68,171,67,7952,66,7170,65,731,64,1271,70,12951,71,11971,72,1295,73,489,77,300,69.0,17295,27006,0.390
2026-04-18 03:37:41 PM,KXATPMATCH-26APR19RUBFIL-FIL,68,171,67,7952,66,7170,65,731,64,1271,70,12816,71,11971,72,1295,73,489,77,300,69.0,17295,26871,0.392
2026-04-18 03:37:41 PM,KXATPMATCH-26APR19RUBFIL-FIL,68,171,67,7952,66,7170,65,731,64,1271,70,12981,71,11971,72,1295,73,489,77,300,69.0,17295,27036,0.390
2026-04-18 03:37:43 PM,KXATPMATCH-26APR19RUBFIL-FIL,68,171,67,7952,66,7170,65,731,64,1271,70,12968,71,11971,72,1295,73,489,77,300,69.0,17295,27023,0.390
2026-04-18 03:37:43 PM,KXATPMATCH-26APR19RUBFIL-FIL,68,271,67,7952,66,7170,65,731,64,1271,70,12968,71,11971,72,1295,73,489,77,300,69.0,17395,27023,0.392
2026-04-18 03:37:43 PM,KXATPMATCH-26APR19RUBFIL-FIL,68,306,67,7952,66,7170,65,731,64,1271,70,12968,71,11971,72,1295,73,489,77,300,69.0,17430,27023,0.392
2026-04-18 03:37:44 PM,KXATPMATCH-26APR19RUBFIL-FIL,68,306,67,7952,66,7170,65,731,64,1271,70,12803,71,11971,72,1295,73,489,77,300,69.0,17430,26858,0.394
2026-04-18 03:37:44 PM,KXATPMATCH-26APR19RUBFIL-FIL,68,319,67,7952,66,7170,65,731,64,1271,70,12803,71,11971,72,1295,73,489,77,300,69.0,17443,26858,0.394
2026-04-18 03:37:44 PM,KXATPMATCH-26APR19RUBFIL-FIL,68,319,67,7952,66,7170,65,731,64,1271,70,12969,71,11971,72,1295,73,489,77,300,69.0,17443,27024,0.392
2026-04-18 03:37:44 PM,KXATPMATCH-26APR19RUBFIL-FIL,68,284,67,7952,66,7170,65,731,64,1271,70,12969,71,11971,72,1295,73,489,77,300,69.0,17408,27024,0.392
2026-04-18 03:37:55 PM,KXATPMATCH-26APR19RUBFIL-FIL,68,284,67,7952,66,7170,65,731,64,1278,70,12969,71,11971,72,1295,73,489,77,300,69.0,17415,27024,0.392
2026-04-18 03:37:55 PM,KXATPMATCH-26APR19RUBFIL-FIL,68,284,67,7952,66,7170,65,731,64,1278,70,12969,71,11971,72,1312,73,489,77,300,69.0,17415,27041,0.392
2026-04-18 03:39:02 PM,KXATPMATCH-26APR19RUBFIL-FIL,68,284,67,7952,66,7170,65,740,64,1278,70,12969,71,11971,72,1312,73,489,77,300,69.0,17424,27041,0.392
2026-04-18 03:41:28 PM,KXATPMATCH-26APR19RUBFIL-FIL,68,284,67,7952,66,7170,65,740,64,1278,70,12969,71,11971,72,1312,73,507,77,300,69.0,17424,27059,0.392
2026-04-18 03:41:38 PM,KXATPMATCH-26APR19RUBFIL-FIL,68,2419,67,7952,66,7170,65,740,64,1278,70,12969,71,11971,72,1312,73,507,77,300,69.0,19559,27059,0.420
2026-04-18 03:41:38 PM,KXATPMATCH-26APR19RUBFIL-FIL,68,2419,67,7952,66,7130,65,740,64,1278,70,12969,71,11971,72,1312,73,507,77,300,69.0,19519,27059,0.419
2026-04-18 03:41:39 PM,KXATPMATCH-26APR19RUBFIL-FIL,68,2419,67,7992,66,7130,65,740,64,1278,70,12969,71,11971,72,1312,73,507,77,300,69.0,19559,27059,0.420
2026-04-18 03:41:39 PM,KXATPMATCH-26APR19RUBFIL-FIL,68,2419,67,7992,66,7130,65,740,64,1278,70,12929,71,11971,72,1312,73,507,77,300,69.0,19559,27019,0.420
2026-04-18 03:41:39 PM,KXATPMATCH-26APR19RUBFIL-FIL,68,2419,67,7992,66,7130,65,740,64,1278,70,12929,71,12011,72,1312,73,507,77,300,69.0,19559,27059,0.420
2026-04-18 03:42:25 PM,KXATPMATCH-26APR19RUBFIL-FIL,68,2419,67,7992,66,7130,65,1682,64,1278,70,12929,71,12011,72,1312,73,507,77,300,69.0,20501,27059,0.431
2026-04-18 03:42:25 PM,KXATPMATCH-26APR19RUBFIL-FIL,68,2419,67,7992,66,6188,65,1682,64,1278,70,12929,71,12011,72,1312,73,507,77,300,69.0,19559,27059,0.420
2026-04-18 03:42:36 PM,KXATPMATCH-26APR19RUBFIL-FIL,68,2419,67,7992,66,7130,65,1682,64,1278,70,12929,71,12011,72,1312,73,507,77,300,69.0,20501,27059,0.431
2026-04-18 03:42:36 PM,KXATPMATCH-26APR19RUBFIL-FIL,68,2419,67,7992,66,7130,65,740,64,1278,70,12929,71,12011,72,1312,73,507,77,300,69.0,19559,27059,0.420
2026-04-18 03:45:46 PM,KXATPMATCH-26APR19RUBFIL-FIL,68,1284,67,7992,66,7130,65,740,64,1278,70,12929,71,12011,72,1312,73,507,77,300,69.0,18424,27059,0.405
2026-04-18 03:45:47 PM,KXATPMATCH-26APR19RUBFIL-FIL,68,1284,67,7952,66,7130,65,740,64,1278,70,12929,71,12011,72,1312,73,507,77,300,69.0,18384,27059,0.405
2026-04-18 03:45:47 PM,KXATPMATCH-26APR19RUBFIL-FIL,68,1284,67,7952,66,7170,65,740,64,1278,70,12929,71,12011,72,1312,73,507,77,300,69.0,18424,27059,0.405
2026-04-18 03:45:47 PM,KXATPMATCH-26APR19RUBFIL-FIL,68,1284,67,7987,66,7170,65,740,64,1278,70,12929,71,12011,72,1312,73,507,77,300,69.0,18459,27059,0.406
2026-04-18 03:45:47 PM,KXATPMATCH-26APR19RUBFIL-FIL,68,1284,67,7987,66,7170,65,740,64,1278,70,12929,71,11971,72,1312,73,507,77,300,69.0,18459,27019,0.406
2026-04-18 03:45:47 PM,KXATPMATCH-26APR19RUBFIL-FIL,68,1284,67,7987,66,7170,65,740,64,1278,70,12969,71,11971,72,1312,73,507,77,300,69.0,18459,27059,0.406
2026-04-18 03:46:10 PM,KXATPMATCH-26APR19RUBFIL-FIL,68,284,67,7987,66,7170,65,740,64,1278,70,12969,71,11971,72,1312,73,507,77,300,69.0,17459,27059,0.392
2026-04-18 03:46:10 PM,KXATPMATCH-26APR19RUBFIL-FIL,68,284,67,7952,66,7170,65,740,64,1278,70,12969,71,11971,72,1312,73,507,77,300,69.0,17424,27059,0.392
2026-04-18 03:48:41 PM,KXATPMATCH-26APR19RUBFIL-FIL,68,284,67,7952,66,7170,65,740,64,1271,70,12969,71,11971,72,1312,73,507,77,300,69.0,17417,27059,0.392
2026-04-18 03:48:41 PM,KXATPMATCH-26APR19RUBFIL-FIL,68,284,67,7952,66,7170,65,740,64,1271,70,12969,71,11971,72,1295,73,507,77,300,69.0,17417,27042,0.392
2026-04-18 03:48:41 PM,KXATPMATCH-26APR19RUBFIL-FIL,68,284,67,7952,66,7170,65,740,64,1271,70,12969,71,11971,72,1295,73,489,77,300,69.0,17417,27024,0.392
2026-04-18 03:48:41 PM,KXATPMATCH-26APR19RUBFIL-FIL,68,284,67,7952,66,7170,65,775,64,1271,70,12969,71,11971,72,1295,73,489,77,300,69.0,17452,27024,0.392
2026-04-18 03:49:26 PM,KXATPMATCH-26APR19RUBFIL-FIL,68,284,67,7952,66,7170,65,775,64,1271,70,12900,71,11971,72,1295,73,489,77,300,69.0,17452,26955,0.393
2026-04-18 03:49:28 PM,KXATPMATCH-26APR19RUBFIL-FIL,68,271,67,7952,66,7170,65,775,64,1271,70,12900,71,11971,72,1295,73,489,77,300,69.0,17439,26955,0.393
2026-04-18 03:49:28 PM,KXATPMATCH-26APR19RUBFIL-FIL,68,271,67,7952,66,7170,65,775,64,1271,70,12734,71,11971,72,1295,73,489,77,300,69.0,17439,26789,0.394
2026-04-18 03:49:28 PM,KXATPMATCH-26APR19RUBFIL-FIL,68,353,67,7952,66,7170,65,775,64,1271,70,12734,71,11971,72,1295,73,489,77,300,69.0,17521,26789,0.395
2026-04-18 03:49:28 PM,KXATPMATCH-26APR19RUBFIL-FIL,68,353,67,7952,66,7170,65,775,64,1271,70,12901,71,11971,72,1295,73,489,77,300,69.0,17521,26956,0.394
2026-04-18 03:52:48 PM,KXATPMATCH-26APR19RUBFIL-FIL,68,353,67,7952,66,7170,65,775,64,1271,70,12900,71,11971,72,1295,73,489,77,300,69.0,17521,26955,0.394
2026-04-18 03:52:48 PM,KXATPMATCH-26APR19RUBFIL-FIL,68,353,67,7952,66,7170,65,740,64,1271,70,12900,71,11971,72,1295,73,489,77,300,69.0,17486,26955,0.393
2026-04-18 03:52:49 PM,KXATPMATCH-26APR19RUBFIL-FIL,68,271,67,7952,66,7170,65,740,64,1271,70,12900,71,11971,72,1295,73,489,77,300,69.0,17404,26955,0.392
2026-04-18 03:52:49 PM,KXATPMATCH-26APR19RUBFIL-FIL,68,354,67,7952,66,7170,65,740,64,1271,70,12900,71,11971,72,1295,73,489,77,300,69.0,17487,26955,0.393
2026-04-18 03:53:55 PM,KXATPMATCH-26APR19RUBFIL-FIL,68,354,67,7952,66,7170,65,775,64,1271,70,12900,71,11971,72,1295,73,489,77,300,69.0,17522,26955,0.394
2026-04-18 03:54:14 PM,KXATPMATCH-26APR19RUBFIL-FIL,68,354,67,7952,66,7170,65,775,64,1271,70,12823,71,11971,72,1295,73,489,77,300,69.0,17522,26878,0.395
2026-04-18 03:54:14 PM,KXATPMATCH-26APR19RUBFIL-FIL,68,354,67,7952,66,7170,65,775,64,1271,70,12693,71,11971,72,1295,73,489,77,300,69.0,17522,26748,0.396
2026-04-18 03:54:15 PM,KXATPMATCH-26APR19RUBFIL-FIL,68,354,67,8017,66,7170,65,775,64,1271,70,12693,71,11971,72,1295,73,489,77,300,69.0,17587,26748,0.397
2026-04-18 03:54:15 PM,KXATPMATCH-26APR19RUBFIL-FIL,68,354,67,8017,66,7170,65,740,64,1271,70,12693,71,11971,72,1295,73,489,77,300,69.0,17552,26748,0.396
2026-04-18 03:54:15 PM,KXATPMATCH-26APR19RUBFIL-FIL,68,354,67,8017,66,7235,65,740,64,1271,70,12693,71,11971,72,1295,73,489,77,300,69.0,17617,26748,0.397
2026-04-18 03:54:15 PM,KXATPMATCH-26APR19RUBFIL-FIL,68,271,67,8017,66,7235,65,740,64,1271,70,12693,71,11971,72,1295,73,489,77,300,69.0,17534,26748,0.396
2026-04-18 03:54:15 PM,KXATPMATCH-26APR19RUBFIL-FIL,68,431,67,8017,66,7235,65,740,64,1271,70,12693,71,11971,72,1295,73,489,77,300,69.0,17694,26748,0.398
2026-04-18 03:56:55 PM,KXATPMATCH-26APR19RUBFIL-FIL,68,431,67,8018,66,7235,65,740,64,1271,70,12690,71,11971,72,1295,73,489,77,300,69.0,17695,26745,0.398
2026-04-18 03:57:40 PM,KXATPMATCH-26APR19RUBFIL-FIL,68,431,67,8018,66,7235,65,740,64,1271,70,12690,71,11971,72,1295,73,489,77,300,69.0,17695,26745,0.398
2026-04-18 04:02:03 PM,KXATPMATCH-26APR19RUBFIL-FIL,68,451,67,8018,66,7235,65,740,64,1271,70,12690,71,11971,72,1295,73,489,77,300,69.0,17715,26745,0.398
2026-04-18 04:04:10 PM,KXATPMATCH-26APR19RUBFIL-FIL,68,451,67,8018,66,7235,65,740,64,1271,70,12684,71,11971,72,1295,73,489,77,300,69.0,17715,26739,0.399
2026-04-18 04:04:11 PM,KXATPMATCH-26APR19RUBFIL-FIL,68,451,67,8021,66,7235,65,740,64,1271,70,12684,71,11971,72,1295,73,489,77,300,69.0,17718,26739,0.399
2026-04-18 04:04:11 PM,KXATPMATCH-26APR19RUBFIL-FIL,68,451,67,8021,66,7238,65,740,64,1271,70,12684,71,11971,72,1295,73,489,77,300,69.0,17721,26739,0.399
2026-04-18 04:06:35 PM,KXATPMATCH-26APR19RUBFIL-FIL,68,451,67,8021,66,7238,65,740,64,1271,70,12672,71,11971,72,1295,73,489,77,300,69.0,17721,26727,0.399
2026-04-18 04:07:13 PM,KXATPMATCH-26APR19RUBFIL-FIL,68,451,67,8021,66,7238,65,740,64,1271,70,12672,71,11971,72,1303,73,489,77,300,69.0,17721,26735,0.399
2026-04-18 04:07:19 PM,KXATPMATCH-26APR19RUBFIL-FIL,68,451,67,8021,66,7239,65,740,64,1271,70,12671,71,11971,72,1303,73,489,77,300,69.0,17722,26734,0.399
2026-04-18 04:07:49 PM,KXATPMATCH-26APR19RUBFIL-FIL,68,451,67,8021,66,7239,65,740,64,1271,70,12560,71,11971,72,1303,73,489,77,300,69.0,17722,26623,0.400
2026-04-18 04:07:49 PM,KXATPMATCH-26APR19RUBFIL-FIL,68,451,67,8021,66,7239,65,740,64,1271,70,12671,71,11971,72,1303,73,489,77,300,69.0,17722,26734,0.399
2026-04-18 04:07:51 PM,KXATPMATCH-26APR19RUBFIL-FIL,68,451,67,8021,66,7239,65,740,64,1271,70,12560,71,11971,72,1303,73,489,77,300,69.0,17722,26623,0.400
2026-04-18 04:07:51 PM,KXATPMATCH-26APR19RUBFIL-FIL,68,451,67,8076,66,7239,65,740,64,1271,70,12560,71,11971,72,1303,73,489,77,300,69.0,17777,26623,0.400
2026-04-18 04:07:51 PM,KXATPMATCH-26APR19RUBFIL-FIL,68,451,67,8076,66,7294,65,740,64,1271,70,12560,71,11971,72,1303,73,489,77,300,69.0,17832,26623,0.401
2026-04-18 04:08:09 PM,KXATPMATCH-26APR19RUBFIL-FIL,68,451,67,8076,66,7294,65,740,64,1271,70,12560,71,12913,72,1303,73,489,77,300,69.0,17832,27565,0.393
2026-04-18 04:08:09 PM,KXATPMATCH-26APR19RUBFIL-FIL,68,451,67,8076,66,7294,65,740,64,1271,70,11618,71,12913,72,1303,73,489,77,300,69.0,17832,26623,0.401
2026-04-18 04:08:09 PM,KXATPMATCH-26APR19RUBFIL-FIL,68,451,67,8076,66,6352,65,740,64,1271,70,11618,71,12913,72,1303,73,489,77,300,69.0,16890,26623,0.388
2026-04-18 04:08:09 PM,KXATPMATCH-26APR19RUBFIL-FIL,68,451,67,8076,66,7294,65,740,64,1271,70,11618,71,12913,72,1303,73,489,77,300,69.0,17832,26623,0.401
2026-04-18 04:08:10 PM,KXATPMATCH-26APR19RUBFIL-FIL,68,451,67,8076,66,6352,65,740,64,1271,70,11618,71,12913,72,1303,73,489,77,300,69.0,16890,26623,0.388
2026-04-18 04:08:10 PM,KXATPMATCH-26APR19RUBFIL-FIL,68,451,67,8076,66,6352,65,740,64,1271,70,3609,71,12913,72,1303,73,489,77,300,69.0,16890,18614,0.476
2026-04-18 04:08:10 PM,KXATPMATCH-26APR19RUBFIL-FIL,68,451,67,8076,66,6312,65,740,64,1271,70,3609,71,12913,72,1303,73,489,77,300,69.0,16850,18614,0.475
2026-04-18 04:08:10 PM,KXATPMATCH-26APR19RUBFIL-FIL,68,451,67,8076,66,6312,65,740,64,1271,70,3609,71,11323,72,1303,73,489,77,300,69.0,16850,17024,0.497
2026-04-18 04:08:10 PM,KXATPMATCH-26APR19RUBFIL-FIL,68,451,67,8076,66,6312,65,740,64,1271,70,3609,71,11323,72,10903,73,489,77,300,69.0,16850,26624,0.388
2026-04-18 04:08:10 PM,KXATPMATCH-26APR19RUBFIL-FIL,68,451,67,7826,66,6312,65,740,64,1271,70,3609,71,11323,72,10903,73,489,77,300,69.0,16600,26624,0.384
2026-04-18 04:08:10 PM,KXATPMATCH-26APR19RUBFIL-FIL,68,701,67,7826,66,6312,65,740,64,1271,70,3609,71,11323,72,10903,73,489,77,300,69.0,16850,26624,0.388
2026-04-18 04:08:10 PM,KXATPMATCH-26APR19RUBFIL-FIL,68,701,67,7866,66,6312,65,740,64,1271,70,3609,71,11323,72,10903,73,489,77,300,69.0,16890,26624,0.388
2026-04-18 04:08:10 PM,KXATPMATCH-26APR19RUBFIL-FIL,68,701,67,7866,66,6312,65,740,64,1271,70,3359,71,11323,72,10903,73,489,77,300,69.0,16890,26374,0.390
2026-04-18 04:08:11 PM,KXATPMATCH-26APR19RUBFIL-FIL,68,701,67,7866,66,6312,65,740,64,1271,70,3319,71,11323,72,10903,73,489,77,300,69.0,16890,26334,0.391
2026-04-18 04:08:11 PM,KXATPMATCH-26APR19RUBFIL-FIL,68,701,67,7866,66,6312,65,740,64,1271,70,3319,71,11573,72,10903,73,489,77,300,69.0,16890,26584,0.389
2026-04-18 04:08:11 PM,KXATPMATCH-26APR19RUBFIL-FIL,68,701,67,7866,66,6312,65,740,64,1271,70,3319,71,11613,72,10903,73,489,77,300,69.0,16890,26624,0.388
2026-04-18 04:08:24 PM,KXATPMATCH-26APR19RUBFIL-FIL,68,701,67,7866,66,7254,65,740,64,1271,70,3319,71,11613,72,10903,73,489,77,300,69.0,17832,26624,0.401
2026-04-18 04:08:49 PM,KXATPMATCH-26APR19RUBFIL-FIL,68,701,67,7866,66,7254,65,740,64,2499,70,3319,71,11613,72,10903,73,489,77,300,69.0,19060,26624,0.417
2026-04-18 04:08:49 PM,KXATPMATCH-26APR19RUBFIL-FIL,68,701,67,8808,66,7254,65,740,64,2499,70,3319,71,11613,72,10903,73,489,77,300,69.0,20002,26624,0.429
2026-04-18 04:08:49 PM,KXATPMATCH-26APR19RUBFIL-FIL,68,701,67,8808,66,7254,65,1552,64,2499,70,3319,71,11613,72,10903,73,489,77,300,69.0,20814,26624,0.439
2026-04-18 04:08:49 PM,KXATPMATCH-26APR19RUBFIL-FIL,68,701,67,8808,66,6312,65,1552,64,2499,70,3319,71,11613,72,10903,73,489,77,300,69.0,19872,26624,0.427
2026-04-18 04:09:28 PM,KXATPMATCH-26APR19RUBFIL-FIL,68,701,67,8808,66,6312,65,1552,64,2499,70,3289,71,11613,72,10903,73,489,77,300,69.0,19872,26594,0.428
2026-04-18 04:09:28 PM,KXATPMATCH-26APR19RUBFIL-FIL,68,713,67,8808,66,6312,65,1552,64,2499,70,3289,71,11613,72,10903,73,489,77,300,69.0,19884,26594,0.428
2026-04-18 04:09:28 PM,KXATPMATCH-26APR19RUBFIL-FIL,68,713,67,8808,66,6304,65,1552,64,2499,70,3289,71,11613,72,10903,73,489,77,300,69.0,19876,26594,0.428
2026-04-18 04:09:28 PM,KXATPMATCH-26APR19RUBFIL-FIL,68,713,67,8808,66,6304,65,1552,64,2499,70,3289,71,11613,72,1303,73,489,77,300,69.0,19876,16994,0.539
2026-04-18 04:09:29 PM,KXATPMATCH-26APR19RUBFIL-FIL,68,713,67,8808,66,6304,65,1552,64,2499,70,11298,71,11613,72,1303,73,489,77,300,69.0,19876,25003,0.443
2026-04-18 04:09:29 PM,KXATPMATCH-26APR19RUBFIL-FIL,68,713,67,8808,66,6304,65,1552,64,2499,70,11298,71,13203,72,1303,73,489,77,300,69.0,19876,26593,0.428
2026-04-18 04:09:29 PM,KXATPMATCH-26APR19RUBFIL-FIL,68,713,67,8768,66,6304,65,1552,64,2499,70,11298,71,13203,72,1303,73,489,77,300,69.0,19836,26593,0.427
2026-04-18 04:09:29 PM,KXATPMATCH-26APR19RUBFIL-FIL,68,463,67,8768,66,6304,65,1552,64,2499,70,11298,71,13203,72,1303,73,489,77,300,69.0,19586,26593,0.424
2026-04-18 04:09:29 PM,KXATPMATCH-26APR19RUBFIL-FIL,68,463,67,9018,66,6304,65,1552,64,2499,70,11298,71,13203,72,1303,73,489,77,300,69.0,19836,26593,0.427
2026-04-18 04:09:29 PM,KXATPMATCH-26APR19RUBFIL-FIL,68,463,67,9018,66,6304,65,1552,64,2499,70,11298,71,12953,72,1303,73,489,77,300,69.0,19836,26343,0.430
2026-04-18 04:09:29 PM,KXATPMATCH-26APR19RUBFIL-FIL,68,463,67,9018,66,6304,65,1552,64,2499,70,11548,71,12953,72,1303,73,489,77,300,69.0,19836,26593,0.427
2026-04-18 04:09:29 PM,KXATPMATCH-26APR19RUBFIL-FIL,68,463,67,9018,66,6344,65,1552,64,2499,70,11548,71,12953,72,1303,73,489,77,300,69.0,19876,26593,0.428
2026-04-18 04:09:29 PM,KXATPMATCH-26APR19RUBFIL-FIL,68,463,67,9018,66,6344,65,1552,64,2499,70,11548,71,12913,72,1303,73,489,77,300,69.0,19876,26553,0.428
2026-04-18 04:09:29 PM,KXATPMATCH-26APR19RUBFIL-FIL,68,463,67,9018,66,6344,65,1552,64,2499,70,11588,71,12913,72,1303,73,489,77,300,69.0,19876,26593,0.428
2026-04-18 04:10:04 PM,KXATPMATCH-26APR19RUBFIL-FIL,68,463,67,9018,66,7286,65,1552,64,2499,70,11588,71,12913,72,1303,73,489,77,300,69.0,20818,26593,0.439
2026-04-18 04:10:04 PM,KXATPMATCH-26APR19RUBFIL-FIL,68,463,67,9018,66,7286,65,1552,64,2499,70,12530,71,12913,72,1303,73,489,77,300,69.0,20818,27535,0.431
2026-04-18 04:10:04 PM,KXATPMATCH-26APR19RUBFIL-FIL,68,463,67,8076,66,7286,65,1552,64,2499,70,12530,71,12913,72,1303,73,489,77,300,69.0,19876,27535,0.419
2026-04-18 04:10:04 PM,KXATPMATCH-26APR19RUBFIL-FIL,68,463,67,8076,66,7286,65,1552,64,2499,70,12530,71,11971,72,1303,73,489,77,300,69.0,19876,26593,0.428
2026-04-18 04:10:12 PM,KXATPMATCH-26APR19RUBFIL-FIL,68,463,67,8076,66,7286,65,1552,64,2499,70,11588,71,11971,72,1303,73,489,77,300,69.0,19876,25651,0.437
2026-04-18 04:10:12 PM,KXATPMATCH-26APR19RUBFIL-FIL,68,463,67,8076,66,7286,65,1552,64,2499,70,11588,71,12913,72,1303,73,489,77,300,69.0,19876,26593,0.428
2026-04-18 04:10:32 PM,KXATPMATCH-26APR19RUBFIL-FIL,68,463,67,8076,66,7286,65,1552,64,2499,70,11588,71,11971,72,1303,73,489,77,300,69.0,19876,25651,0.437
2026-04-18 04:10:33 PM,KXATPMATCH-26APR19RUBFIL-FIL,68,463,67,8076,66,7286,65,1552,64,2499,70,11588,71,12913,72,1303,73,489,77,300,69.0,19876,26593,0.428
2026-04-18 04:11:02 PM,KXATPMATCH-26APR19RUBFIL-FIL,68,463,67,8076,66,7286,65,1552,64,2499,70,11588,71,11971,72,1303,73,489,77,300,69.0,19876,25651,0.437
2026-04-18 04:11:02 PM,KXATPMATCH-26APR19RUBFIL-FIL,68,463,67,8076,66,7286,65,1552,64,2499,70,11588,71,12913,72,1303,73,489,77,300,69.0,19876,26593,0.428
2026-04-18 04:12:18 PM,KXATPMATCH-26APR19RUBFIL-FIL,68,463,67,8076,66,7286,65,1552,64,2499,70,11588,71,12914,72,1303,73,489,77,300,69.0,19876,26594,0.428
2026-04-18 04:13:07 PM,KXATPMATCH-26APR19RUBFIL-FIL,68,463,67,8076,66,7286,65,1552,64,2499,70,11608,71,12914,72,1303,73,489,77,300,69.0,19876,26614,0.428
2026-04-18 04:13:29 PM,KXATPMATCH-26APR19RUBFIL-FIL,68,463,67,8076,66,7286,65,1552,64,2499,70,12546,71,12914,72,1303,73,489,77,300,69.0,19876,27552,0.419
2026-04-18 04:13:29 PM,KXATPMATCH-26APR19RUBFIL-FIL,68,463,67,7134,66,7286,65,1552,64,2499,70,12546,71,12914,72,1303,73,489,77,300,69.0,18934,27552,0.407
2026-04-18 04:13:29 PM,KXATPMATCH-26APR19RUBFIL-FIL,68,463,67,7134,66,7286,65,1552,64,2499,70,12546,71,11972,72,1303,73,489,77,300,69.0,18934,26610,0.416
2026-04-18 04:13:34 PM,KXATPMATCH-26APR19RUBFIL-FIL,68,463,67,7020,66,7286,65,1552,64,2499,70,12546,71,11972,72,1303,73,489,77,300,69.0,18820,26610,0.414
2026-04-18 04:13:34 PM,KXATPMATCH-26APR19RUBFIL-FIL,68,463,67,7020,66,7286,65,1552,64,2499,70,12546,71,11972,72,697,73,489,77,300,69.0,18820,26004,0.420
2026-04-18 04:13:34 PM,KXATPMATCH-26APR19RUBFIL-FIL,68,463,67,7020,66,7286,65,1552,64,2499,70,12032,71,11972,72,697,73,489,77,300,69.0,18820,25490,0.425
2026-04-18 04:13:34 PM,KXATPMATCH-26APR19RUBFIL-FIL,68,463,67,7020,66,7286,65,1552,64,2499,70,12015,71,11972,72,697,73,489,77,300,69.0,18820,25473,0.425
2026-04-18 04:13:34 PM,KXATPMATCH-26APR19RUBFIL-FIL,68,463,67,7020,66,7380,65,1552,64,2499,70,12015,71,11972,72,697,73,489,77,300,69.0,18914,25473,0.426
2026-04-18 04:13:34 PM,KXATPMATCH-26APR19RUBFIL-FIL,68,463,67,7020,66,7380,65,1552,64,2588,70,12015,71,11972,72,697,73,489,77,300,69.0,19003,25473,0.427
2026-04-18 04:13:34 PM,KXATPMATCH-26APR19RUBFIL-FIL,68,463,67,7020,66,7380,65,1552,64,2588,69,640,70,12015,71,11972,72,697,73,489,68.5,19003,25813,0.424
2026-04-18 04:13:34 PM,KXATPMATCH-26APR19RUBFIL-FIL,68,451,67,7020,66,7380,65,1552,64,2588,69,640,70,12015,71,11972,72,697,73,489,68.5,18991,25813,0.424
2026-04-18 04:13:34 PM,KXATPMATCH-26APR19RUBFIL-FIL,68,451,67,7020,66,7388,65,1552,64,2588,69,640,70,12015,71,11972,72,697,73,489,68.5,18999,25813,0.424
2026-04-18 04:13:34 PM,KXATPMATCH-26APR19RUBFIL-FIL,68,451,67,7020,66,6446,65,1552,64,2588,69,640,70,12015,71,11972,72,697,73,489,68.5,18057,25813,0.412
2026-04-18 04:13:34 PM,KXATPMATCH-26APR19RUBFIL-FIL,68,451,67,7020,66,6446,65,1552,64,2588,69,640,70,11077,71,11972,72,697,73,489,68.5,18057,24875,0.421
2026-04-18 04:13:34 PM,KXATPMATCH-26APR19RUBFIL-FIL,68,451,67,7020,66,7384,65,1552,64,2588,69,640,70,11077,71,11972,72,697,73,489,68.5,18995,24875,0.433
2026-04-18 04:13:34 PM,KXATPMATCH-26APR19RUBFIL-FIL,68,451,67,7020,66,7384,65,1552,64,2588,69,640,70,11089,71,11972,72,697,73,489,68.5,18995,24887,0.433
2026-04-18 04:13:34 PM,KXATPMATCH-26APR19RUBFIL-FIL,68,451,67,7020,66,7384,65,1552,64,2588,69,640,70,11089,71,11972,72,689,73,489,68.5,18995,24879,0.433
2026-04-18 04:13:36 PM,KXATPMATCH-26APR19RUBFIL-FIL,68,352,67,7020,66,7384,65,1552,64,2588,69,640,70,11089,71,11972,72,689,73,489,68.5,18896,24879,0.432
2026-04-18 04:13:36 PM,KXATPMATCH-26APR19RUBFIL-FIL,68,352,67,7020,66,7384,65,1552,64,2588,69,640,70,11188,71,11972,72,689,73,489,68.5,18896,24978,0.431
2026-04-18 04:13:38 PM,KXATPMATCH-26APR19RUBFIL-FIL,68,352,67,7020,66,7384,65,1552,64,2588,69,640,70,11188,71,12908,72,689,73,489,68.5,18896,25914,0.422
2026-04-18 04:13:39 PM,KXATPMATCH-26APR19RUBFIL-FIL,68,352,67,7020,66,6446,65,1552,64,2588,69,640,70,11188,71,12908,72,689,73,489,68.5,17958,25914,0.409
2026-04-18 04:13:40 PM,KXATPMATCH-26APR19RUBFIL-FIL,68,352,67,7020,66,6446,65,1552,64,2588,69,640,70,11188,71,11972,72,689,73,489,68.5,17958,24978,0.418
2026-04-18 04:13:41 PM,KXATPMATCH-26APR19RUBFIL-FIL,68,352,67,7020,66,6446,65,1552,64,2588,69,703,70,11188,71,11972,72,689,73,489,68.5,17958,25041,0.418
2026-04-18 04:13:43 PM,KXATPMATCH-26APR19RUBFIL-FIL,68,352,67,7020,66,7382,65,1552,64,2588,69,703,70,11188,71,11972,72,689,73,489,68.5,18894,25041,0.430
2026-04-18 04:13:47 PM,KXATPMATCH-26APR19RUBFIL-FIL,68,352,67,7020,66,7382,65,1552,64,2588,69,703,70,12124,71,11972,72,689,73,489,68.5,18894,25977,0.421
2026-04-18 04:14:07 PM,KXATPMATCH-26APR19RUBFIL-FIL,68,352,67,7020,66,7382,65,1552,64,2588,69,703,70,12124,71,12908,72,689,73,489,68.5,18894,26913,0.412
2026-04-18 04:14:07 PM,KXATPMATCH-26APR19RUBFIL-FIL,68,352,67,7020,66,7382,65,1552,64,2588,69,703,70,11188,71,12908,72,689,73,489,68.5,18894,25977,0.421
2026-04-18 04:14:07 PM,KXATPMATCH-26APR19RUBFIL-FIL,68,352,67,7020,66,6446,65,1552,64,2588,69,703,70,11188,71,12908,72,689,73,489,68.5,17958,25977,0.409
2026-04-18 04:14:08 PM,KXATPMATCH-26APR19RUBFIL-FIL,68,352,67,7020,66,7382,65,1552,64,2588,69,703,70,11188,71,12908,72,689,73,489,68.5,18894,25977,0.421
2026-04-18 04:14:54 PM,KXATPMATCH-26APR19RUBFIL-FIL,68,352,67,7956,66,7382,65,1552,64,2588,69,703,70,11188,71,12908,72,689,73,489,68.5,19830,25977,0.433
2026-04-18 04:15:08 PM,KXATPMATCH-26APR19RUBFIL-FIL,68,205,67,7956,66,7382,65,1552,64,2588,69,703,70,11188,71,12908,72,689,73,489,68.5,19683,25977,0.431
2026-04-18 04:15:08 PM,KXATPMATCH-26APR19RUBFIL-FIL,68,144,67,7956,66,7382,65,1552,64,2588,69,703,70,11188,71,12908,72,689,73,489,68.5,19622,25977,0.430
2026-04-18 04:15:08 PM,KXATPMATCH-26APR19RUBFIL-FIL,68,144,67,7956,66,7382,65,1552,64,2588,69,703,70,11089,71,12908,72,689,73,489,68.5,19622,25878,0.431
2026-04-18 04:15:08 PM,KXATPMATCH-26APR19RUBFIL-FIL,68,141,67,7956,66,7382,65,1552,64,2588,69,703,70,11089,71,12908,72,689,73,489,68.5,19619,25878,0.431
2026-04-18 04:15:08 PM,KXATPMATCH-26APR19RUBFIL-FIL,68,141,67,7956,66,7382,65,1552,64,2588,69,703,70,11399,71,12908,72,689,73,489,68.5,19619,26188,0.428
2026-04-18 04:15:08 PM,KXATPMATCH-26APR19RUBFIL-FIL,68,141,67,7956,66,6446,65,1552,64,2588,69,703,70,11399,71,12908,72,689,73,489,68.5,18683,26188,0.416
2026-04-18 04:15:38 PM,KXATPMATCH-26APR19RUBFIL-FIL,68,120,67,7956,66,6446,65,1552,64,2588,69,703,70,11399,71,12908,72,689,73,489,68.5,18662,26188,0.416
2026-04-18 04:15:38 PM,KXATPMATCH-26APR19RUBFIL-FIL,68,120,67,7956,66,6446,65,1552,64,2588,69,703,70,11089,71,12908,72,689,73,489,68.5,18662,25878,0.419
2026-04-18 04:15:38 PM,KXATPMATCH-26APR19RUBFIL-FIL,68,120,67,7956,66,6446,65,1552,64,2588,69,703,70,11089,71,12108,72,689,73,489,68.5,18662,25078,0.427
2026-04-18 04:15:38 PM,KXATPMATCH-26APR19RUBFIL-FIL,68,120,67,7552,66,6446,65,1552,64,2588,69,703,70,11089,71,12108,72,689,73,489,68.5,18258,25078,0.421
2026-04-18 04:15:38 PM,KXATPMATCH-26APR19RUBFIL-FIL,68,120,67,7552,66,7246,65,1552,64,2588,69,703,70,11089,71,12108,72,689,73,489,68.5,19058,25078,0.432
2026-04-18 04:15:38 PM,KXATPMATCH-26APR19RUBFIL-FIL,68,120,67,7552,66,7246,65,1552,64,2588,69,1090,70,11089,71,12108,72,689,73,489,68.5,19058,25465,0.428
2026-04-18 04:15:38 PM,KXATPMATCH-26APR19RUBFIL-FIL,68,120,67,7552,66,7246,65,1552,64,2588,69,1090,70,11437,71,12108,72,689,73,489,68.5,19058,25813,0.425
2026-04-18 04:16:03 PM,KXATPMATCH-26APR19RUBFIL-FIL,68,120,67,7552,66,7246,65,1552,64,2588,69,1062,70,11437,71,12108,72,689,73,489,68.5,19058,25785,0.425
2026-04-18 04:16:16 PM,KXATPMATCH-26APR19RUBFIL-FIL,68,120,67,7552,66,7246,65,1552,64,2588,69,1048,70,11437,71,12108,72,689,73,489,68.5,19058,25771,0.425
2026-04-18 04:18:48 PM,KXATPMATCH-26APR19RUBFIL-FIL,68,120,67,7552,66,8182,65,1552,64,2588,69,1048,70,11437,71,12108,72,689,73,489,68.5,19994,25771,0.437
2026-04-18 04:18:48 PM,KXATPMATCH-26APR19RUBFIL-FIL,68,120,67,6616,66,8182,65,1552,64,2588,69,1048,70,11437,71,12108,72,689,73,489,68.5,19058,25771,0.425
2026-04-18 04:20:22 PM,KXATPMATCH-26APR19RUBFIL-FIL,68,120,67,6616,66,8182,65,1552,64,2595,69,1048,70,11437,71,12108,72,689,73,489,68.5,19065,25771,0.425
2026-04-18 04:22:35 PM,KXATPMATCH-26APR19RUBFIL-FIL,68,84,67,6616,66,8182,65,1552,64,2595,69,1048,70,11437,71,12108,72,689,73,489,68.5,19029,25771,0.425
2026-04-18 04:22:35 PM,KXATPMATCH-26APR19RUBFIL-FIL,68,84,67,6366,66,8182,65,1552,64,2595,69,1048,70,11437,71,12108,72,689,73,489,68.5,18779,25771,0.422
2026-04-18 04:22:35 PM,KXATPMATCH-26APR19RUBFIL-FIL,68,84,67,6366,66,8432,65,1552,64,2595,69,1048,70,11437,71,12108,72,689,73,489,68.5,19029,25771,0.425
2026-04-18 04:22:35 PM,KXATPMATCH-26APR19RUBFIL-FIL,68,84,67,6366,66,8432,65,1552,64,2595,69,1048,70,11187,71,12108,72,689,73,489,68.5,19029,25521,0.427
2026-04-18 04:22:35 PM,KXATPMATCH-26APR19RUBFIL-FIL,68,84,67,6366,66,8432,65,1552,64,2595,69,1298,70,11187,71,12108,72,689,73,489,68.5,19029,25771,0.425
2026-04-18 04:24:42 PM,KXATPMATCH-26APR19RUBFIL-FIL,68,84,67,6366,66,8432,65,1559,64,2595,69,1298,70,11187,71,12108,72,689,73,489,68.5,19036,25771,0.425
2026-04-18 04:24:42 PM,KXATPMATCH-26APR19RUBFIL-FIL,68,84,67,6366,66,8432,65,1567,64,2595,69,1298,70,11187,71,12108,72,689,73,489,68.5,19044,25771,0.425
2026-04-18 04:24:43 PM,KXATPMATCH-26APR19RUBFIL-FIL,68,84,67,7302,66,8432,65,1567,64,2595,69,1298,70,11187,71,12108,72,689,73,489,68.5,19980,25771,0.437
2026-04-18 04:24:43 PM,KXATPMATCH-26APR19RUBFIL-FIL,68,84,67,7302,66,7496,65,1567,64,2595,69,1298,70,11187,71,12108,72,689,73,489,68.5,19044,25771,0.425
2026-04-18 04:25:43 PM,KXATPMATCH-26APR19RUBFIL-FIL,68,84,67,7302,66,8432,65,1567,64,2595,69,1298,70,11187,71,12108,72,689,73,489,68.5,19980,25771,0.437
2026-04-18 04:25:43 PM,KXATPMATCH-26APR19RUBFIL-FIL,68,84,67,6366,66,8432,65,1567,64,2595,69,1298,70,11187,71,12108,72,689,73,489,68.5,19044,25771,0.425
2026-04-18 04:25:54 PM,KXATPMATCH-26APR19RUBFIL-FIL,68,84,67,7302,66,8432,65,1567,64,2595,69,1298,70,11187,71,12108,72,689,73,489,68.5,19980,25771,0.437
2026-04-18 04:25:55 PM,KXATPMATCH-26APR19RUBFIL-FIL,68,84,67,7302,66,7496,65,1567,64,2595,69,1298,70,11187,71,12108,72,689,73,489,68.5,19044,25771,0.425
2026-04-18 04:27:21 PM,KXATPMATCH-26APR19RUBFIL-FIL,68,84,67,7302,66,7496,65,1567,64,2588,69,1298,70,11187,71,12108,72,689,73,489,68.5,19037,25771,0.425
2026-04-18 04:27:22 PM,KXATPMATCH-26APR19RUBFIL-FIL,68,84,67,7302,66,7496,65,1567,64,2595,69,1298,70,11187,71,12108,72,689,73,489,68.5,19044,25771,0.425
2026-04-18 04:29:13 PM,KXATPMATCH-26APR19RUBFIL-FIL,68,84,67,7302,66,7496,65,1567,64,2595,69,1158,70,11187,71,12108,72,689,73,489,68.5,19044,25631,0.426
2026-04-18 04:29:13 PM,KXATPMATCH-26APR19RUBFIL-FIL,68,84,67,7331,66,7496,65,1567,64,2595,69,1158,70,11187,71,12108,72,689,73,489,68.5,19073,25631,0.427
2026-04-18 04:29:14 PM,KXATPMATCH-26APR19RUBFIL-FIL,68,84,67,7331,66,7246,65,1567,64,2595,69,1158,70,11187,71,12108,72,689,73,489,68.5,18823,25631,0.423
2026-04-18 04:29:14 PM,KXATPMATCH-26APR19RUBFIL-FIL,68,84,67,7581,66,7246,65,1567,64,2595,69,1158,70,11187,71,12108,72,689,73,489,68.5,19073,25631,0.427
2026-04-18 04:29:14 PM,KXATPMATCH-26APR19RUBFIL-FIL,68,84,67,7581,66,7246,65,1567,64,2595,69,908,70,11187,71,12108,72,689,73,489,68.5,19073,25381,0.429
2026-04-18 04:29:14 PM,KXATPMATCH-26APR19RUBFIL-FIL,68,84,67,7581,66,7246,65,1567,64,2595,69,908,70,11437,71,12108,72,689,73,489,68.5,19073,25631,0.427
2026-04-18 04:31:31 PM,KXATPMATCH-26APR19RUBFIL-FIL,68,84,67,7581,66,7246,65,1567,64,2595,69,556,70,11437,71,12108,72,689,73,489,68.5,19073,25279,0.430
2026-04-18 04:31:32 PM,KXATPMATCH-26APR19RUBFIL-FIL,68,84,67,7634,66,7246,65,1567,64,2595,69,556,70,11437,71,12108,72,689,73,489,68.5,19126,25279,0.431
2026-04-18 04:33:55 PM,KXATPMATCH-26APR19RUBFIL-FIL,68,84,67,7634,66,7246,65,1567,64,2588,69,556,70,11437,71,12108,72,689,73,489,68.5,19119,25279,0.431
2026-04-18 04:33:55 PM,KXATPMATCH-26APR19RUBFIL-FIL,68,84,67,7634,66,7246,65,1567,64,2595,69,556,70,11437,71,12108,72,689,73,489,68.5,19126,25279,0.431
2026-04-18 04:34:06 PM,KXATPMATCH-26APR19RUBFIL-FIL,68,84,67,7634,66,7246,65,1567,64,2595,69,556,70,11437,71,12107,72,689,73,489,68.5,19126,25278,0.431
2026-04-18 04:34:46 PM,KXATPMATCH-26APR19RUBFIL-FIL,68,1084,67,7634,66,7246,65,1567,64,2595,69,556,70,11437,71,12107,72,689,73,489,68.5,20126,25278,0.443
2026-04-18 04:35:28 PM,KXATPMATCH-26APR19RUBFIL-FIL,68,84,67,7634,66,7246,65,1567,64,2595,69,556,70,11437,71,12107,72,689,73,489,68.5,19126,25278,0.431
2026-04-18 04:35:54 PM,KXATPMATCH-26APR19RUBFIL-FIL,68,84,67,7634,66,7246,65,1567,64,2595,69,451,70,11437,71,12107,72,689,73,489,68.5,19126,25173,0.432
2026-04-18 04:35:54 PM,KXATPMATCH-26APR19RUBFIL-FIL,68,84,67,7634,66,7246,65,1567,64,2595,69,388,70,11437,71,12107,72,689,73,489,68.5,19126,25110,0.432
2026-04-18 04:35:54 PM,KXATPMATCH-26APR19RUBFIL-FIL,68,84,67,7634,66,7246,65,1567,64,2595,69,202,70,11437,71,12107,72,689,73,489,68.5,19126,24924,0.434
2026-04-18 04:35:54 PM,KXATPMATCH-26APR19RUBFIL-FIL,68,84,67,7659,66,7246,65,1567,64,2595,69,202,70,11437,71,12107,72,689,73,489,68.5,19151,24924,0.435
2026-04-18 04:35:54 PM,KXATPMATCH-26APR19RUBFIL-FIL,68,84,67,7659,66,7246,65,1567,64,2595,69,202,70,11437,71,12107,72,1293,73,489,68.5,19151,25528,0.429
2026-04-18 04:35:56 PM,KXATPMATCH-26APR19RUBFIL-FIL,68,84,67,7597,66,7246,65,1567,64,2595,69,202,70,11437,71,12107,72,1293,73,489,68.5,19089,25528,0.428
2026-04-18 04:35:56 PM,KXATPMATCH-26APR19RUBFIL-FIL,68,84,67,7845,66,7246,65,1567,64,2595,69,202,70,11437,71,12107,72,1293,73,489,68.5,19337,25528,0.431
2026-04-18 04:35:56 PM,KXATPMATCH-26APR19RUBFIL-FIL,68,84,67,7845,66,7246,65,1567,64,2595,69,203,70,11437,71,12107,72,1293,73,489,68.5,19337,25529,0.431
2026-04-18 04:37:20 PM,KXATPMATCH-26APR19RUBFIL-FIL,68,584,67,7845,66,7246,65,1567,64,2595,69,203,70,11437,71,12107,72,1293,73,489,68.5,19837,25529,0.437
2026-04-18 04:40:03 PM,KXATPMATCH-26APR19RUBFIL-FIL,68,584,67,7845,66,7246,65,1567,64,2595,69,178,70,11437,71,12107,72,1293,73,489,68.5,19837,25504,0.438
2026-04-18 04:40:05 PM,KXATPMATCH-26APR19RUBFIL-FIL,68,584,67,7597,66,7246,65,1567,64,2595,69,178,70,11437,71,12107,72,1293,73,489,68.5,19589,25504,0.434
2026-04-18 04:40:05 PM,KXATPMATCH-26APR19RUBFIL-FIL,68,584,67,7870,66,7246,65,1567,64,2595,69,178,70,11437,71,12107,72,1293,73,489,68.5,19862,25504,0.438
2026-04-18 04:40:06 PM,KXATPMATCH-26APR19RUBFIL-FIL,68,584,67,7870,66,7246,65,1567,64,2595,69,178,70,11437,71,12107,72,1294,73,489,68.5,19862,25505,0.438
2026-04-18 04:40:06 PM,KXATPMATCH-26APR19RUBFIL-FIL,68,584,67,7870,66,7246,65,1567,64,2595,69,178,70,11437,71,12107,72,1293,73,489,68.5,19862,25504,0.438
2026-04-18 04:40:25 PM,KXATPMATCH-26APR19RUBFIL-FIL,68,584,67,7870,66,7246,65,1567,64,2588,69,178,70,11437,71,12107,72,1293,73,489,68.5,19855,25504,0.438
2026-04-18 04:42:12 PM,KXATPMATCH-26APR19RUBFIL-FIL,68,584,67,7870,66,7246,65,1567,64,2588,69,3,70,11437,71,12107,72,1293,73,489,68.5,19855,25329,0.439
2026-04-18 04:42:12 PM,KXATPMATCH-26APR19RUBFIL-FIL,68,584,67,7870,66,7246,65,1567,64,2588,69,2,70,11437,71,12107,72,1293,73,489,68.5,19855,25328,0.439
2026-04-18 04:42:12 PM,KXATPMATCH-26APR19RUBFIL-FIL,68,584,67,7597,66,7246,65,1567,64,2588,69,2,70,11437,71,12107,72,1293,73,489,68.5,19582,25328,0.436
2026-04-18 04:42:12 PM,KXATPMATCH-26APR19RUBFIL-FIL,68,584,67,8046,66,7246,65,1567,64,2588,69,2,70,11437,71,12107,72,1293,73,489,68.5,20031,25328,0.442
2026-04-18 04:42:12 PM,KXATPMATCH-26APR19RUBFIL-FIL,68,619,67,8046,66,7246,65,1567,64,2588,69,2,70,11437,71,12107,72,1293,73,489,68.5,20066,25328,0.442
2026-04-18 04:42:25 PM,KXATPMATCH-26APR19RUBFIL-FIL,68,619,67,8046,66,7246,65,1567,64,2588,69,2,70,11737,71,12107,72,1293,73,489,68.5,20066,25628,0.439
2026-04-18 04:42:25 PM,KXATPMATCH-26APR19RUBFIL-FIL,68,584,67,8046,66,7246,65,1567,64,2588,69,2,70,11737,71,12107,72,1293,73,489,68.5,20031,25628,0.439
2026-04-18 04:42:41 PM,KXATPMATCH-26APR19RUBFIL-FIL,68,584,67,8046,66,7246,65,1567,64,2588,69,2,70,11733,71,12107,72,1293,73,489,68.5,20031,25624,0.439
2026-04-18 04:42:41 PM,KXATPMATCH-26APR19RUBFIL-FIL,68,584,67,8046,66,7246,65,1567,64,2588,69,2,70,11448,71,12107,72,1293,73,489,68.5,20031,25339,0.442
2026-04-18 04:42:41 PM,KXATPMATCH-26APR19RUBFIL-FIL,68,584,67,8046,66,7246,65,1567,64,2588,69,2,70,11215,71,12107,72,1293,73,489,68.5,20031,25106,0.444
2026-04-18 04:42:43 PM,KXATPMATCH-26APR19RUBFIL-FIL,68,584,67,7597,66,7246,65,1567,64,2588,69,2,70,11215,71,12107,72,1293,73,489,68.5,19582,25106,0.438
2026-04-18 04:42:43 PM,KXATPMATCH-26APR19RUBFIL-FIL,68,584,67,7597,66,6446,65,1567,64,2588,69,2,70,11215,71,12107,72,1293,73,489,68.5,18782,25106,0.428
2026-04-18 04:42:43 PM,KXATPMATCH-26APR19RUBFIL-FIL,68,584,67,8063,66,6446,65,1567,64,2588,69,2,70,11215,71,12107,72,1293,73,489,68.5,19248,25106,0.434
2026-04-18 04:42:43 PM,KXATPMATCH-26APR19RUBFIL-FIL,68,852,67,8063,66,6446,65,1567,64,2588,69,2,70,11215,71,12107,72,1293,73,489,68.5,19516,25106,0.437
2026-04-18 04:42:43 PM,KXATPMATCH-26APR19RUBFIL-FIL,68,852,67,8063,66,6446,65,1567,64,2588,69,2,70,11215,71,12907,72,1293,73,489,68.5,19516,25906,0.430
2026-04-18 04:44:42 PM,KXATPMATCH-26APR19RUBFIL-FIL,68,852,67,8063,66,6446,65,1567,64,2588,69,2,70,11185,71,12907,72,1293,73,489,68.5,19516,25876,0.430
2026-04-18 04:46:06 PM,KXATPMATCH-26APR19RUBFIL-FIL,68,852,67,8063,66,6446,65,1567,64,2588,69,2,70,11185,71,12908,72,1293,73,489,68.5,19516,25877,0.430
2026-04-18 04:46:06 PM,KXATPMATCH-26APR19RUBFIL-FIL,68,852,67,8063,66,6446,65,1567,64,2588,69,2,70,11220,71,12908,72,1293,73,489,68.5,19516,25912,0.430
2026-04-18 04:46:07 PM,KXATPMATCH-26APR19RUBFIL-FIL,68,852,67,8063,66,6446,65,1567,64,2588,69,2,70,11220,71,12907,72,1293,73,489,68.5,19516,25911,0.430
2026-04-18 04:47:36 PM,KXATPMATCH-26APR19RUBFIL-FIL,68,851,67,8065,66,6446,65,1567,64,2588,70,11217,71,12907,72,1293,73,489,77,300,69.0,19517,26206,0.427
2026-04-18 04:49:12 PM,KXATPMATCH-26APR19RUBFIL-FIL,68,851,67,8065,66,6446,65,1567,64,2588,70,11211,71,12907,72,1293,73,489,77,300,69.0,19517,26200,0.427
2026-04-18 04:49:12 PM,KXATPMATCH-26APR19RUBFIL-FIL,68,851,67,8065,66,6446,65,1567,64,2588,70,11176,71,12907,72,1293,73,489,77,300,69.0,19517,26165,0.427
2026-04-18 04:49:52 PM,KXATPMATCH-26APR19RUBFIL-FIL,68,851,67,8065,66,7382,65,1567,64,2588,70,11176,71,12907,72,1293,73,489,77,300,69.0,20453,26165,0.439
2026-04-18 04:49:52 PM,KXATPMATCH-26APR19RUBFIL-FIL,68,851,67,7129,66,7382,65,1567,64,2588,70,11176,71,12907,72,1293,73,489,77,300,69.0,19517,26165,0.427
2026-04-18 04:50:19 PM,KXATPMATCH-26APR19RUBFIL-FIL,68,851,67,8065,66,7382,65,1567,64,2588,70,11176,71,12907,72,1293,73,489,77,300,69.0,20453,26165,0.439
2026-04-18 04:50:19 PM,KXATPMATCH-26APR19RUBFIL-FIL,68,851,67,8065,66,6446,65,1567,64,2588,70,11176,71,12907,72,1293,73,489,77,300,69.0,19517,26165,0.427
2026-04-18 04:52:38 PM,KXATPMATCH-26APR19RUBFIL-FIL,68,851,67,8065,66,6446,65,1567,64,2588,70,11088,71,12907,72,1293,73,489,77,300,69.0,19517,26077,0.428
2026-04-18 04:52:38 PM,KXATPMATCH-26APR19RUBFIL-FIL,68,939,67,8065,66,6446,65,1567,64,2588,70,11088,71,12907,72,1293,73,489,77,300,69.0,19605,26077,0.429
2026-04-18 04:52:40 PM,KXATPMATCH-26APR19RUBFIL-FIL,68,939,67,8065,66,6446,65,1567,64,2588,70,11088,71,12908,72,1293,73,489,77,300,69.0,19605,26078,0.429
2026-04-18 04:52:46 PM,KXATPMATCH-26APR19RUBFIL-FIL,68,939,67,8065,66,6352,65,1567,64,2588,70,11088,71,12908,72,1293,73,489,77,300,69.0,19511,26078,0.428
2026-04-18 04:52:46 PM,KXATPMATCH-26APR19RUBFIL-FIL,68,939,67,8039,66,6352,65,1567,64,2588,70,11088,71,12908,72,1293,73,489,77,300,69.0,19485,26078,0.428
2026-04-18 04:52:46 PM,KXATPMATCH-26APR19RUBFIL-FIL,68,939,67,8039,66,6352,65,1567,64,2499,70,11088,71,12908,72,1293,73,489,77,300,69.0,19396,26078,0.427
2026-04-18 04:52:46 PM,KXATPMATCH-26APR19RUBFIL-FIL,68,939,67,7989,66,6352,65,1567,64,2499,70,11088,71,12908,72,1293,73,489,77,300,69.0,19346,26078,0.426
2026-04-18 04:52:46 PM,KXATPMATCH-26APR19RUBFIL-FIL,68,939,67,7967,66,6352,65,1567,64,2499,70,11088,71,12908,72,1293,73,489,77,300,69.0,19324,26078,0.426
2026-04-18 04:52:46 PM,KXATPMATCH-26APR19RUBFIL-FIL,68,939,67,7967,66,6352,65,1567,64,1228,70,11088,71,12908,72,1293,73,489,77,300,69.0,18053,26078,0.409
2026-04-18 04:52:46 PM,KXATPMATCH-26APR19RUBFIL-FIL,68,939,67,7967,66,6352,65,1567,64,1228,70,10803,71,12908,72,1293,73,489,77,300,69.0,18053,25793,0.412
2026-04-18 04:52:46 PM,KXATPMATCH-26APR19RUBFIL-FIL,68,939,67,8096,66,6352,65,1567,64,1228,70,10803,71,12908,72,1293,73,489,77,300,69.0,18182,25793,0.413
2026-04-18 04:52:46 PM,KXATPMATCH-26APR19RUBFIL-FIL,68,1044,67,8096,66,6352,65,1567,64,1228,70,10803,71,12908,72,1293,73,489,77,300,69.0,18287,25793,0.415
2026-04-18 04:52:46 PM,KXATPMATCH-26APR19RUBFIL-FIL,68,1044,67,10242,66,6352,65,1567,64,1228,70,10803,71,12908,72,1293,73,489,77,300,69.0,20433,25793,0.442
2026-04-18 04:52:46 PM,KXATPMATCH-26APR19RUBFIL-FIL,68,1044,67,10242,66,6352,65,1567,62,500,70,10803,71,12908,72,1293,73,489,77,300,69.0,19705,25793,0.433
2026-04-18 04:52:46 PM,KXATPMATCH-26APR19RUBFIL-FIL,68,1044,67,10242,66,6312,65,1567,62,500,70,10803,71,12908,72,1293,73,489,77,300,69.0,19665,25793,0.433
2026-04-18 04:52:46 PM,KXATPMATCH-26APR19RUBFIL-FIL,68,1044,67,9992,66,6312,65,1567,62,500,70,10803,71,12908,72,1293,73,489,77,300,69.0,19415,25793,0.429
2026-04-18 04:52:46 PM,KXATPMATCH-26APR19RUBFIL-FIL,68,1294,67,9992,66,6312,65,1567,62,500,70,10803,71,12908,72,1293,73,489,77,300,69.0,19665,25793,0.433
2026-04-18 04:52:47 PM,KXATPMATCH-26APR19RUBFIL-FIL,68,1294,67,10032,66,6312,65,1567,62,500,70,10803,71,12908,72,1293,73,489,77,300,69.0,19705,25793,0.433
2026-04-18 04:52:47 PM,KXATPMATCH-26APR19RUBFIL-FIL,68,1294,67,10032,66,6312,65,1567,62,500,70,10553,71,12908,72,1293,73,489,77,300,69.0,19705,25543,0.435
2026-04-18 04:52:47 PM,KXATPMATCH-26APR19RUBFIL-FIL,68,1294,67,10032,66,6312,65,1567,62,500,70,10553,71,13158,72,1293,73,489,77,300,69.0,19705,25793,0.433
2026-04-18 04:52:47 PM,KXATPMATCH-26APR19RUBFIL-FIL,68,1294,67,10032,66,6312,65,1567,62,500,70,10513,71,13158,72,1293,73,489,77,300,69.0,19705,25753,0.433
2026-04-18 04:52:47 PM,KXATPMATCH-26APR19RUBFIL-FIL,68,1294,67,10067,66,6312,65,1567,62,500,70,10513,71,13158,72,1293,73,489,77,300,69.0,19740,25753,0.434
2026-04-18 04:52:47 PM,KXATPMATCH-26APR19RUBFIL-FIL,68,1294,67,10067,66,6312,65,1567,62,500,70,10513,71,13198,72,1293,73,489,77,300,69.0,19740,25793,0.434
2026-04-18 04:52:49 PM,KXATPMATCH-26APR19RUBFIL-FIL,68,1294,67,10067,66,6312,65,1567,62,500,70,10367,71,13198,72,1293,73,489,77,300,69.0,19740,25647,0.435
2026-04-18 04:52:49 PM,KXATPMATCH-26APR19RUBFIL-FIL,68,1440,67,10067,66,6312,65,1567,62,500,70,10367,71,13198,72,1293,73,489,77,300,69.0,19886,25647,0.437
2026-04-18 04:53:01 PM,KXATPMATCH-26APR19RUBFIL-FIL,68,1440,67,10067,66,6312,65,1567,62,500,70,9874,71,13198,72,1293,73,489,77,300,69.0,19886,25154,0.442
2026-04-18 04:53:01 PM,KXATPMATCH-26APR19RUBFIL-FIL,68,1440,67,10064,66,6312,65,1567,62,500,70,9874,71,13198,72,1293,73,489,77,300,69.0,19883,25154,0.441
2026-04-18 04:53:01 PM,KXATPMATCH-26APR19RUBFIL-FIL,68,1440,67,10061,66,6312,65,1567,62,500,70,9874,71,13198,72,1293,73,489,77,300,69.0,19880,25154,0.441
2026-04-18 04:53:01 PM,KXATPMATCH-26APR19RUBFIL-FIL,68,1440,67,10058,66,6312,65,1567,62,500,70,9874,71,13198,72,1293,73,489,77,300,69.0,19877,25154,0.441
2026-04-18 04:53:01 PM,KXATPMATCH-26APR19RUBFIL-FIL,68,1440,67,10058,66,6312,65,1567,62,500,70,9667,71,13198,72,1293,73,489,77,300,69.0,19877,24947,0.443
2026-04-18 04:53:01 PM,KXATPMATCH-26APR19RUBFIL-FIL,68,1440,67,10092,66,6312,65,1567,62,500,70,9667,71,13198,72,1293,73,489,77,300,69.0,19911,24947,0.444
2026-04-18 04:53:03 PM,KXATPMATCH-26APR19RUBFIL-FIL,68,1294,67,10092,66,6312,65,1567,62,500,70,9667,71,13198,72,1293,73,489,77,300,69.0,19765,24947,0.442
2026-04-18 04:53:03 PM,KXATPMATCH-26APR19RUBFIL-FIL,68,1294,67,10092,66,6312,65,1567,62,500,70,9557,71,13198,72,1293,73,489,77,300,69.0,19765,24837,0.443
2026-04-18 04:53:03 PM,KXATPMATCH-26APR19RUBFIL-FIL,68,1550,67,10092,66,6312,65,1567,62,500,70,9557,71,13198,72,1293,73,489,77,300,69.0,20021,24837,0.446
2026-04-18 04:53:13 PM,KXATPMATCH-26APR19RUBFIL-FIL,68,1550,67,10092,66,6312,65,1567,60,1000,70,9557,71,13198,72,1293,73,489,77,300,69.0,20521,24837,0.452
2026-04-18 04:53:15 PM,KXATPMATCH-26APR19RUBFIL-FIL,68,1550,67,10092,66,6312,65,1567,63,500,70,9557,71,13198,72,1293,73,489,77,300,69.0,20021,24837,0.446
2026-04-18 04:53:31 PM,KXATPMATCH-26APR19RUBFIL-FIL,68,1550,67,10092,66,7259,65,1567,63,500,70,9557,71,13198,72,1293,73,489,77,300,69.0,20968,24837,0.458
2026-04-18 04:53:31 PM,KXATPMATCH-26APR19RUBFIL-FIL,68,1550,67,9156,66,7259,65,1567,63,500,70,9557,71,13198,72,1293,73,489,77,300,69.0,20032,24837,0.446
2026-04-18 04:53:32 PM,KXATPMATCH-26APR19RUBFIL-FIL,68,1550,67,9156,66,7259,65,1567,63,500,70,9557,71,12262,72,1293,73,489,77,300,69.0,20032,23901,0.456
2026-04-18 04:53:32 PM,KXATPMATCH-26APR19RUBFIL-FIL,68,1550,67,9156,66,7259,65,1567,63,500,70,9557,71,13209,72,1293,73,489,77,300,69.0,20032,24848,0.446
