ts_offset_sec,bid,ask,mid
0,36,39,37.5
0,36,39,37.5
0,36,39,37.5
0,36,39,37.5
0,36,39,37.5
0,36,39,37.5
0,36,39,37.5
0,36,39,37.5
0,36,39,37.5
0,36,39,37.5
0,36,39,37.5
0,36,39,37.5
0,36,39,37.5
0,36,39,37.5
0,36,39,37.5
1,36,39,37.5
1,36,39,37.5
1,36,39,37.5
1,36,39,37.5
1,36,39,37.5
1,36,39,37.5
1,36,39,37.5
1,36,39,37.5
1,36,39,37.5
2,36,39,37.5
2,37,39,38.0
2,37,39,38.0
2,37,39,38.0
2,37,39,38.0
2,37,39,38.0
2,36,39,37.5
2,36,39,37.5
2,36,39,37.5
2,36,39,37.5
2,36,39,37.5
2,36,39,37.5
2,36,39,37.5
2,36,39,37.5
2,36,39,37.5
2,36,40,38.0
2,36,40,38.0
2,36,40,38.0
2,36,40,38.0
2,36,40,38.0
2,36,40,38.0
2,36,40,38.0
2,36,40,38.0
2,36,40,38.0
2,36,40,38.0
2,36,40,38.0
2,36,40,38.0
2,36,40,38.0
2,36,40,38.0
2,36,40,38.0
2,36,40,38.0
2,36,40,38.0
2,36,40,38.0
2,36,40,38.0
2,36,40,38.0
2,36,40,38.0
2,36,40,38.0
2,36,40,38.0
2,36,40,38.0
2,36,40,38.0
2,36,40,38.0
2,36,40,38.0
2,36,40,38.0
2,36,40,38.0
2,36,40,38.0
2,36,40,38.0
2,36,40,38.0
2,36,40,38.0
2,36,40,38.0
2,36,40,38.0
2,36,40,38.0
2,36,40,38.0
2,36,40,38.0
2,36,40,38.0
2,36,40,38.0
2,36,40,38.0
2,36,40,38.0
2,36,40,38.0
2,36,40,38.0
2,36,40,38.0
2,36,40,38.0
2,36,40,38.0
2,36,40,38.0
2,36,40,38.0
3,36,40,38.0
3,36,40,38.0
3,36,40,38.0
3,36,40,38.0
3,36,40,38.0
3,36,40,38.0
3,36,40,38.0
3,36,40,38.0
3,36,40,38.0
3,36,40,38.0
3,36,40,38.0
3,36,40,38.0
3,36,40,38.0
3,36,40,38.0
3,36,40,38.0
3,36,40,38.0
3,36,40,38.0
3,36,40,38.0
3,36,40,38.0
3,36,40,38.0
3,36,40,38.0
3,36,40,38.0
3,36,40,38.0
3,36,40,38.0
4,36,40,38.0
4,36,40,38.0
4,36,40,38.0
4,36,40,38.0
4,36,40,38.0
4,36,40,38.0
4,36,40,38.0
4,36,40,38.0
4,36,40,38.0
4,36,40,38.0
4,36,40,38.0
4,36,40,38.0
4,36,40,38.0
4,36,40,38.0
4,36,40,38.0
4,36,40,38.0
4,36,40,38.0
4,36,40,38.0
4,36,40,38.0
4,36,40,38.0
4,36,40,38.0
4,36,40,38.0
4,36,40,38.0
4,36,40,38.0
4,36,40,38.0
4,36,40,38.0
5,36,40,38.0
5,36,40,38.0
5,36,40,38.0
5,36,40,38.0
5,36,40,38.0
6,36,40,38.0
6,36,40,38.0
8,36,40,38.0
8,36,40,38.0
8,36,40,38.0
8,36,40,38.0
8,36,40,38.0
8,36,40,38.0
8,36,40,38.0
8,36,40,38.0
9,36,40,38.0
9,36,40,38.0
9,36,40,38.0
9,36,39,37.5
9,36,39,37.5
9,36,39,37.5
9,36,39,37.5
9,36,39,37.5
9,36,39,37.5
9,36,39,37.5
9,36,39,37.5
9,36,39,37.5
9,36,39,37.5
9,36,39,37.5
9,36,39,37.5
10,36,39,37.5
10,36,39,37.5
10,36,39,37.5
10,36,39,37.5
10,36,39,37.5
10,36,39,37.5
10,36,39,37.5
10,36,39,37.5
11,36,39,37.5
12,36,39,37.5
12,36,40,38.0
12,36,40,38.0
12,36,40,38.0
12,36,40,38.0
12,36,40,38.0
13,36,40,38.0
13,36,40,38.0
13,36,40,38.0
13,36,40,38.0
13,36,40,38.0
13,36,40,38.0
13,36,40,38.0
13,36,40,38.0
13,36,40,38.0
13,36,40,38.0
14,36,40,38.0
14,36,40,38.0
14,36,40,38.0
14,36,40,38.0
14,36,40,38.0
14,36,40,38.0
14,36,40,38.0
14,36,40,38.0
14,36,40,38.0
14,36,40,38.0
14,36,40,38.0
14,36,40,38.0
16,36,40,38.0
16,36,39,37.5
16,36,39,37.5
16,36,39,37.5
16,36,39,37.5
16,36,39,37.5
16,36,39,37.5
16,36,39,37.5
16,36,39,37.5
16,36,39,37.5
17,36,39,37.5
17,36,39,37.5
17,36,39,37.5
17,37,39,38.0
17,37,39,38.0
17,37,39,38.0
17,37,39,38.0
17,37,39,38.0
17,37,39,38.0
17,37,39,38.0
17,37,39,38.0
17,37,39,38.0
17,37,39,38.0
17,37,39,38.0
17,37,39,38.0
17,37,39,38.0
17,37,39,38.0
17,37,39,38.0
17,37,39,38.0
17,37,39,38.0
17,38,39,38.5
17,38,39,38.5
17,38,39,38.5
17,38,40,39.0
17,38,40,39.0
17,38,40,39.0
17,38,40,39.0
17,38,40,39.0
17,38,40,39.0
17,38,40,39.0
17,38,40,39.0
17,38,40,39.0
17,38,40,39.0
17,38,40,39.0
17,38,40,39.0
17,38,40,39.0
17,38,40,39.0
17,38,40,39.0
17,38,40,39.0
17,38,40,39.0
17,38,40,39.0
17,38,40,39.0
17,38,40,39.0
17,38,40,39.0
17,38,40,39.0
17,38,40,39.0
17,38,40,39.0
17,38,40,39.0
17,38,40,39.0
17,38,40,39.0
17,38,40,39.0
17,38,40,39.0
17,38,40,39.0
17,38,40,39.0
17,38,40,39.0
17,38,40,39.0
17,38,40,39.0
17,38,40,39.0
17,38,40,39.0
17,38,40,39.0
17,38,40,39.0
17,38,40,39.0
17,38,40,39.0
17,38,40,39.0
17,38,40,39.0
17,38,40,39.0
17,38,40,39.0
17,38,40,39.0
17,38,40,39.0
17,38,40,39.0
17,38,40,39.0
17,38,40,39.0
17,38,40,39.0
18,38,40,39.0
18,38,40,39.0
18,38,40,39.0
18,38,40,39.0
18,38,40,39.0
18,38,40,39.0
18,38,40,39.0
18,38,40,39.0
18,38,40,39.0
18,38,40,39.0
18,38,40,39.0
18,38,40,39.0
18,38,40,39.0
18,38,41,39.5
18,38,41,39.5
18,38,41,39.5
18,38,41,39.5
18,38,41,39.5
18,38,41,39.5
18,38,41,39.5
18,38,41,39.5
18,38,41,39.5
18,38,41,39.5
18,38,41,39.5
18,38,41,39.5
18,38,41,39.5
18,38,41,39.5
18,38,41,39.5
18,38,41,39.5
18,38,41,39.5
18,38,41,39.5
18,38,41,39.5
18,38,41,39.5
18,38,41,39.5
18,38,41,39.5
18,38,41,39.5
18,38,41,39.5
18,39,41,40.0
18,39,41,40.0
18,39,41,40.0
18,39,41,40.0
18,39,41,40.0
18,39,41,40.0
18,39,41,40.0
18,39,41,40.0
18,39,41,40.0
18,39,41,40.0
18,39,41,40.0
18,39,41,40.0
18,39,41,40.0
18,39,41,40.0
18,39,41,40.0
18,39,41,40.0
18,39,41,40.0
18,39,41,40.0
18,39,41,40.0
18,39,41,40.0
18,39,41,40.0
18,39,41,40.0
18,39,41,40.0
18,39,41,40.0
18,39,41,40.0
18,39,41,40.0
18,39,41,40.0
18,39,41,40.0
18,39,41,40.0
18,39,41,40.0
18,39,41,40.0
18,39,41,40.0
18,39,41,40.0
18,39,41,40.0
18,39,41,40.0
18,39,41,40.0
18,39,41,40.0
18,39,42,40.5
18,39,42,40.5
18,39,42,40.5
18,39,42,40.5
18,39,42,40.5
18,39,42,40.5
18,39,42,40.5
19,39,42,40.5
19,39,42,40.5
19,39,42,40.5
19,39,42,40.5
19,39,42,40.5
19,39,42,40.5
19,39,42,40.5
19,39,42,40.5
19,39,42,40.5
19,39,42,40.5
19,39,42,40.5
19,39,42,40.5
19,39,42,40.5
19,39,42,40.5
19,39,42,40.5
19,39,42,40.5
19,39,42,40.5
19,39,42,40.5
19,39,42,40.5
19,39,42,40.5
19,39,42,40.5
19,39,42,40.5
19,39,42,40.5
19,39,42,40.5
19,39,42,40.5
20,39,42,40.5
20,39,42,40.5
20,39,42,40.5
20,39,42,40.5
20,39,42,40.5
21,39,42,40.5
21,39,42,40.5
21,39,42,40.5
21,39,42,40.5
21,39,41,40.0
21,39,41,40.0
21,39,41,40.0
21,39,41,40.0
21,39,41,40.0
21,39,41,40.0
21,39,41,40.0
21,39,41,40.0
21,39,41,40.0
21,39,41,40.0
21,39,41,40.0
21,39,41,40.0
21,39,41,40.0
21,39,41,40.0
21,39,41,40.0
21,39,41,40.0
21,39,41,40.0
21,39,41,40.0
21,39,41,40.0
21,39,41,40.0
21,39,41,40.0
21,39,41,40.0
21,39,41,40.0
21,39,41,40.0
21,39,41,40.0
21,39,41,40.0
21,39,41,40.0
22,39,41,40.0
22,39,41,40.0
22,39,41,40.0
22,39,41,40.0
22,39,41,40.0
22,39,41,40.0
22,39,41,40.0
22,39,41,40.0
22,39,41,40.0
22,39,41,40.0
22,39,41,40.0
22,39,41,40.0
22,39,41,40.0
22,39,41,40.0
22,39,41,40.0
22,39,41,40.0
22,39,41,40.0
22,39,41,40.0
23,39,41,40.0
23,39,41,40.0
23,39,41,40.0
23,39,41,40.0
23,39,41,40.0
23,39,41,40.0
23,39,41,40.0
23,39,41,40.0
24,39,41,40.0
24,39,41,40.0
24,39,41,40.0
24,39,41,40.0
24,39,41,40.0
24,39,41,40.0
24,39,41,40.0
25,39,41,40.0
25,39,41,40.0
25,39,41,40.0
25,39,41,40.0
25,39,41,40.0
25,40,41,40.5
25,40,41,40.5
25,40,41,40.5
25,40,41,40.5
25,40,41,40.5
25,40,41,40.5
25,40,41,40.5
25,40,41,40.5
26,40,41,40.5
26,40,41,40.5
26,40,41,40.5
26,40,41,40.5
26,40,41,40.5
26,40,41,40.5
26,40,41,40.5
26,40,41,40.5
26,40,41,40.5
26,40,41,40.5
26,40,41,40.5
26,40,41,40.5
26,40,41,40.5
26,40,41,40.5
26,40,41,40.5
26,40,41,40.5
26,40,41,40.5
26,40,41,40.5
26,40,41,40.5
26,40,41,40.5
27,40,41,40.5
27,40,41,40.5
27,40,41,40.5
27,40,41,40.5
27,40,41,40.5
27,40,41,40.5
27,40,41,40.5
27,40,41,40.5
27,40,41,40.5
27,40,41,40.5
28,40,41,40.5
28,40,41,40.5
28,40,41,40.5
29,40,41,40.5
29,40,41,40.5
29,40,41,40.5
29,40,41,40.5
29,40,41,40.5
29,40,41,40.5
29,40,41,40.5
29,40,41,40.5
29,40,41,40.5
29,40,41,40.5
30,40,41,40.5
30,40,41,40.5
30,40,41,40.5
30,40,41,40.5
30,40,41,40.5
30,40,41,40.5
30,40,41,40.5
30,40,41,40.5
30,40,41,40.5
31,40,41,40.5
32,40,41,40.5
32,40,41,40.5
32,40,41,40.5
35,40,41,40.5
35,40,41,40.5
35,40,41,40.5
35,40,41,40.5
35,40,41,40.5
35,40,41,40.5
35,40,41,40.5
35,39,41,40.0
35,39,41,40.0
35,39,41,40.0
35,39,41,40.0
35,39,41,40.0
35,39,41,40.0
35,39,41,40.0
35,39,41,40.0
35,39,41,40.0
35,39,41,40.0
35,39,41,40.0
35,39,41,40.0
35,39,41,40.0
35,39,42,40.5
35,39,42,40.5
35,39,42,40.5
35,39,42,40.5
35,39,42,40.5
35,39,42,40.5
35,39,42,40.5
35,39,42,40.5
35,39,42,40.5
35,39,42,40.5
35,39,42,40.5
35,39,41,40.0
35,39,41,40.0
35,39,41,40.0
35,39,41,40.0
35,39,41,40.0
35,39,41,40.0
35,39,41,40.0
35,39,41,40.0
35,39,41,40.0
35,39,41,40.0
35,39,41,40.0
35,39,41,40.0
35,39,41,40.0
35,39,43,41.0
35,39,42,40.5
35,39,42,40.5
35,39,42,40.5
35,39,42,40.5
35,39,42,40.5
35,39,42,40.5
35,39,42,40.5
35,39,42,40.5
35,39,42,40.5
35,39,42,40.5
35,39,42,40.5
35,39,42,40.5
35,39,42,40.5
35,38,42,40.0
35,38,42,40.0
35,38,42,40.0
35,38,42,40.0
35,38,42,40.0
35,38,42,40.0
35,38,42,40.0
35,38,42,40.0
35,38,42,40.0
35,38,42,40.0
35,38,42,40.0
35,38,42,40.0
36,38,42,40.0
36,38,42,40.0
36,38,42,40.0
36,38,42,40.0
36,38,42,40.0
36,36,42,39.0
36,36,42,39.0
36,36,42,39.0
36,36,42,39.0
36,36,42,39.0
36,36,42,39.0
36,36,42,39.0
36,36,42,39.0
36,36,42,39.0
36,36,42,39.0
36,36,42,39.0
36,36,42,39.0
36,36,42,39.0
36,36,42,39.0
36,36,42,39.0
36,36,42,39.0
36,36,42,39.0
36,36,42,39.0
36,36,42,39.0
36,36,42,39.0
36,36,42,39.0
36,36,42,39.0
36,36,42,39.0
36,36,42,39.0
36,36,42,39.0
36,37,42,39.5
36,37,42,39.5
36,37,42,39.5
36,37,42,39.5
36,37,42,39.5
36,37,42,39.5
36,37,42,39.5
36,37,42,39.5
36,37,42,39.5
36,37,42,39.5
36,36,42,39.0
36,36,42,39.0
36,36,42,39.0
36,36,42,39.0
36,36,42,39.0
36,36,42,39.0
36,36,42,39.0
36,36,42,39.0
36,36,42,39.0
36,36,42,39.0
36,36,42,39.0
36,36,42,39.0
36,36,42,39.0
36,36,42,39.0
36,36,42,39.0
36,36,42,39.0
36,36,42,39.0
36,36,42,39.0
37,36,42,39.0
37,36,42,39.0
37,36,42,39.0
37,36,42,39.0
37,36,42,39.0
37,36,42,39.0
37,37,42,39.5
37,37,42,39.5
37,37,42,39.5
37,37,42,39.5
37,37,42,39.5
37,37,42,39.5
37,37,42,39.5
37,37,42,39.5
37,37,42,39.5
37,37,42,39.5
37,37,42,39.5
37,37,42,39.5
37,37,42,39.5
37,37,42,39.5
37,37,42,39.5
37,37,42,39.5
37,37,42,39.5
37,37,42,39.5
37,37,42,39.5
37,37,42,39.5
37,37,42,39.5
37,37,42,39.5
37,37,42,39.5
37,37,42,39.5
37,37,42,39.5
37,37,42,39.5
37,37,42,39.5
37,37,42,39.5
37,37,42,39.5
37,37,42,39.5
37,37,42,39.5
37,37,42,39.5
37,37,42,39.5
37,37,42,39.5
37,37,42,39.5
37,37,42,39.5
37,37,42,39.5
37,37,42,39.5
37,37,42,39.5
37,37,42,39.5
37,37,42,39.5
37,37,42,39.5
37,37,42,39.5
37,37,42,39.5
38,37,42,39.5
38,37,42,39.5
38,37,42,39.5
38,37,42,39.5
38,37,42,39.5
38,37,42,39.5
38,37,42,39.5
38,37,42,39.5
38,37,42,39.5
38,37,42,39.5
38,37,42,39.5
38,37,42,39.5
38,37,42,39.5
38,37,42,39.5
38,37,42,39.5
38,37,42,39.5
38,37,42,39.5
38,37,42,39.5
38,37,42,39.5
38,37,42,39.5
38,37,42,39.5
38,38,42,40.0
38,38,42,40.0
38,38,42,40.0
38,38,42,40.0
38,38,42,40.0
38,38,42,40.0
38,38,42,40.0
38,38,42,40.0
38,38,42,40.0
38,38,42,40.0
38,38,42,40.0
38,38,42,40.0
38,38,42,40.0
38,38,42,40.0
38,38,42,40.0
39,38,42,40.0
39,38,42,40.0
39,38,42,40.0
39,38,42,40.0
39,38,42,40.0
39,38,42,40.0
39,38,42,40.0
39,38,42,40.0
39,38,42,40.0
39,38,42,40.0
39,38,42,40.0
39,38,42,40.0
39,38,42,40.0
39,38,42,40.0
39,38,42,40.0
39,38,42,40.0
39,39,42,40.5
39,39,42,40.5
39,39,42,40.5
39,39,42,40.5
39,39,42,40.5
39,39,42,40.5
39,39,42,40.5
39,39,42,40.5
39,39,42,40.5
39,39,42,40.5
39,39,42,40.5
39,39,42,40.5
39,39,42,40.5
39,39,41,40.0
39,39,41,40.0
39,39,41,40.0
39,39,41,40.0
39,39,41,40.0
39,39,41,40.0
39,39,41,40.0
39,38,41,39.5
39,38,41,39.5
39,38,41,39.5
39,38,41,39.5
39,38,41,39.5
39,38,41,39.5
39,38,41,39.5
39,38,41,39.5
39,38,41,39.5
39,38,41,39.5
39,38,41,39.5
39,38,41,39.5
39,38,41,39.5
39,38,41,39.5
40,38,41,39.5
40,38,41,39.5
40,38,41,39.5
40,38,41,39.5
40,38,41,39.5
40,38,41,39.5
40,38,41,39.5
40,38,41,39.5
40,38,41,39.5
40,38,41,39.5
40,38,41,39.5
40,38,41,39.5
40,38,41,39.5
40,38,41,39.5
40,38,41,39.5
40,38,41,39.5
41,38,41,39.5
41,38,41,39.5
41,38,41,39.5
41,38,41,39.5
41,38,41,39.5
41,38,41,39.5
41,38,41,39.5
41,38,41,39.5
41,38,41,39.5
41,38,41,39.5
41,38,41,39.5
41,38,41,39.5
41,38,41,39.5
41,38,41,39.5
41,38,41,39.5
41,38,41,39.5
41,38,41,39.5
41,38,41,39.5
41,38,41,39.5
41,38,41,39.5
41,38,41,39.5
41,38,41,39.5
41,38,41,39.5
41,38,41,39.5
41,38,41,39.5
41,38,41,39.5
41,38,41,39.5
41,38,41,39.5
41,38,41,39.5
41,38,41,39.5
41,38,41,39.5
41,38,41,39.5
41,38,41,39.5
41,38,41,39.5
42,38,41,39.5
42,38,41,39.5
42,38,41,39.5
42,38,41,39.5
42,38,41,39.5
42,38,41,39.5
42,38,41,39.5
42,38,41,39.5
42,38,41,39.5
42,38,41,39.5
42,38,41,39.5
42,38,41,39.5
42,38,41,39.5
43,38,41,39.5
43,38,41,39.5
43,38,41,39.5
43,38,41,39.5
43,38,41,39.5
43,38,41,39.5
43,38,41,39.5
43,38,41,39.5
43,38,41,39.5
43,38,41,39.5
43,38,41,39.5
43,38,41,39.5
43,39,41,40.0
43,39,41,40.0
43,39,41,40.0
43,39,41,40.0
43,39,41,40.0
43,39,41,40.0
43,39,41,40.0
43,39,41,40.0
43,39,41,40.0
43,39,41,40.0
43,39,41,40.0
43,39,41,40.0
43,39,41,40.0
43,39,41,40.0
44,39,41,40.0
44,39,41,40.0
44,39,41,40.0
44,39,41,40.0
44,39,41,40.0
44,39,41,40.0
44,39,41,40.0
44,39,41,40.0
44,39,41,40.0
44,39,41,40.0
44,39,41,40.0
44,39,41,40.0
44,39,41,40.0
44,39,41,40.0
44,39,41,40.0
44,39,41,40.0
44,39,41,40.0
44,39,41,40.0
44,39,41,40.0
44,39,41,40.0
44,39,41,40.0
45,39,41,40.0
45,39,41,40.0
45,39,41,40.0
45,39,41,40.0
45,39,41,40.0
45,39,41,40.0
45,39,41,40.0
45,39,41,40.0
45,39,41,40.0
45,39,41,40.0
45,39,41,40.0
45,39,41,40.0
45,39,41,40.0
45,39,41,40.0
45,39,41,40.0
46,39,41,40.0
46,39,41,40.0
46,39,41,40.0
46,39,41,40.0
46,39,41,40.0
46,39,41,40.0
46,39,41,40.0
46,39,41,40.0
46,39,41,40.0
46,38,41,39.5
46,38,41,39.5
46,38,41,39.5
46,38,41,39.5
46,38,41,39.5
46,38,41,39.5
46,38,41,39.5
46,38,41,39.5
46,38,41,39.5
46,38,41,39.5
46,38,41,39.5
46,38,41,39.5
46,38,41,39.5
46,38,41,39.5
46,38,41,39.5
46,38,41,39.5
46,38,41,39.5
46,38,41,39.5
46,38,41,39.5
46,38,41,39.5
46,38,41,39.5
46,38,41,39.5
46,38,41,39.5
46,38,41,39.5
46,38,41,39.5
46,38,41,39.5
46,38,41,39.5
46,38,41,39.5
46,38,41,39.5
46,38,41,39.5
46,38,41,39.5
46,38,41,39.5
46,38,41,39.5
46,38,41,39.5
46,38,41,39.5
46,38,41,39.5
46,38,41,39.5
46,38,41,39.5
46,38,41,39.5
46,38,41,39.5
46,38,41,39.5
46,38,41,39.5
46,38,41,39.5
46,38,41,39.5
46,38,41,39.5
46,38,41,39.5
46,38,41,39.5
46,38,41,39.5
46,38,41,39.5
46,38,41,39.5
46,38,41,39.5
46,38,41,39.5
46,38,41,39.5
46,38,41,39.5
46,38,41,39.5
46,38,41,39.5
46,38,41,39.5
46,38,41,39.5
46,38,41,39.5
46,38,41,39.5
46,38,41,39.5
46,38,41,39.5
46,38,41,39.5
46,38,41,39.5
46,38,41,39.5
46,38,41,39.5
46,38,41,39.5
46,38,41,39.5
46,38,41,39.5
46,38,41,39.5
46,38,41,39.5
46,38,41,39.5
46,38,41,39.5
46,38,41,39.5
46,38,41,39.5
46,38,41,39.5
46,38,41,39.5
46,38,42,40.0
46,38,42,40.0
46,38,42,40.0
46,38,42,40.0
46,38,42,40.0
47,38,42,40.0
47,38,42,40.0
47,38,42,40.0
47,38,41,39.5
47,38,41,39.5
47,38,41,39.5
47,38,41,39.5
47,38,41,39.5
47,38,41,39.5
47,38,41,39.5
47,38,41,39.5
47,38,41,39.5
47,39,41,40.0
47,39,41,40.0
47,39,41,40.0
47,39,41,40.0
47,39,42,40.5
47,39,42,40.5
47,39,42,40.5
47,39,42,40.5
47,39,42,40.5
47,39,42,40.5
47,39,42,40.5
47,39,42,40.5
47,39,42,40.5
47,39,42,40.5
47,39,42,40.5
47,39,42,40.5
47,39,42,40.5
47,39,42,40.5
47,39,42,40.5
47,39,42,40.5
47,39,42,40.5
47,39,42,40.5
47,39,42,40.5
47,39,42,40.5
47,39,42,40.5
47,39,42,40.5
47,39,42,40.5
47,39,42,40.5
47,39,42,40.5
47,39,42,40.5
48,39,42,40.5
48,39,42,40.5
48,39,42,40.5
48,39,42,40.5
48,39,42,40.5
48,39,42,40.5
48,39,42,40.5
48,39,42,40.5
48,39,42,40.5
48,39,42,40.5
48,39,42,40.5
48,39,42,40.5
48,39,42,40.5
48,39,42,40.5
48,39,42,40.5
48,39,42,40.5
49,39,42,40.5
49,39,42,40.5
49,39,42,40.5
49,39,42,40.5
49,39,42,40.5
49,39,42,40.5
49,39,42,40.5
49,39,42,40.5
49,39,42,40.5
49,39,42,40.5
49,39,42,40.5
49,39,42,40.5
49,39,42,40.5
49,39,42,40.5
49,39,42,40.5
49,39,42,40.5
49,39,42,40.5
49,39,42,40.5
49,39,42,40.5
49,39,42,40.5
49,39,42,40.5
49,39,42,40.5
49,39,42,40.5
49,39,42,40.5
49,39,42,40.5
49,39,42,40.5
49,39,42,40.5
49,39,42,40.5
49,39,42,40.5
49,39,42,40.5
49,39,42,40.5
49,39,42,40.5
49,39,42,40.5
49,39,42,40.5
49,39,42,40.5
49,39,42,40.5
50,39,42,40.5
50,39,42,40.5
50,39,42,40.5
50,39,42,40.5
50,39,42,40.5
50,39,42,40.5
50,39,42,40.5
50,39,42,40.5
50,39,42,40.5
50,39,42,40.5
50,39,42,40.5
50,39,42,40.5
50,39,42,40.5
50,39,42,40.5
50,39,42,40.5
50,39,42,40.5
50,39,42,40.5
50,39,42,40.5
51,39,42,40.5
51,39,42,40.5
51,39,42,40.5
51,39,42,40.5
51,39,42,40.5
51,39,42,40.5
51,39,42,40.5
51,39,42,40.5
51,39,42,40.5
51,39,42,40.5
51,39,42,40.5
51,39,42,40.5
52,39,42,40.5
52,39,42,40.5
52,39,42,40.5
52,39,42,40.5
52,39,42,40.5
52,39,42,40.5
52,39,42,40.5
52,39,42,40.5
52,39,42,40.5
53,39,42,40.5
53,39,42,40.5
53,39,42,40.5
53,39,42,40.5
53,39,42,40.5
53,39,42,40.5
53,39,42,40.5
53,39,42,40.5
53,39,42,40.5
53,39,42,40.5
53,39,42,40.5
53,39,42,40.5
53,39,42,40.5
53,39,42,40.5
53,39,42,40.5
53,39,42,40.5
53,39,42,40.5
53,39,42,40.5
53,39,42,40.5
54,39,42,40.5
54,39,42,40.5
54,39,42,40.5
54,39,42,40.5
54,39,42,40.5
54,39,42,40.5
54,39,42,40.5
54,39,42,40.5
54,39,42,40.5
55,39,42,40.5
55,39,42,40.5
55,39,42,40.5
55,39,42,40.5
55,39,42,40.5
55,39,41,40.0
55,39,41,40.0
55,39,41,40.0
55,39,41,40.0
55,39,41,40.0
55,39,41,40.0
55,39,41,40.0
55,39,41,40.0
55,39,41,40.0
55,39,41,40.0
55,39,41,40.0
55,39,41,40.0
55,39,41,40.0
55,39,41,40.0
55,39,41,40.0
55,38,41,39.5
55,38,41,39.5
55,38,41,39.5
55,38,41,39.5
55,38,41,39.5
55,38,41,39.5
55,38,41,39.5
55,38,41,39.5
55,38,41,39.5
55,38,41,39.5
55,38,41,39.5
55,38,41,39.5
55,38,41,39.5
55,38,41,39.5
55,38,41,39.5
55,38,41,39.5
55,38,41,39.5
55,38,41,39.5
55,38,41,39.5
56,38,41,39.5
56,38,41,39.5
56,38,41,39.5
56,38,41,39.5
56,38,41,39.5
56,38,41,39.5
56,38,41,39.5
56,38,41,39.5
56,38,41,39.5
56,38,41,39.5
56,38,41,39.5
56,38,41,39.5
56,38,41,39.5
56,38,41,39.5
56,38,41,39.5
56,38,41,39.5
56,38,41,39.5
56,38,41,39.5
56,38,41,39.5
56,38,41,39.5
56,38,41,39.5
56,38,41,39.5
56,38,41,39.5
56,38,41,39.5
56,38,41,39.5
56,38,41,39.5
56,38,41,39.5
56,38,41,39.5
56,38,41,39.5
56,38,41,39.5
56,38,41,39.5
56,38,41,39.5
56,38,41,39.5
56,38,41,39.5
56,38,41,39.5
56,38,41,39.5
56,38,41,39.5
56,38,41,39.5
56,38,41,39.5
56,38,41,39.5
56,38,41,39.5
56,38,41,39.5
56,38,41,39.5
56,38,41,39.5
56,38,41,39.5
57,38,39,38.5
57,38,39,38.5
57,38,39,38.5
57,38,39,38.5
57,38,39,38.5
57,38,39,38.5
57,38,39,38.5
57,38,39,38.5
57,38,39,38.5
57,38,39,38.5
57,38,39,38.5
57,38,39,38.5
57,38,39,38.5
57,38,39,38.5
57,38,39,38.5
57,38,39,38.5
57,38,39,38.5
57,38,39,38.5
57,38,39,38.5
57,38,39,38.5
57,38,39,38.5
57,38,39,38.5
57,38,39,38.5
57,38,39,38.5
57,38,39,38.5
58,38,39,38.5
58,38,39,38.5
58,38,39,38.5
58,38,39,38.5
58,38,39,38.5
58,38,39,38.5
58,38,39,38.5
58,38,39,38.5
58,38,39,38.5
58,38,39,38.5
58,38,39,38.5
59,38,39,38.5
59,38,39,38.5
59,38,39,38.5
59,38,39,38.5
59,38,39,38.5
59,38,39,38.5
59,38,39,38.5
59,38,39,38.5
59,38,39,38.5
59,38,39,38.5
59,38,39,38.5
59,38,39,38.5
59,38,39,38.5
59,38,39,38.5
59,38,39,38.5
60,38,39,38.5
60,38,39,38.5
60,38,39,38.5
60,38,39,38.5
60,38,39,38.5
60,38,39,38.5
60,38,39,38.5
60,38,39,38.5
60,38,39,38.5
60,38,39,38.5
60,38,39,38.5
60,38,39,38.5
60,38,39,38.5
60,38,39,38.5
60,38,39,38.5
60,38,39,38.5
60,38,39,38.5
60,38,39,38.5
60,38,39,38.5
60,38,39,38.5
60,38,39,38.5
60,38,39,38.5
61,38,39,38.5
61,38,39,38.5
61,38,39,38.5
61,38,39,38.5
61,38,39,38.5
61,38,39,38.5
61,38,39,38.5
61,38,39,38.5
61,38,39,38.5
61,38,39,38.5
61,38,39,38.5
61,38,39,38.5
61,38,39,38.5
61,38,39,38.5
61,38,39,38.5
61,38,39,38.5
61,38,39,38.5
61,38,39,38.5
62,38,39,38.5
62,38,39,38.5
62,38,39,38.5
62,38,39,38.5
62,38,39,38.5
62,38,39,38.5
62,38,39,38.5
62,38,39,38.5
62,38,39,38.5
62,38,39,38.5
62,38,39,38.5
62,38,39,38.5
62,38,39,38.5
62,38,39,38.5
62,38,39,38.5
62,38,39,38.5
62,38,39,38.5
62,38,39,38.5
62,38,39,38.5
62,38,39,38.5
62,38,39,38.5
62,38,39,38.5
63,38,39,38.5
64,38,39,38.5
64,38,39,38.5
64,38,39,38.5
64,38,39,38.5
64,38,39,38.5
64,38,39,38.5
64,38,39,38.5
65,38,39,38.5
65,38,39,38.5
65,38,39,38.5
65,38,39,38.5
65,38,39,38.5
65,38,39,38.5
65,38,39,38.5
65,38,39,38.5
65,38,39,38.5
65,38,39,38.5
65,38,39,38.5
65,38,39,38.5
66,38,39,38.5
66,38,39,38.5
66,38,39,38.5
66,38,39,38.5
66,38,39,38.5
66,38,39,38.5
66,38,39,38.5
66,38,39,38.5
66,38,39,38.5
66,38,39,38.5
66,38,39,38.5
67,38,39,38.5
67,38,39,38.5
67,38,39,38.5
67,38,39,38.5
67,38,39,38.5
67,38,39,38.5
67,38,39,38.5
69,38,39,38.5
69,38,39,38.5
69,38,39,38.5
69,38,39,38.5
69,38,39,38.5
69,38,39,38.5
69,38,39,38.5
69,38,39,38.5
70,38,39,38.5
70,38,39,38.5
70,38,39,38.5
70,38,39,38.5
70,38,39,38.5
71,38,39,38.5
71,38,39,38.5
71,38,39,38.5
71,38,39,38.5
71,38,39,38.5
72,38,39,38.5
72,38,39,38.5
72,38,39,38.5
72,38,39,38.5
72,38,39,38.5
73,38,39,38.5
73,38,39,38.5
74,38,39,38.5
74,38,39,38.5
74,38,39,38.5
75,38,39,38.5
75,38,39,38.5
75,38,39,38.5
75,38,39,38.5
75,38,39,38.5
75,38,39,38.5
75,38,39,38.5
75,38,39,38.5
75,38,39,38.5
75,38,39,38.5
75,38,39,38.5
75,38,39,38.5
75,38,39,38.5
75,38,39,38.5
75,38,39,38.5
75,38,39,38.5
75,38,39,38.5
75,38,39,38.5
75,38,39,38.5
75,38,39,38.5
75,38,39,38.5
75,38,39,38.5
75,38,39,38.5
75,38,39,38.5
75,38,39,38.5
75,38,39,38.5
75,38,39,38.5
75,38,39,38.5
75,38,39,38.5
75,38,39,38.5
75,38,39,38.5
75,38,39,38.5
75,38,39,38.5
75,38,39,38.5
75,38,39,38.5
75,38,39,38.5
75,38,39,38.5
75,38,39,38.5
75,38,39,38.5
75,38,39,38.5
75,38,39,38.5
75,38,40,39.0
75,38,40,39.0
75,38,40,39.0
75,38,40,39.0
75,38,40,39.0
75,38,40,39.0
75,38,40,39.0
75,38,40,39.0
75,38,40,39.0
75,38,40,39.0
75,38,40,39.0
75,38,40,39.0
75,38,40,39.0
75,38,40,39.0
75,38,40,39.0
75,38,40,39.0
75,38,40,39.0
75,38,40,39.0
75,38,40,39.0
75,38,40,39.0
76,38,40,39.0
76,38,40,39.0
76,38,40,39.0
76,38,40,39.0
76,38,40,39.0
76,38,40,39.0
76,38,40,39.0
76,38,40,39.0
76,38,40,39.0
76,38,40,39.0
76,38,40,39.0
76,38,40,39.0
76,38,40,39.0
76,38,40,39.0
76,38,40,39.0
76,38,40,39.0
76,38,40,39.0
76,38,40,39.0
76,38,40,39.0
76,38,40,39.0
76,38,40,39.0
76,38,40,39.0
76,38,40,39.0
76,38,40,39.0
76,38,40,39.0
76,38,40,39.0
76,38,40,39.0
76,38,40,39.0
76,38,40,39.0
76,38,40,39.0
76,38,40,39.0
76,38,40,39.0
76,38,40,39.0
76,38,40,39.0
76,38,40,39.0
76,38,40,39.0
76,38,40,39.0
76,38,40,39.0
76,38,40,39.0
76,38,40,39.0
76,38,40,39.0
77,38,40,39.0
77,38,40,39.0
77,38,40,39.0
77,38,40,39.0
77,38,40,39.0
77,38,40,39.0
77,38,40,39.0
77,38,40,39.0
77,38,40,39.0
77,38,40,39.0
77,38,40,39.0
77,38,40,39.0
77,38,40,39.0
77,38,40,39.0
77,38,40,39.0
78,38,40,39.0
78,36,40,38.0
78,36,40,38.0
78,36,40,38.0
78,36,40,38.0
78,36,40,38.0
78,36,40,38.0
78,36,40,38.0
78,36,40,38.0
78,36,40,38.0
78,36,40,38.0
78,36,40,38.0
78,36,40,38.0
78,36,40,38.0
78,36,40,38.0
78,36,40,38.0
78,36,40,38.0
78,36,40,38.0
78,36,40,38.0
78,36,40,38.0
78,36,40,38.0
78,36,40,38.0
78,36,41,38.5
78,36,41,38.5
78,36,41,38.5
79,36,41,38.5
79,36,41,38.5
79,36,41,38.5
79,36,41,38.5
79,36,41,38.5
79,36,41,38.5
79,36,41,38.5
79,36,41,38.5
79,36,41,38.5
79,36,41,38.5
79,36,41,38.5
79,36,41,38.5
79,36,41,38.5
79,36,41,38.5
79,36,41,38.5
79,36,41,38.5
79,36,41,38.5
79,36,41,38.5
79,36,41,38.5
79,36,41,38.5
79,36,41,38.5
79,36,41,38.5
80,36,41,38.5
80,36,41,38.5
80,36,41,38.5
80,36,41,38.5
80,36,41,38.5
80,36,41,38.5
80,36,41,38.5
80,36,41,38.5
80,36,41,38.5
80,36,41,38.5
80,36,41,38.5
80,36,41,38.5
80,36,41,38.5
80,36,41,38.5
80,36,41,38.5
80,36,41,38.5
80,36,41,38.5
80,36,41,38.5
80,36,41,38.5
80,36,41,38.5
80,36,41,38.5
81,36,41,38.5
81,36,41,38.5
81,36,41,38.5
81,36,41,38.5
81,36,41,38.5
81,36,41,38.5
81,36,41,38.5
82,36,41,38.5
83,36,41,38.5
83,36,41,38.5
83,36,41,38.5
83,36,41,38.5
83,36,41,38.5
83,36,41,38.5
83,36,41,38.5
83,36,40,38.0
83,36,40,38.0
83,36,40,38.0
83,36,40,38.0
83,36,40,38.0
83,36,40,38.0
83,36,40,38.0
83,36,40,38.0
83,36,40,38.0
83,36,40,38.0
83,36,40,38.0
83,36,40,38.0
83,36,40,38.0
83,36,40,38.0
83,36,40,38.0
83,36,40,38.0
83,36,40,38.0
83,36,40,38.0
83,36,40,38.0
83,36,40,38.0
83,36,40,38.0
83,36,40,38.0
83,36,40,38.0
83,36,40,38.0
83,36,40,38.0
83,36,39,37.5
84,36,39,37.5
84,36,39,37.5
84,36,39,37.5
84,36,39,37.5
84,36,39,37.5
84,36,39,37.5
84,36,39,37.5
84,36,39,37.5
84,36,39,37.5
84,36,39,37.5
84,36,39,37.5
84,36,39,37.5
84,36,39,37.5
84,36,39,37.5
84,36,39,37.5
84,36,39,37.5
84,36,39,37.5
84,36,39,37.5
84,36,39,37.5
84,36,39,37.5
84,36,39,37.5
84,36,39,37.5
84,36,39,37.5
84,36,39,37.5
84,36,39,37.5
84,36,39,37.5
84,36,39,37.5
84,36,39,37.5
84,36,39,37.5
84,36,39,37.5
84,36,39,37.5
84,36,39,37.5
84,36,39,37.5
84,36,39,37.5
84,36,39,37.5
84,36,39,37.5
84,36,39,37.5
84,36,39,37.5
84,36,39,37.5
84,36,39,37.5
84,36,39,37.5
84,36,39,37.5
84,36,39,37.5
84,36,39,37.5
84,36,39,37.5
84,36,39,37.5
84,36,39,37.5
84,36,39,37.5
84,36,39,37.5
84,36,39,37.5
84,36,39,37.5
84,36,39,37.5
85,36,39,37.5
85,36,39,37.5
85,36,39,37.5
85,36,39,37.5
85,36,39,37.5
85,36,39,37.5
85,36,39,37.5
85,36,39,37.5
85,36,39,37.5
85,36,39,37.5
85,36,39,37.5
85,36,39,37.5
85,36,39,37.5
85,36,39,37.5
85,36,39,37.5
85,36,39,37.5
85,36,39,37.5
85,36,39,37.5
85,36,39,37.5
85,36,39,37.5
85,36,39,37.5
85,36,39,37.5
85,36,39,37.5
85,36,39,37.5
85,36,39,37.5
85,36,39,37.5
85,36,39,37.5
85,36,39,37.5
86,36,39,37.5
86,36,39,37.5
86,36,39,37.5
86,36,39,37.5
86,36,39,37.5
86,36,39,37.5
86,36,39,37.5
87,36,39,37.5
87,36,39,37.5
87,36,39,37.5
87,36,39,37.5
87,36,39,37.5
87,36,39,37.5
87,36,39,37.5
87,36,39,37.5
87,36,39,37.5
87,36,39,37.5
87,36,39,37.5
87,36,39,37.5
87,36,39,37.5
87,36,39,37.5
87,36,39,37.5
87,36,39,37.5
87,36,39,37.5
87,36,39,37.5
87,36,39,37.5
87,36,39,37.5
87,36,39,37.5
87,36,39,37.5
87,36,40,38.0
87,36,40,38.0
87,36,40,38.0
87,36,40,38.0
87,36,40,38.0
87,36,40,38.0
87,36,40,38.0
87,36,40,38.0
87,36,40,38.0
87,36,40,38.0
87,36,40,38.0
87,36,40,38.0
87,36,40,38.0
87,36,40,38.0
87,36,40,38.0
87,36,40,38.0
87,36,40,38.0
87,36,40,38.0
87,36,40,38.0
87,36,40,38.0
87,36,40,38.0
87,36,40,38.0
87,36,40,38.0
87,36,40,38.0
87,36,40,38.0
87,36,40,38.0
87,36,40,38.0
87,36,40,38.0
87,36,40,38.0
87,36,40,38.0
87,36,40,38.0
87,36,40,38.0
87,36,40,38.0
87,36,40,38.0
87,36,40,38.0
87,36,40,38.0
87,36,40,38.0
87,36,40,38.0
87,36,40,38.0
87,36,40,38.0
87,36,40,38.0
87,36,40,38.0
87,36,40,38.0
88,36,40,38.0
88,36,40,38.0
88,36,40,38.0
88,36,40,38.0
88,36,40,38.0
88,36,40,38.0
88,36,40,38.0
88,36,40,38.0
88,36,40,38.0
88,36,40,38.0
88,36,40,38.0
88,36,40,38.0
88,36,40,38.0
88,36,40,38.0
88,36,40,38.0
88,36,40,38.0
88,36,40,38.0
88,36,40,38.0
88,36,40,38.0
88,36,40,38.0
88,36,40,38.0
88,36,41,38.5
88,36,41,38.5
88,36,41,38.5
88,36,41,38.5
88,36,41,38.5
89,36,41,38.5
89,36,41,38.5
89,36,41,38.5
89,36,41,38.5
89,36,41,38.5
89,36,41,38.5
89,36,41,38.5
89,36,41,38.5
89,36,41,38.5
89,36,41,38.5
89,36,41,38.5
89,36,41,38.5
89,36,41,38.5
89,36,41,38.5
89,36,41,38.5
89,36,41,38.5
89,36,41,38.5
89,36,41,38.5
89,36,41,38.5
89,36,41,38.5
89,36,41,38.5
89,36,41,38.5
89,36,41,38.5
89,36,41,38.5
89,36,41,38.5
89,36,41,38.5
89,36,41,38.5
89,36,41,38.5
89,36,41,38.5
89,36,41,38.5
89,36,41,38.5
89,36,41,38.5
89,36,41,38.5
89,36,41,38.5
89,36,41,38.5
89,36,41,38.5
89,36,41,38.5
89,36,41,38.5
89,36,41,38.5
89,36,41,38.5
89,36,41,38.5
89,36,41,38.5
89,36,41,38.5
90,36,41,38.5
90,36,41,38.5
90,36,41,38.5
90,36,41,38.5
90,36,41,38.5
90,36,41,38.5
90,36,41,38.5
90,36,41,38.5
90,36,41,38.5
90,36,41,38.5
90,36,41,38.5
91,36,41,38.5
91,36,41,38.5
91,36,41,38.5
91,36,41,38.5
91,36,41,38.5
91,36,41,38.5
91,36,40,38.0
91,36,40,38.0
91,36,40,38.0
91,36,40,38.0
91,36,40,38.0
91,36,40,38.0
91,36,40,38.0
91,36,40,38.0
91,36,40,38.0
92,36,40,38.0
92,36,40,38.0
92,36,40,38.0
92,36,40,38.0
94,36,40,38.0
94,36,40,38.0
94,36,40,38.0
94,36,40,38.0
94,36,40,38.0
94,36,40,38.0
94,36,40,38.0
94,36,40,38.0
94,36,40,38.0
94,36,40,38.0
94,36,40,38.0
94,36,40,38.0
94,36,40,38.0
94,36,40,38.0
94,36,40,38.0
94,36,40,38.0
94,36,40,38.0
94,36,40,38.0
94,36,40,38.0
94,36,40,38.0
94,36,39,37.5
94,36,39,37.5
94,36,39,37.5
94,36,39,37.5
94,36,39,37.5
94,36,39,37.5
94,36,39,37.5
94,36,39,37.5
94,36,39,37.5
94,36,39,37.5
94,36,39,37.5
94,36,39,37.5
94,36,39,37.5
94,36,39,37.5
94,36,39,37.5
94,36,39,37.5
94,36,39,37.5
94,36,39,37.5
94,36,39,37.5
94,36,39,37.5
94,36,39,37.5
94,36,39,37.5
94,36,39,37.5
94,36,39,37.5
94,36,39,37.5
94,36,39,37.5
94,36,39,37.5
94,36,39,37.5
94,36,39,37.5
94,36,39,37.5
94,36,39,37.5
94,36,39,37.5
95,36,39,37.5
95,36,39,37.5
95,36,39,37.5
95,36,39,37.5
95,36,38,37.0
95,36,38,37.0
95,36,38,37.0
95,36,38,37.0
95,36,38,37.0
95,36,38,37.0
95,36,38,37.0
95,36,38,37.0
95,36,38,37.0
95,36,38,37.0
95,36,38,37.0
95,36,38,37.0
95,36,38,37.0
95,36,38,37.0
95,36,38,37.0
95,36,38,37.0
95,36,38,37.0
95,36,38,37.0
95,36,38,37.0
95,36,38,37.0
95,36,38,37.0
95,36,38,37.0
95,36,38,37.0
95,36,38,37.0
95,36,38,37.0
95,36,38,37.0
95,36,38,37.0
95,36,38,37.0
95,36,38,37.0
95,36,38,37.0
95,36,38,37.0
95,36,38,37.0
95,36,38,37.0
95,36,38,37.0
95,36,38,37.0
95,36,38,37.0
95,36,38,37.0
95,36,38,37.0
95,36,38,37.0
95,36,38,37.0
95,36,38,37.0
95,36,38,37.0
95,36,38,37.0
95,36,38,37.0
95,36,38,37.0
95,36,38,37.0
95,36,37,36.5
95,36,37,36.5
95,36,37,36.5
95,36,37,36.5
95,36,37,36.5
95,36,37,36.5
95,36,37,36.5
95,36,37,36.5
95,36,37,36.5
95,36,37,36.5
95,36,37,36.5
95,36,37,36.5
95,36,37,36.5
95,36,37,36.5
95,36,37,36.5
95,36,37,36.5
95,36,37,36.5
95,36,37,36.5
95,36,37,36.5
95,36,37,36.5
95,36,37,36.5
95,36,37,36.5
96,36,37,36.5
96,36,37,36.5
96,36,37,36.5
96,36,37,36.5
96,36,37,36.5
96,36,37,36.5
96,36,37,36.5
96,36,37,36.5
96,36,37,36.5
96,36,37,36.5
96,36,37,36.5
96,36,37,36.5
96,36,37,36.5
96,36,37,36.5
96,36,37,36.5
96,36,37,36.5
96,36,37,36.5
96,36,37,36.5
96,36,37,36.5
96,36,37,36.5
96,36,37,36.5
96,36,37,36.5
96,36,37,36.5
96,36,37,36.5
96,36,37,36.5
96,36,37,36.5
96,36,37,36.5
96,36,37,36.5
97,36,37,36.5
97,36,37,36.5
97,36,37,36.5
97,36,37,36.5
97,36,37,36.5
97,36,37,36.5
97,36,37,36.5
98,36,37,36.5
98,36,37,36.5
98,36,37,36.5
98,36,37,36.5
98,36,37,36.5
98,36,37,36.5
98,36,37,36.5
98,36,37,36.5
98,36,37,36.5
98,36,37,36.5
98,36,37,36.5
98,36,37,36.5
98,36,37,36.5
98,36,37,36.5
98,36,37,36.5
99,36,37,36.5
99,36,37,36.5
99,36,37,36.5
99,36,37,36.5
99,36,37,36.5
99,36,37,36.5
99,36,37,36.5
99,36,37,36.5
99,36,37,36.5
99,36,37,36.5
99,36,37,36.5
100,36,37,36.5
101,36,37,36.5
101,36,37,36.5
101,36,37,36.5
101,36,37,36.5
101,36,37,36.5
101,36,37,36.5
101,36,37,36.5
101,36,37,36.5
101,36,37,36.5
101,36,37,36.5
101,36,37,36.5
101,36,37,36.5
101,36,37,36.5
101,36,37,36.5
101,36,37,36.5
101,36,37,36.5
101,36,37,36.5
102,36,37,36.5
102,36,37,36.5
102,36,37,36.5
102,36,37,36.5
102,36,37,36.5
102,36,37,36.5
102,36,37,36.5
102,36,37,36.5
102,36,37,36.5
102,36,37,36.5
102,36,37,36.5
102,36,37,36.5
103,36,37,36.5
103,36,37,36.5
103,36,37,36.5
103,36,37,36.5
103,36,37,36.5
103,36,37,36.5
103,36,37,36.5
103,36,37,36.5
103,36,37,36.5
103,36,37,36.5
103,36,37,36.5
103,36,37,36.5
103,36,37,36.5
103,36,37,36.5
103,36,37,36.5
103,36,37,36.5
103,36,37,36.5
103,36,37,36.5
104,36,37,36.5
104,36,37,36.5
104,36,37,36.5
104,36,37,36.5
104,36,37,36.5
104,36,37,36.5
104,36,37,36.5
104,36,37,36.5
104,36,37,36.5
104,36,37,36.5
104,36,37,36.5
104,36,37,36.5
104,36,37,36.5
104,36,37,36.5
104,36,37,36.5
105,36,37,36.5
105,36,37,36.5
105,36,37,36.5
105,36,37,36.5
106,36,37,36.5
107,36,37,36.5
109,36,37,36.5
109,36,37,36.5
109,36,37,36.5
109,36,37,36.5
109,36,37,36.5
109,36,37,36.5
109,36,37,36.5
109,36,37,36.5
109,36,37,36.5
109,36,37,36.5
109,36,37,36.5
109,36,37,36.5
109,36,37,36.5
109,36,37,36.5
109,36,37,36.5
109,36,37,36.5
109,36,37,36.5
110,36,37,36.5
110,36,37,36.5
110,36,37,36.5
110,36,37,36.5
110,36,37,36.5
110,36,37,36.5
110,36,37,36.5
110,36,37,36.5
110,36,37,36.5
111,36,37,36.5
112,36,37,36.5
112,36,37,36.5
112,36,37,36.5
112,36,37,36.5
112,36,37,36.5
112,36,37,36.5
112,36,37,36.5
113,36,37,36.5
113,36,37,36.5
113,36,37,36.5
113,36,37,36.5
113,36,37,36.5
113,36,37,36.5
113,36,37,36.5
113,36,37,36.5
113,36,37,36.5
113,36,37,36.5
113,36,37,36.5
113,36,37,36.5
113,36,37,36.5
113,36,37,36.5
113,36,37,36.5
113,36,37,36.5
113,36,37,36.5
113,36,37,36.5
113,36,37,36.5
113,36,37,36.5
113,36,37,36.5
113,36,37,36.5
113,36,37,36.5
113,36,37,36.5
113,36,37,36.5
113,36,37,36.5
113,36,37,36.5
113,36,37,36.5
113,36,37,36.5
113,36,37,36.5
113,36,37,36.5
113,36,37,36.5
113,36,37,36.5
113,36,37,36.5
113,36,37,36.5
113,36,37,36.5
113,36,37,36.5
113,36,37,36.5
113,36,37,36.5
113,36,37,36.5
113,36,37,36.5
113,36,37,36.5
113,36,37,36.5
113,36,37,36.5
113,36,37,36.5
113,36,37,36.5
113,36,37,36.5
113,36,37,36.5
113,36,37,36.5
113,36,37,36.5
113,36,37,36.5
113,36,37,36.5
113,36,37,36.5
113,36,37,36.5
113,36,37,36.5
113,36,37,36.5
113,36,37,36.5
113,36,37,36.5
113,36,37,36.5
113,36,37,36.5
113,36,37,36.5
113,36,37,36.5
113,36,37,36.5
113,36,37,36.5
113,36,37,36.5
113,36,37,36.5
113,36,37,36.5
113,36,37,36.5
113,36,37,36.5
113,36,37,36.5
113,36,37,36.5
113,36,37,36.5
113,36,37,36.5
113,36,37,36.5
113,36,37,36.5
113,36,37,36.5
114,36,37,36.5
114,36,37,36.5
114,36,37,36.5
114,36,37,36.5
114,36,37,36.5
114,36,37,36.5
114,32,37,34.5
114,33,37,35.0
114,33,37,35.0
114,33,37,35.0
114,33,37,35.0
114,33,37,35.0
114,33,37,35.0
114,33,37,35.0
114,33,37,35.0
114,33,37,35.0
114,33,37,35.0
114,33,37,35.0
114,33,37,35.0
114,33,37,35.0
114,33,37,35.0
114,33,37,35.0
114,33,37,35.0
114,33,37,35.0
114,33,37,35.0
114,33,37,35.0
114,33,37,35.0
114,33,37,35.0
114,33,37,35.0
114,33,37,35.0
114,33,37,35.0
114,33,37,35.0
114,33,37,35.0
114,33,37,35.0
114,33,37,35.0
114,33,37,35.0
114,33,37,35.0
114,33,37,35.0
114,33,37,35.0
114,33,37,35.0
114,33,37,35.0
114,33,37,35.0
114,33,37,35.0
114,33,37,35.0
114,33,37,35.0
114,33,37,35.0
114,33,37,35.0
114,33,37,35.0
115,33,37,35.0
115,33,37,35.0
115,33,37,35.0
115,33,37,35.0
115,33,37,35.0
115,33,37,35.0
115,33,37,35.0
115,33,37,35.0
115,33,37,35.0
115,33,37,35.0
115,33,37,35.0
115,33,37,35.0
115,33,37,35.0
115,33,37,35.0
115,33,37,35.0
115,33,37,35.0
115,33,37,35.0
115,33,37,35.0
115,33,37,35.0
115,33,37,35.0
115,33,37,35.0
115,33,37,35.0
115,33,37,35.0
115,33,37,35.0
115,33,37,35.0
115,33,37,35.0
115,33,37,35.0
115,33,37,35.0
115,33,37,35.0
115,33,37,35.0
115,33,37,35.0
115,33,37,35.0
115,33,37,35.0
115,33,37,35.0
115,33,37,35.0
115,33,37,35.0
115,33,37,35.0
115,33,37,35.0
115,33,37,35.0
115,33,37,35.0
115,33,37,35.0
115,33,37,35.0
115,33,37,35.0
115,33,37,35.0
115,33,37,35.0
115,33,37,35.0
115,33,37,35.0
115,33,37,35.0
116,33,37,35.0
116,33,38,35.5
116,33,38,35.5
116,33,38,35.5
116,33,38,35.5
116,33,38,35.5
116,33,38,35.5
116,33,38,35.5
116,33,38,35.5
116,33,38,35.5
116,33,38,35.5
116,33,38,35.5
116,33,38,35.5
116,33,38,35.5
116,33,38,35.5
116,33,38,35.5
116,33,38,35.5
116,33,38,35.5
116,33,38,35.5
116,30,38,34.0
116,31,38,34.5
116,31,38,34.5
116,31,38,34.5
116,31,38,34.5
116,31,38,34.5
116,31,38,34.5
116,31,38,34.5
116,31,38,34.5
116,31,38,34.5
116,31,38,34.5
116,31,38,34.5
116,32,38,35.0
116,32,38,35.0
116,32,38,35.0
116,32,38,35.0
116,32,38,35.0
116,32,38,35.0
116,32,38,35.0
116,32,38,35.0
116,32,38,35.0
116,32,38,35.0
116,32,38,35.0
116,32,38,35.0
116,32,38,35.0
117,32,38,35.0
117,32,38,35.0
117,32,38,35.0
117,32,38,35.0
117,32,38,35.0
117,32,38,35.0
117,32,38,35.0
117,32,38,35.0
117,32,38,35.0
117,32,38,35.0
117,32,38,35.0
117,32,38,35.0
118,32,38,35.0
118,32,38,35.0
118,32,38,35.0
118,32,38,35.0
118,32,38,35.0
118,32,38,35.0
118,32,38,35.0
118,32,38,35.0
118,32,38,35.0
118,32,38,35.0
118,32,38,35.0
119,32,38,35.0
119,32,38,35.0
119,32,38,35.0
119,32,38,35.0
119,32,38,35.0
119,32,38,35.0
119,32,38,35.0
119,32,38,35.0
119,32,38,35.0
119,32,38,35.0
119,32,38,35.0
119,32,38,35.0
119,32,38,35.0
119,32,38,35.0
119,32,38,35.0
119,32,38,35.0
119,32,38,35.0
119,32,38,35.0
119,32,38,35.0
119,32,38,35.0
119,32,38,35.0
119,32,38,35.0
119,32,38,35.0
119,32,38,35.0
119,32,38,35.0
119,32,38,35.0
119,32,38,35.0
119,32,38,35.0
119,32,38,35.0
119,32,38,35.0
119,32,38,35.0
119,32,38,35.0
119,32,38,35.0
119,32,38,35.0
119,32,38,35.0
119,32,38,35.0
119,32,38,35.0
119,32,38,35.0
119,32,38,35.0
119,32,38,35.0
119,32,38,35.0
119,32,38,35.0
119,32,38,35.0
119,32,38,35.0
119,32,38,35.0
119,32,38,35.0
119,32,38,35.0
120,32,38,35.0
120,32,38,35.0
120,32,38,35.0
120,32,38,35.0
120,32,38,35.0
120,32,38,35.0
120,33,38,35.5
120,33,38,35.5
120,33,38,35.5
120,33,38,35.5
120,33,38,35.5
120,33,38,35.5
120,33,38,35.5
120,33,38,35.5
120,33,38,35.5
120,33,38,35.5
120,33,38,35.5
120,33,38,35.5
120,33,38,35.5
120,33,38,35.5
120,33,38,35.5
120,33,38,35.5
120,33,38,35.5
120,33,38,35.5
120,33,38,35.5
120,33,38,35.5
120,33,38,35.5
120,33,38,35.5
120,33,38,35.5
120,33,38,35.5
120,33,38,35.5
120,33,38,35.5
120,33,38,35.5
120,33,38,35.5
120,33,38,35.5
120,33,38,35.5
120,33,38,35.5
120,33,38,35.5
120,33,38,35.5
120,33,38,35.5
120,33,38,35.5
120,33,38,35.5
120,33,38,35.5
120,33,38,35.5
120,33,38,35.5
120,31,38,34.5
120,31,38,34.5
120,30,38,34.0
120,30,38,34.0
120,30,38,34.0
120,31,38,34.5
120,34,38,36.0
121,34,38,36.0
121,34,38,36.0
121,34,38,36.0
121,34,38,36.0
121,34,38,36.0
121,34,38,36.0
121,34,38,36.0
121,34,38,36.0
121,34,38,36.0
121,34,38,36.0
121,34,38,36.0
121,34,38,36.0
121,34,38,36.0
121,34,38,36.0
121,34,38,36.0
121,34,38,36.0
121,34,38,36.0
121,34,38,36.0
121,34,38,36.0
121,34,38,36.0
121,34,38,36.0
121,34,38,36.0
121,34,38,36.0
121,34,38,36.0
121,34,38,36.0
121,34,38,36.0
121,34,38,36.0
121,34,38,36.0
121,34,38,36.0
121,34,38,36.0
121,34,38,36.0
122,34,38,36.0
122,34,38,36.0
122,34,38,36.0
122,34,38,36.0
122,34,38,36.0
122,34,38,36.0
122,34,38,36.0
122,34,38,36.0
122,34,38,36.0
122,34,38,36.0
122,34,38,36.0
122,34,38,36.0
122,34,38,36.0
122,34,38,36.0
122,34,38,36.0
122,34,38,36.0
122,31,38,34.5
122,32,38,35.0
122,32,38,35.0
122,32,38,35.0
122,32,38,35.0
122,32,38,35.0
122,32,38,35.0
122,32,38,35.0
122,32,38,35.0
122,32,38,35.0
122,32,38,35.0
122,32,38,35.0
122,32,38,35.0
122,32,38,35.0
122,32,38,35.0
122,32,38,35.0
122,32,38,35.0
122,32,38,35.0
122,32,38,35.0
122,32,38,35.0
122,33,38,35.5
122,33,38,35.5
122,33,38,35.5
122,33,38,35.5
122,33,38,35.5
122,33,38,35.5
122,33,38,35.5
122,33,38,35.5
122,33,38,35.5
122,33,38,35.5
122,33,38,35.5
122,33,38,35.5
122,33,38,35.5
122,33,38,35.5
122,33,38,35.5
122,33,38,35.5
122,33,38,35.5
122,33,38,35.5
122,33,38,35.5
122,33,38,35.5
122,33,38,35.5
123,33,38,35.5
123,33,38,35.5
123,33,38,35.5
123,33,38,35.5
123,33,38,35.5
123,33,38,35.5
123,33,38,35.5
123,33,38,35.5
123,33,38,35.5
123,33,38,35.5
123,33,38,35.5
123,33,38,35.5
123,33,38,35.5
123,33,38,35.5
123,33,38,35.5
123,33,38,35.5
123,33,38,35.5
123,33,38,35.5
123,33,38,35.5
123,33,38,35.5
123,33,38,35.5
123,33,38,35.5
123,33,38,35.5
123,33,38,35.5
123,33,38,35.5
123,33,38,35.5
123,33,38,35.5
123,33,38,35.5
123,33,38,35.5
123,33,38,35.5
123,33,38,35.5
123,33,38,35.5
124,33,38,35.5
124,33,38,35.5
124,33,38,35.5
124,33,38,35.5
124,34,38,36.0
124,34,38,36.0
124,34,38,36.0
124,34,38,36.0
124,34,38,36.0
124,34,38,36.0
124,34,38,36.0
124,34,38,36.0
124,34,38,36.0
124,34,38,36.0
124,34,38,36.0
124,34,38,36.0
125,34,38,36.0
125,34,38,36.0
125,34,38,36.0
125,34,38,36.0
125,33,38,35.5
125,32,38,35.0
125,32,38,35.0
125,32,38,35.0
125,32,38,35.0
125,32,38,35.0
125,32,38,35.0
125,32,38,35.0
125,32,38,35.0
125,32,38,35.0
125,32,38,35.0
125,32,38,35.0
125,32,38,35.0
125,32,38,35.0
125,32,38,35.0
125,32,38,35.0
125,32,38,35.0
125,32,38,35.0
125,32,38,35.0
125,32,38,35.0
125,33,38,35.5
125,33,38,35.5
125,33,38,35.5
126,33,38,35.5
126,33,38,35.5
126,33,38,35.5
126,33,38,35.5
126,33,38,35.5
126,33,38,35.5
126,33,38,35.5
126,33,38,35.5
126,33,38,35.5
126,33,38,35.5
126,33,38,35.5
126,33,38,35.5
126,33,38,35.5
126,33,38,35.5
126,33,38,35.5
126,33,38,35.5
126,33,38,35.5
126,33,38,35.5
126,33,38,35.5
126,33,38,35.5
126,33,38,35.5
126,33,38,35.5
126,33,38,35.5
126,33,38,35.5
126,33,38,35.5
126,33,38,35.5
126,33,38,35.5
126,33,38,35.5
126,33,38,35.5
126,33,38,35.5
127,33,38,35.5
127,33,38,35.5
127,33,38,35.5
127,33,38,35.5
127,32,38,35.0
127,32,38,35.0
127,32,38,35.0
127,32,38,35.0
127,32,38,35.0
127,32,38,35.0
127,32,38,35.0
127,32,38,35.0
127,32,38,35.0
127,32,38,35.0
127,32,38,35.0
127,32,38,35.0
127,32,38,35.0
127,32,38,35.0
127,32,38,35.0
127,32,38,35.0
127,32,38,35.0
127,32,38,35.0
127,32,38,35.0
127,32,38,35.0
127,32,38,35.0
127,32,38,35.0
127,32,38,35.0
127,32,38,35.0
127,32,38,35.0
127,32,38,35.0
127,32,38,35.0
127,32,38,35.0
127,32,38,35.0
127,32,38,35.0
127,32,38,35.0
127,32,38,35.0
127,32,38,35.0
127,32,38,35.0
127,32,38,35.0
127,32,38,35.0
127,32,38,35.0
127,32,38,35.0
127,32,38,35.0
127,32,38,35.0
128,32,38,35.0
128,32,38,35.0
128,32,38,35.0
128,32,38,35.0
128,32,38,35.0
128,32,38,35.0
128,32,38,35.0
128,32,38,35.0
128,32,38,35.0
128,32,38,35.0
128,32,38,35.0
129,32,38,35.0
129,32,38,35.0
129,32,38,35.0
129,32,38,35.0
129,32,38,35.0
129,32,40,36.0
129,32,40,36.0
129,32,40,36.0
129,32,40,36.0
129,32,40,36.0
129,32,40,36.0
129,32,40,36.0
129,32,40,36.0
129,32,40,36.0
129,32,40,36.0
130,32,40,36.0
130,32,40,36.0
130,32,40,36.0
130,32,40,36.0
130,32,40,36.0
130,32,40,36.0
130,32,40,36.0
130,32,40,36.0
130,32,40,36.0
130,32,40,36.0
130,32,39,35.5
130,32,39,35.5
130,32,39,35.5
130,32,39,35.5
130,32,39,35.5
130,32,39,35.5
130,32,39,35.5
130,32,39,35.5
130,32,39,35.5
130,32,39,35.5
130,32,39,35.5
130,32,39,35.5
130,32,39,35.5
130,32,39,35.5
130,32,39,35.5
130,32,39,35.5
130,32,39,35.5
130,32,39,35.5
130,32,39,35.5
130,32,39,35.5
130,32,39,35.5
130,32,39,35.5
130,32,39,35.5
130,32,39,35.5
130,32,39,35.5
130,32,39,35.5
130,32,39,35.5
130,32,39,35.5
130,32,39,35.5
130,32,39,35.5
130,32,39,35.5
130,32,39,35.5
130,32,39,35.5
130,32,39,35.5
130,32,39,35.5
131,32,39,35.5
131,32,39,35.5
131,32,39,35.5
131,32,39,35.5
131,32,39,35.5
131,32,39,35.5
131,32,39,35.5
131,32,39,35.5
131,32,39,35.5
131,32,39,35.5
131,32,39,35.5
131,32,39,35.5
131,32,39,35.5
131,32,39,35.5
132,32,39,35.5
132,32,39,35.5
132,32,39,35.5
132,32,39,35.5
132,32,39,35.5
132,32,39,35.5
132,32,39,35.5
132,32,39,35.5
132,32,39,35.5
132,32,39,35.5
132,32,39,35.5
132,32,39,35.5
132,32,39,35.5
132,32,39,35.5
133,32,39,35.5
133,32,39,35.5
133,32,39,35.5
133,32,39,35.5
133,32,39,35.5
134,32,39,35.5
134,32,39,35.5
134,32,39,35.5
134,32,39,35.5
134,32,39,35.5
134,32,39,35.5
134,32,39,35.5
134,32,39,35.5
134,32,39,35.5
134,32,39,35.5
134,32,39,35.5
134,32,39,35.5
134,32,39,35.5
134,32,39,35.5
134,32,39,35.5
134,32,39,35.5
134,32,38,35.0
134,32,38,35.0
134,32,38,35.0
134,32,38,35.0
134,32,38,35.0
134,32,38,35.0
134,32,38,35.0
134,32,38,35.0
134,32,38,35.0
134,32,38,35.0
134,32,38,35.0
134,32,38,35.0
134,32,38,35.0
134,32,38,35.0
134,32,38,35.0
134,32,38,35.0
134,32,38,35.0
134,32,38,35.0
134,32,38,35.0
134,32,38,35.0
134,32,38,35.0
134,32,38,35.0
134,32,38,35.0
134,32,38,35.0
134,32,38,35.0
134,32,37,34.5
134,32,37,34.5
134,32,37,34.5
134,32,37,34.5
134,32,37,34.5
134,32,37,34.5
134,32,37,34.5
134,32,37,34.5
134,32,37,34.5
134,32,37,34.5
134,32,37,34.5
134,32,37,34.5
134,32,37,34.5
134,32,37,34.5
134,32,37,34.5
134,32,37,34.5
134,32,37,34.5
134,32,37,34.5
134,32,37,34.5
134,32,37,34.5
134,32,37,34.5
134,32,37,34.5
134,32,37,34.5
134,32,37,34.5
134,32,37,34.5
134,32,37,34.5
134,32,37,34.5
134,32,37,34.5
134,32,36,34.0
134,32,36,34.0
134,32,36,34.0
134,32,36,34.0
134,32,36,34.0
134,32,36,34.0
134,32,36,34.0
134,31,36,33.5
134,31,36,33.5
134,31,36,33.5
134,31,36,33.5
134,31,36,33.5
134,31,35,33.0
134,31,35,33.0
134,31,35,33.0
134,31,35,33.0
134,31,35,33.0
134,31,35,33.0
134,31,35,33.0
134,31,35,33.0
134,31,35,33.0
134,31,35,33.0
134,31,35,33.0
134,31,34,32.5
134,31,34,32.5
134,31,34,32.5
134,31,34,32.5
134,31,34,32.5
134,31,34,32.5
134,31,34,32.5
134,31,34,32.5
134,31,34,32.5
134,31,33,32.0
134,31,33,32.0
134,31,33,32.0
134,31,33,32.0
134,31,33,32.0
134,31,33,32.0
134,31,33,32.0
134,31,33,32.0
134,31,33,32.0
134,31,33,32.0
134,31,33,32.0
134,31,33,32.0
134,31,33,32.0
134,31,33,32.0
134,31,33,32.0
134,31,33,32.0
134,31,33,32.0
134,31,33,32.0
134,31,33,32.0
134,31,33,32.0
134,31,33,32.0
134,31,33,32.0
134,31,33,32.0
134,31,33,32.0
134,31,33,32.0
134,31,33,32.0
134,31,33,32.0
134,31,33,32.0
134,31,33,32.0
134,31,33,32.0
134,31,33,32.0
134,31,33,32.0
134,31,33,32.0
134,31,32,31.5
134,31,32,31.5
134,31,32,31.5
134,31,32,31.5
134,31,32,31.5
134,31,32,31.5
134,31,32,31.5
134,31,32,31.5
134,31,32,31.5
134,31,32,31.5
134,31,32,31.5
134,31,32,31.5
134,31,32,31.5
134,31,32,31.5
134,31,32,31.5
134,31,32,31.5
135,31,32,31.5
135,31,32,31.5
135,31,32,31.5
135,31,32,31.5
135,31,32,31.5
135,31,32,31.5
135,31,32,31.5
135,31,32,31.5
135,31,32,31.5
135,31,32,31.5
135,31,32,31.5
135,31,32,31.5
135,31,32,31.5
135,31,32,31.5
135,31,32,31.5
135,31,32,31.5
135,31,32,31.5
135,31,32,31.5
135,31,32,31.5
135,31,32,31.5
135,31,32,31.5
135,31,32,31.5
135,31,32,31.5
135,31,32,31.5
135,31,32,31.5
135,31,32,31.5
135,31,32,31.5
135,31,32,31.5
135,31,32,31.5
135,31,32,31.5
135,31,32,31.5
135,31,32,31.5
135,31,32,31.5
135,31,32,31.5
135,31,32,31.5
135,31,32,31.5
135,31,32,31.5
135,31,32,31.5
135,31,32,31.5
135,31,32,31.5
135,31,32,31.5
135,31,32,31.5
135,31,32,31.5
135,31,32,31.5
135,31,32,31.5
135,31,32,31.5
135,31,32,31.5
135,31,32,31.5
135,31,32,31.5
135,31,32,31.5
135,31,32,31.5
135,31,32,31.5
135,31,32,31.5
135,31,32,31.5
135,31,32,31.5
135,31,32,31.5
135,31,32,31.5
135,31,32,31.5
135,31,32,31.5
135,31,32,31.5
136,31,32,31.5
136,31,32,31.5
136,31,32,31.5
136,31,32,31.5
136,31,32,31.5
136,31,32,31.5
136,31,32,31.5
136,31,32,31.5
136,31,32,31.5
136,31,32,31.5
136,31,32,31.5
136,31,32,31.5
136,31,32,31.5
136,31,32,31.5
136,31,32,31.5
137,31,32,31.5
137,31,32,31.5
137,31,32,31.5
137,31,32,31.5
137,31,32,31.5
137,31,32,31.5
137,31,32,31.5
137,31,32,31.5
137,31,32,31.5
137,31,32,31.5
137,31,32,31.5
137,31,32,31.5
137,31,32,31.5
137,29,32,30.5
137,29,32,30.5
137,29,32,30.5
137,29,32,30.5
137,29,32,30.5
137,29,32,30.5
137,29,32,30.5
137,29,32,30.5
137,29,32,30.5
137,29,32,30.5
137,29,32,30.5
137,29,32,30.5
137,29,32,30.5
137,29,32,30.5
137,29,32,30.5
137,29,32,30.5
137,29,32,30.5
137,29,32,30.5
137,29,32,30.5
137,29,32,30.5
137,29,31,30.0
137,29,31,30.0
137,29,31,30.0
137,29,31,30.0
137,29,31,30.0
138,29,31,30.0
138,29,31,30.0
138,29,32,30.5
138,30,32,31.0
138,30,32,31.0
138,30,32,31.0
138,30,32,31.0
138,30,32,31.0
138,30,32,31.0
138,30,32,31.0
138,30,32,31.0
138,30,32,31.0
138,30,32,31.0
138,30,32,31.0
138,30,32,31.0
138,30,32,31.0
138,30,32,31.0
138,30,32,31.0
138,30,32,31.0
138,30,32,31.0
138,30,32,31.0
138,30,32,31.0
138,30,32,31.0
138,30,32,31.0
138,30,32,31.0
138,30,32,31.0
138,30,32,31.0
138,30,32,31.0
139,30,32,31.0
139,30,32,31.0
139,30,32,31.0
139,30,32,31.0
139,30,32,31.0
139,30,32,31.0
139,30,32,31.0
139,30,32,31.0
140,30,32,31.0
140,30,32,31.0
140,30,32,31.0
140,30,32,31.0
140,30,32,31.0
140,30,32,31.0
140,30,32,31.0
140,30,32,31.0
140,30,32,31.0
140,30,32,31.0
141,30,32,31.0
141,30,32,31.0
141,30,32,31.0
141,30,32,31.0
141,30,32,31.0
141,30,32,31.0
141,30,32,31.0
141,30,32,31.0
141,30,32,31.0
141,30,32,31.0
141,30,32,31.0
141,31,32,31.5
141,31,32,31.5
141,31,32,31.5
141,31,32,31.5
141,31,32,31.5
141,31,32,31.5
141,31,32,31.5
141,31,32,31.5
141,31,32,31.5
141,31,32,31.5
141,31,32,31.5
141,31,32,31.5
142,31,32,31.5
142,31,32,31.5
142,31,32,31.5
142,31,32,31.5
142,31,32,31.5
142,31,32,31.5
142,31,32,31.5
143,31,32,31.5
143,31,32,31.5
143,31,32,31.5
145,31,32,31.5
145,31,32,31.5
145,31,32,31.5
145,31,32,31.5
145,31,32,31.5
145,31,32,31.5
145,31,32,31.5
145,31,32,31.5
145,31,32,31.5
145,31,32,31.5
145,31,32,31.5
145,31,32,31.5
145,31,32,31.5
145,31,32,31.5
145,31,32,31.5
145,31,32,31.5
145,31,32,31.5
145,31,32,31.5
145,31,32,31.5
145,31,32,31.5
145,31,32,31.5
146,31,32,31.5
146,30,32,31.0
146,30,32,31.0
146,30,32,31.0
146,30,32,31.0
146,30,32,31.0
146,30,32,31.0
146,30,32,31.0
146,30,32,31.0
146,30,32,31.0
146,30,32,31.0
146,30,32,31.0
146,30,32,31.0
146,30,32,31.0
146,30,32,31.0
146,30,31,30.5
146,30,31,30.5
146,30,31,30.5
146,30,31,30.5
146,30,31,30.5
146,30,31,30.5
146,30,31,30.5
146,30,31,30.5
146,30,31,30.5
147,30,31,30.5
148,30,31,30.5
148,30,31,30.5
148,30,31,30.5
148,30,31,30.5
148,30,31,30.5
148,30,31,30.5
148,30,31,30.5
148,30,31,30.5
148,30,31,30.5
148,30,31,30.5
148,30,31,30.5
148,30,31,30.5
148,30,31,30.5
148,30,31,30.5
148,30,31,30.5
148,30,31,30.5
148,30,31,30.5
148,30,31,30.5
148,30,31,30.5
148,29,31,30.0
148,29,31,30.0
148,29,31,30.0
148,29,31,30.0
148,29,31,30.0
148,29,31,30.0
149,29,31,30.0
149,29,31,30.0
149,29,31,30.0
149,29,31,30.0
150,29,31,30.0
150,29,30,29.5
150,29,30,29.5
150,29,30,29.5
150,29,30,29.5
150,29,30,29.5
150,29,30,29.5
150,29,30,29.5
150,29,30,29.5
150,29,30,29.5
150,29,30,29.5
150,29,30,29.5
150,29,30,29.5
150,29,30,29.5
150,29,30,29.5
150,29,30,29.5
150,29,30,29.5
150,29,30,29.5
150,29,30,29.5
150,29,30,29.5
150,29,30,29.5
150,29,30,29.5
150,29,30,29.5
150,29,30,29.5
150,29,30,29.5
150,29,30,29.5
150,29,30,29.5
150,29,30,29.5
150,29,30,29.5
151,29,30,29.5
151,29,30,29.5
151,29,30,29.5
151,29,30,29.5
151,29,30,29.5
151,29,30,29.5
151,29,30,29.5
151,29,30,29.5
151,29,30,29.5
151,29,30,29.5
151,29,30,29.5
151,29,30,29.5
151,29,30,29.5
151,29,30,29.5
151,29,30,29.5
151,29,30,29.5
151,29,30,29.5
151,29,30,29.5
151,29,30,29.5
151,29,30,29.5
151,29,30,29.5
151,29,30,29.5
151,29,30,29.5
151,29,31,30.0
151,29,31,30.0
151,29,31,30.0
151,29,31,30.0
151,29,31,30.0
151,29,31,30.0
151,29,31,30.0
151,29,31,30.0
151,29,31,30.0
151,29,31,30.0
151,29,31,30.0
151,29,31,30.0
152,29,31,30.0
152,29,31,30.0
152,29,31,30.0
152,29,31,30.0
152,29,31,30.0
152,29,31,30.0
152,29,30,29.5
152,29,30,29.5
152,29,30,29.5
152,29,30,29.5
152,29,30,29.5
152,29,30,29.5
152,29,30,29.5
152,29,30,29.5
152,29,30,29.5
153,29,30,29.5
153,29,30,29.5
153,29,30,29.5
153,29,30,29.5
153,29,30,29.5
153,29,30,29.5
155,29,30,29.5
155,29,30,29.5
155,29,30,29.5
155,29,30,29.5
155,29,30,29.5
155,29,30,29.5
155,29,30,29.5
155,29,30,29.5
155,29,30,29.5
155,29,30,29.5
155,29,30,29.5
155,29,30,29.5
155,29,30,29.5
155,29,30,29.5
156,29,30,29.5
156,29,30,29.5
156,29,30,29.5
156,29,30,29.5
156,29,30,29.5
156,29,30,29.5
156,29,30,29.5
156,29,30,29.5
156,29,31,30.0
156,29,31,30.0
156,29,31,30.0
156,29,31,30.0
156,29,31,30.0
156,29,31,30.0
156,29,31,30.0
156,29,31,30.0
156,29,31,30.0
156,29,31,30.0
156,29,31,30.0
156,29,31,30.0
156,29,31,30.0
156,29,32,30.5
156,29,32,30.5
156,29,32,30.5
156,29,32,30.5
156,29,32,30.5
156,28,32,30.0
156,28,32,30.0
156,28,32,30.0
156,28,32,30.0
156,28,32,30.0
156,28,32,30.0
156,28,32,30.0
156,28,32,30.0
156,28,32,30.0
156,28,32,30.0
156,28,32,30.0
156,28,32,30.0
156,28,32,30.0
156,28,32,30.0
156,28,32,30.0
156,28,32,30.0
156,28,32,30.0
156,28,32,30.0
156,28,32,30.0
156,28,32,30.0
156,28,32,30.0
156,28,32,30.0
156,28,32,30.0
156,28,32,30.0
156,28,32,30.0
156,28,32,30.0
156,28,32,30.0
156,28,32,30.0
156,28,32,30.0
156,28,32,30.0
156,28,32,30.0
156,28,32,30.0
156,28,32,30.0
156,28,32,30.0
156,28,32,30.0
156,28,32,30.0
156,28,32,30.0
157,28,32,30.0
157,28,32,30.0
157,28,32,30.0
157,28,32,30.0
157,28,32,30.0
157,28,32,30.0
157,28,32,30.0
157,26,32,29.0
157,26,32,29.0
157,26,32,29.0
157,26,32,29.0
157,26,32,29.0
157,26,32,29.0
157,26,32,29.0
157,26,32,29.0
157,26,32,29.0
157,26,32,29.0
157,26,32,29.0
157,26,32,29.0
157,27,32,29.5
157,27,32,29.5
157,27,32,29.5
157,27,32,29.5
157,27,32,29.5
157,27,32,29.5
157,27,32,29.5
157,27,32,29.5
157,27,32,29.5
157,27,32,29.5
157,27,32,29.5
157,27,32,29.5
157,27,32,29.5
157,27,32,29.5
157,27,32,29.5
157,27,32,29.5
157,27,32,29.5
157,27,32,29.5
157,27,32,29.5
157,27,32,29.5
157,27,32,29.5
157,27,32,29.5
157,27,32,29.5
157,27,32,29.5
157,27,32,29.5
157,27,32,29.5
157,27,32,29.5
157,27,32,29.5
157,27,32,29.5
157,27,32,29.5
157,27,32,29.5
157,27,32,29.5
157,27,32,29.5
157,27,32,29.5
157,27,32,29.5
157,27,32,29.5
158,27,32,29.5
158,27,32,29.5
158,27,32,29.5
158,27,32,29.5
158,27,32,29.5
158,27,32,29.5
158,27,32,29.5
158,27,32,29.5
158,27,32,29.5
158,27,32,29.5
158,27,32,29.5
158,27,32,29.5
158,27,32,29.5
158,27,32,29.5
158,27,32,29.5
158,27,32,29.5
158,27,32,29.5
158,27,32,29.5
158,27,32,29.5
158,27,32,29.5
158,27,32,29.5
158,27,32,29.5
159,27,32,29.5
159,27,32,29.5
159,27,32,29.5
159,27,32,29.5
159,27,32,29.5
159,27,32,29.5
159,27,32,29.5
159,27,32,29.5
159,27,32,29.5
159,27,32,29.5
159,27,32,29.5
159,27,32,29.5
159,27,32,29.5
159,27,32,29.5
159,27,32,29.5
159,27,32,29.5
159,27,32,29.5
159,27,32,29.5
159,27,32,29.5
159,27,32,29.5
159,27,32,29.5
159,27,32,29.5
159,27,32,29.5
159,27,32,29.5
159,27,32,29.5
159,27,32,29.5
159,27,32,29.5
159,27,32,29.5
159,27,32,29.5
159,27,32,29.5
159,27,32,29.5
159,27,32,29.5
159,27,32,29.5
159,27,32,29.5
159,27,32,29.5
159,27,32,29.5
159,27,32,29.5
159,27,32,29.5
159,27,32,29.5
159,27,32,29.5
159,27,32,29.5
159,27,32,29.5
159,27,32,29.5
159,28,32,30.0
159,28,32,30.0
159,28,32,30.0
159,28,32,30.0
160,28,32,30.0
160,28,32,30.0
160,28,32,30.0
160,28,32,30.0
160,28,32,30.0
160,28,32,30.0
160,28,32,30.0
160,28,32,30.0
160,28,32,30.0
160,28,32,30.0
161,28,32,30.0
161,28,32,30.0
161,28,32,30.0
161,28,32,30.0
161,28,32,30.0
161,28,32,30.0
161,28,32,30.0
161,28,32,30.0
161,28,32,30.0
161,28,32,30.0
161,28,32,30.0
161,28,32,30.0
161,28,32,30.0
161,28,32,30.0
161,28,32,30.0
161,25,32,28.5
161,25,32,28.5
161,28,32,30.0
161,28,32,30.0
161,28,32,30.0
161,28,32,30.0
161,28,32,30.0
161,28,32,30.0
161,28,32,30.0
161,28,32,30.0
161,28,32,30.0
161,28,32,30.0
161,28,32,30.0
161,28,32,30.0
161,28,32,30.0
161,29,32,30.5
161,29,32,30.5
161,29,32,30.5
161,29,32,30.5
161,29,32,30.5
161,29,32,30.5
161,29,32,30.5
161,29,32,30.5
161,29,32,30.5
162,29,32,30.5
162,29,32,30.5
162,29,32,30.5
163,29,32,30.5
165,29,32,30.5
165,29,32,30.5
165,29,32,30.5
165,29,32,30.5
165,29,32,30.5
165,29,32,30.5
165,29,32,30.5
165,29,32,30.5
166,29,32,30.5
166,29,32,30.5
166,29,32,30.5
166,29,32,30.5
166,29,32,30.5
166,29,32,30.5
166,29,32,30.5
166,29,32,30.5
167,29,32,30.5
167,29,32,30.5
167,29,32,30.5
167,26,32,29.0
167,26,32,29.0
167,26,32,29.0
167,26,32,29.0
167,26,32,29.0
167,26,32,29.0
167,26,32,29.0
167,26,32,29.0
167,26,32,29.0
168,29,32,30.5
168,29,32,30.5
168,29,32,30.5
168,29,32,30.5
168,29,32,30.5
168,29,32,30.5
168,29,32,30.5
168,29,32,30.5
169,29,32,30.5
169,29,32,30.5
169,29,32,30.5
169,29,32,30.5
169,29,32,30.5
169,31,32,31.5
170,31,33,32.0
170,31,33,32.0
170,31,33,32.0
170,31,33,32.0
170,31,33,32.0
170,31,33,32.0
170,31,33,32.0
170,31,33,32.0
170,31,33,32.0
170,31,33,32.0
170,31,33,32.0
170,31,33,32.0
170,31,33,32.0
170,31,34,32.5
170,31,34,32.5
170,31,34,32.5
170,31,34,32.5
170,31,34,32.5
170,31,34,32.5
170,31,34,32.5
170,31,34,32.5
170,31,34,32.5
170,31,34,32.5
170,31,34,32.5
170,31,34,32.5
170,31,34,32.5
170,30,34,32.0
170,30,34,32.0
170,30,34,32.0
170,30,34,32.0
170,29,34,31.5
170,29,34,31.5
170,29,34,31.5
170,29,34,31.5
170,29,34,31.5
170,29,34,31.5
170,29,34,31.5
170,29,34,31.5
170,29,34,31.5
170,29,34,31.5
170,29,34,31.5
170,30,34,32.0
170,30,34,32.0
170,30,34,32.0
170,30,34,32.0
170,30,34,32.0
170,30,34,32.0
170,30,34,32.0
170,30,34,32.0
170,30,34,32.0
170,30,34,32.0
170,30,34,32.0
170,30,34,32.0
170,30,34,32.0
170,30,34,32.0
170,30,34,32.0
170,30,34,32.0
170,30,34,32.0
170,30,34,32.0
170,30,34,32.0
170,30,34,32.0
170,30,34,32.0
170,30,34,32.0
170,30,34,32.0
170,30,34,32.0
170,30,34,32.0
170,30,34,32.0
170,30,34,32.0
170,30,34,32.0
170,30,34,32.0
170,30,34,32.0
170,30,34,32.0
170,31,34,32.5
170,31,34,32.5
170,31,34,32.5
170,31,34,32.5
170,31,34,32.5
170,31,34,32.5
170,31,34,32.5
170,31,34,32.5
170,31,34,32.5
170,31,34,32.5
170,31,34,32.5
170,31,34,32.5
170,31,34,32.5
170,31,34,32.5
170,31,34,32.5
170,31,34,32.5
170,32,34,33.0
170,32,34,33.0
170,32,34,33.0
170,32,34,33.0
170,32,34,33.0
170,32,34,33.0
170,32,34,33.0
170,32,34,33.0
170,32,34,33.0
170,33,34,33.5
170,33,34,33.5
170,33,34,33.5
170,33,35,34.0
170,33,35,34.0
170,33,35,34.0
170,33,35,34.0
170,33,35,34.0
170,33,35,34.0
170,33,35,34.0
170,33,35,34.0
170,33,35,34.0
170,33,35,34.0
170,33,35,34.0
170,33,35,34.0
170,33,35,34.0
170,33,35,34.0
170,33,35,34.0
170,33,35,34.0
170,33,35,34.0
170,33,35,34.0
170,33,35,34.0
171,33,35,34.0
171,33,35,34.0
171,33,35,34.0
171,33,35,34.0
171,33,35,34.0
171,33,35,34.0
171,33,35,34.0
171,33,35,34.0
171,33,35,34.0
171,33,35,34.0
171,33,35,34.0
171,33,35,34.0
171,33,35,34.0
171,33,35,34.0
171,33,35,34.0
171,33,35,34.0
171,33,35,34.0
171,33,35,34.0
171,33,35,34.0
171,33,35,34.0
171,33,35,34.0
171,33,35,34.0
171,33,35,34.0
171,33,35,34.0
171,33,35,34.0
171,33,35,34.0
171,33,35,34.0
171,33,35,34.0
171,33,35,34.0
171,33,35,34.0
171,33,35,34.0
171,33,35,34.0
171,33,35,34.0
171,33,35,34.0
171,33,35,34.0
171,33,35,34.0
171,33,35,34.0
171,33,35,34.0
171,33,35,34.0
172,33,35,34.0
172,33,35,34.0
172,33,35,34.0
172,33,35,34.0
172,33,35,34.0
172,33,35,34.0
172,33,35,34.0
172,33,35,34.0
172,33,35,34.0
172,33,35,34.0
172,33,35,34.0
172,33,35,34.0
172,33,35,34.0
173,33,35,34.0
173,33,35,34.0
173,33,35,34.0
173,33,35,34.0
173,33,35,34.0
173,33,35,34.0
173,33,35,34.0
173,33,35,34.0
173,33,35,34.0
173,33,35,34.0
173,33,35,34.0
173,33,35,34.0
173,33,35,34.0
173,33,35,34.0
173,33,35,34.0
173,33,35,34.0
173,33,35,34.0
173,33,35,34.0
173,33,35,34.0
173,33,35,34.0
173,33,35,34.0
173,33,35,34.0
173,33,35,34.0
173,33,35,34.0
173,33,35,34.0
173,33,35,34.0
173,33,35,34.0
173,33,35,34.0
173,33,35,34.0
173,33,35,34.0
173,33,35,34.0
173,33,35,34.0
173,33,35,34.0
174,33,35,34.0
174,33,35,34.0
174,33,35,34.0
174,33,35,34.0
174,33,35,34.0
174,33,35,34.0
174,33,35,34.0
174,33,35,34.0
174,33,35,34.0
174,33,35,34.0
174,33,35,34.0
174,33,35,34.0
174,33,35,34.0
175,33,34,33.5
175,33,34,33.5
175,33,34,33.5
175,33,34,33.5
175,33,34,33.5
175,33,34,33.5
175,33,34,33.5
175,33,34,33.5
175,33,34,33.5
175,33,34,33.5
175,33,34,33.5
175,33,34,33.5
176,33,34,33.5
176,33,34,33.5
176,33,34,33.5
176,33,34,33.5
176,33,34,33.5
176,33,34,33.5
176,33,34,33.5
176,33,34,33.5
176,33,34,33.5
176,33,34,33.5
177,33,34,33.5
177,33,34,33.5
177,33,34,33.5
177,33,34,33.5
177,33,34,33.5
177,33,34,33.5
177,33,34,33.5
177,33,34,33.5
177,33,34,33.5
177,33,34,33.5
177,33,34,33.5
177,33,34,33.5
177,33,34,33.5
177,33,34,33.5
177,33,34,33.5
177,33,34,33.5
177,33,34,33.5
177,33,34,33.5
177,33,34,33.5
177,33,34,33.5
177,33,34,33.5
177,33,34,33.5
177,32,34,33.0
177,32,34,33.0
177,32,34,33.0
177,32,34,33.0
177,32,34,33.0
177,32,34,33.0
177,32,34,33.0
177,32,34,33.0
177,32,34,33.0
177,32,34,33.0
177,32,34,33.0
178,32,34,33.0
178,32,34,33.0
178,32,34,33.0
179,32,34,33.0
179,32,34,33.0
179,32,34,33.0
179,32,34,33.0
179,32,34,33.0
179,32,34,33.0
179,32,34,33.0
179,32,34,33.0
179,32,34,33.0
180,32,34,33.0
180,32,34,33.0
180,32,34,33.0
180,32,34,33.0
180,32,34,33.0
180,32,34,33.0
180,32,34,33.0
180,32,34,33.0
180,32,34,33.0
180,32,34,33.0
180,32,34,33.0
180,32,34,33.0
180,32,34,33.0
180,32,34,33.0
180,32,34,33.0
180,32,34,33.0
180,32,34,33.0
181,32,34,33.0
181,32,34,33.0
181,32,34,33.0
181,32,34,33.0
181,32,34,33.0
181,32,34,33.0
181,32,34,33.0
181,32,34,33.0
181,32,34,33.0
181,32,34,33.0
181,32,34,33.0
181,32,34,33.0
181,32,34,33.0
181,32,34,33.0
182,32,34,33.0
182,32,34,33.0
182,32,34,33.0
182,32,34,33.0
182,32,34,33.0
183,32,34,33.0
183,32,34,33.0
183,32,34,33.0
183,32,34,33.0
183,32,34,33.0
183,32,34,33.0
184,32,34,33.0
184,32,34,33.0
184,32,34,33.0
184,32,34,33.0
184,32,34,33.0
185,32,34,33.0
185,32,34,33.0
185,32,34,33.0
185,32,34,33.0
185,32,34,33.0
186,32,34,33.0
186,32,34,33.0
186,32,34,33.0
186,32,34,33.0
186,32,34,33.0
186,32,34,33.0
186,32,34,33.0
186,32,34,33.0
186,32,34,33.0
186,32,34,33.0
187,32,34,33.0
187,32,34,33.0
187,32,34,33.0
187,32,34,33.0
187,32,34,33.0
187,32,34,33.0
187,32,34,33.0
187,32,34,33.0
188,32,34,33.0
189,32,34,33.0
189,32,34,33.0
189,32,34,33.0
189,32,34,33.0
189,32,34,33.0
189,32,34,33.0
189,32,34,33.0
189,32,34,33.0
189,32,34,33.0
189,32,34,33.0
189,32,34,33.0
189,32,34,33.0
189,32,34,33.0
189,32,34,33.0
189,32,34,33.0
189,32,34,33.0
189,32,34,33.0
189,32,34,33.0
190,32,34,33.0
190,32,34,33.0
190,32,34,33.0
190,32,34,33.0
190,32,34,33.0
192,32,34,33.0
192,32,34,33.0
192,32,34,33.0
192,32,34,33.0
193,32,34,33.0
193,32,34,33.0
193,32,34,33.0
193,32,34,33.0
193,32,34,33.0
193,32,34,33.0
193,32,34,33.0
193,32,34,33.0
193,32,34,33.0
193,32,34,33.0
193,32,34,33.0
193,32,34,33.0
193,32,34,33.0
193,32,34,33.0
193,32,34,33.0
193,32,34,33.0
193,32,34,33.0
193,32,34,33.0
193,32,34,33.0
193,32,34,33.0
193,32,34,33.0
193,32,34,33.0
193,32,34,33.0
193,31,34,32.5
193,31,34,32.5
193,31,34,32.5
193,31,34,32.5
193,31,34,32.5
193,31,34,32.5
193,31,34,32.5
193,31,34,32.5
193,31,34,32.5
193,29,34,31.5
193,29,34,31.5
193,29,34,31.5
193,29,34,31.5
193,29,34,31.5
193,29,34,31.5
193,29,34,31.5
193,29,34,31.5
193,29,34,31.5
193,29,34,31.5
193,29,34,31.5
193,29,34,31.5
193,29,34,31.5
193,29,34,31.5
193,29,34,31.5
193,29,34,31.5
193,29,34,31.5
193,29,34,31.5
193,29,34,31.5
193,29,34,31.5
193,29,34,31.5
193,29,34,31.5
193,29,34,31.5
193,29,34,31.5
193,29,34,31.5
193,29,34,31.5
193,30,34,32.0
193,30,34,32.0
193,30,34,32.0
193,30,34,32.0
193,30,34,32.0
193,30,34,32.0
193,30,34,32.0
193,30,34,32.0
193,30,34,32.0
193,30,34,32.0
193,30,34,32.0
193,30,35,32.5
193,30,35,32.5
193,30,35,32.5
193,30,37,33.5
193,30,37,33.5
193,30,37,33.5
193,30,37,33.5
193,30,37,33.5
193,30,36,33.0
193,30,36,33.0
193,30,36,33.0
193,30,36,33.0
193,30,36,33.0
193,30,36,33.0
193,30,36,33.0
193,30,36,33.0
193,30,36,33.0
193,30,36,33.0
193,30,36,33.0
193,30,36,33.0
193,30,36,33.0
193,30,36,33.0
193,30,36,33.0
193,30,36,33.0
193,30,36,33.0
193,30,36,33.0
193,30,36,33.0
193,30,36,33.0
193,30,36,33.0
193,30,36,33.0
193,30,36,33.0
193,30,36,33.0
193,30,36,33.0
194,30,36,33.0
194,30,36,33.0
194,30,36,33.0
194,30,36,33.0
194,30,36,33.0
194,30,36,33.0
194,30,36,33.0
194,30,36,33.0
194,30,36,33.0
194,30,36,33.0
194,30,36,33.0
194,30,36,33.0
194,30,36,33.0
194,30,36,33.0
194,30,36,33.0
194,30,36,33.0
194,30,36,33.0
194,30,36,33.0
194,30,36,33.0
194,30,36,33.0
194,30,36,33.0
194,30,36,33.0
194,30,36,33.0
194,30,36,33.0
194,30,36,33.0
194,30,36,33.0
194,30,36,33.0
194,30,36,33.0
194,30,36,33.0
194,30,36,33.0
194,30,36,33.0
194,30,36,33.0
194,30,36,33.0
194,30,36,33.0
194,30,36,33.0
195,30,36,33.0
195,30,36,33.0
195,30,36,33.0
195,30,36,33.0
195,30,36,33.0
195,30,36,33.0
195,30,36,33.0
195,30,36,33.0
195,30,36,33.0
195,30,36,33.0
195,30,36,33.0
195,30,36,33.0
195,30,36,33.0
197,30,36,33.0
197,30,36,33.0
197,30,36,33.0
197,30,36,33.0
197,29,36,32.5
197,29,36,32.5
197,29,36,32.5
197,29,36,32.5
197,29,36,32.5
197,29,36,32.5
197,29,36,32.5
197,29,36,32.5
197,29,36,32.5
197,29,36,32.5
197,29,36,32.5
197,30,36,33.0
197,30,36,33.0
197,30,36,33.0
198,31,36,33.5
198,31,36,33.5
198,31,36,33.5
198,31,36,33.5
198,31,36,33.5
198,31,36,33.5
198,31,36,33.5
198,31,36,33.5
201,31,36,33.5
201,31,36,33.5
201,32,36,34.0
201,32,36,34.0
201,32,36,34.0
201,32,36,34.0
201,32,36,34.0
201,32,36,34.0
201,32,36,34.0
201,32,36,34.0
201,32,36,34.0
201,32,36,34.0
201,32,36,34.0
201,32,36,34.0
201,32,36,34.0
201,33,36,34.5
201,33,36,34.5
201,33,36,34.5
201,33,36,34.5
201,33,36,34.5
201,33,36,34.5
201,33,36,34.5
201,33,36,34.5
201,33,36,34.5
201,33,36,34.5
201,33,36,34.5
201,33,36,34.5
201,33,36,34.5
201,33,36,34.5
201,33,36,34.5
201,33,36,34.5
201,33,36,34.5
201,33,36,34.5
201,33,36,34.5
201,33,36,34.5
201,33,36,34.5
201,33,36,34.5
201,33,36,34.5
201,33,36,34.5
201,33,36,34.5
201,33,36,34.5
201,33,36,34.5
201,33,36,34.5
201,33,36,34.5
201,33,36,34.5
201,33,36,34.5
201,33,36,34.5
201,33,36,34.5
201,33,36,34.5
201,33,36,34.5
201,33,36,34.5
201,33,36,34.5
202,34,36,35.0
202,34,36,35.0
202,34,36,35.0
202,34,36,35.0
202,34,36,35.0
202,34,36,35.0
202,34,36,35.0
202,34,36,35.0
202,34,36,35.0
202,34,36,35.0
202,34,36,35.0
202,34,36,35.0
202,34,36,35.0
202,34,36,35.0
202,34,36,35.0
202,34,36,35.0
202,34,36,35.0
202,34,36,35.0
202,34,36,35.0
202,34,36,35.0
202,35,36,35.5
202,35,36,35.5
202,35,36,35.5
202,35,36,35.5
202,35,36,35.5
202,35,36,35.5
202,35,36,35.5
202,35,36,35.5
202,35,36,35.5
202,35,36,35.5
202,35,36,35.5
202,35,36,35.5
202,35,36,35.5
202,35,36,35.5
202,35,36,35.5
202,35,36,35.5
202,35,36,35.5
202,35,36,35.5
202,35,36,35.5
202,35,36,35.5
203,35,36,35.5
203,35,36,35.5
203,35,36,35.5
203,35,36,35.5
204,35,36,35.5
204,35,36,35.5
205,35,36,35.5
205,35,36,35.5
205,35,36,35.5
205,35,36,35.5
205,35,36,35.5
205,35,36,35.5
205,35,36,35.5
205,35,36,35.5
205,35,36,35.5
205,35,36,35.5
205,35,36,35.5
205,35,36,35.5
205,35,36,35.5
205,35,36,35.5
205,35,36,35.5
205,35,36,35.5
205,35,36,35.5
205,35,36,35.5
205,35,36,35.5
205,35,36,35.5
205,35,36,35.5
206,35,36,35.5
206,35,36,35.5
206,35,36,35.5
206,35,36,35.5
206,35,36,35.5
207,35,36,35.5
207,35,36,35.5
207,35,36,35.5
208,35,36,35.5
208,35,36,35.5
208,35,36,35.5
208,35,36,35.5
208,35,36,35.5
208,35,36,35.5
208,35,36,35.5
208,35,36,35.5
208,35,36,35.5
208,35,36,35.5
208,35,36,35.5
208,35,36,35.5
208,35,36,35.5
208,35,36,35.5
209,35,36,35.5
209,35,36,35.5
209,35,36,35.5
209,35,36,35.5
209,35,36,35.5
209,35,36,35.5
209,35,36,35.5
209,35,36,35.5
209,35,36,35.5
209,35,36,35.5
210,35,36,35.5
210,35,36,35.5
210,35,36,35.5
210,35,36,35.5
210,35,36,35.5
210,35,36,35.5
210,35,36,35.5
210,35,36,35.5
210,35,36,35.5
210,35,36,35.5
210,35,36,35.5
210,35,36,35.5
211,35,36,35.5
211,35,36,35.5
211,35,36,35.5
211,35,36,35.5
211,35,36,35.5
211,35,36,35.5
211,35,36,35.5
212,35,36,35.5
218,35,36,35.5
218,35,36,35.5
218,35,36,35.5
218,35,36,35.5
219,35,36,35.5
219,35,36,35.5
219,35,36,35.5
219,35,36,35.5
219,35,36,35.5
219,35,36,35.5
219,35,36,35.5
219,35,36,35.5
219,35,36,35.5
220,35,36,35.5
222,35,36,35.5
222,35,36,35.5
222,35,36,35.5
222,35,36,35.5
222,35,36,35.5
222,35,36,35.5
222,34,36,35.0
222,34,36,35.0
222,34,36,35.0
222,34,36,35.0
222,34,36,35.0
222,34,36,35.0
222,34,36,35.0
222,34,36,35.0
222,34,36,35.0
222,34,36,35.0
222,34,36,35.0
222,34,36,35.0
222,34,36,35.0
222,34,36,35.0
222,34,36,35.0
222,34,36,35.0
222,34,36,35.0
222,34,36,35.0
222,34,36,35.0
222,34,36,35.0
222,34,36,35.0
222,34,36,35.0
222,34,36,35.0
222,34,36,35.0
222,34,36,35.0
222,34,36,35.0
222,34,36,35.0
222,34,36,35.0
222,34,36,35.0
222,34,36,35.0
222,34,36,35.0
222,34,36,35.0
222,34,36,35.0
222,34,36,35.0
222,34,36,35.0
222,34,36,35.0
222,34,36,35.0
222,34,36,35.0
222,34,36,35.0
222,34,36,35.0
222,34,36,35.0
222,32,36,34.0
222,33,36,34.5
222,33,36,34.5
222,33,36,34.5
222,33,36,34.5
222,33,36,34.5
222,33,36,34.5
222,33,36,34.5
222,33,36,34.5
222,33,36,34.5
222,33,36,34.5
222,33,36,34.5
222,33,36,34.5
222,33,36,34.5
222,30,36,33.0
222,30,36,33.0
222,30,36,33.0
222,30,36,33.0
222,30,36,33.0
222,30,36,33.0
222,30,36,33.0
222,30,36,33.0
222,30,36,33.0
222,30,36,33.0
222,30,36,33.0
222,30,36,33.0
222,30,36,33.0
222,30,36,33.0
222,30,36,33.0
222,30,36,33.0
222,30,36,33.0
222,30,36,33.0
222,30,36,33.0
222,30,36,33.0
222,30,36,33.0
222,30,36,33.0
222,30,36,33.0
222,30,36,33.0
222,30,36,33.0
222,30,36,33.0
222,30,36,33.0
222,30,36,33.0
222,30,36,33.0
222,30,36,33.0
222,30,36,33.0
222,30,36,33.0
222,30,36,33.0
222,30,36,33.0
222,30,36,33.0
222,30,36,33.0
222,30,36,33.0
222,30,36,33.0
222,30,36,33.0
222,30,36,33.0
222,30,36,33.0
222,30,36,33.0
222,30,36,33.0
222,30,36,33.0
222,30,36,33.0
222,30,36,33.0
222,30,36,33.0
222,30,36,33.0
222,30,36,33.0
222,30,36,33.0
222,30,36,33.0
222,30,36,33.0
222,30,36,33.0
222,30,36,33.0
222,30,36,33.0
222,30,36,33.0
222,30,36,33.0
222,30,36,33.0
222,30,36,33.0
222,30,36,33.0
222,30,36,33.0
222,30,36,33.0
223,30,36,33.0
223,30,36,33.0
223,31,36,33.5
223,31,36,33.5
223,31,36,33.5
223,31,36,33.5
223,31,36,33.5
223,31,36,33.5
223,31,36,33.5
223,31,36,33.5
223,31,36,33.5
223,31,36,33.5
223,31,36,33.5
223,31,36,33.5
223,31,36,33.5
223,31,36,33.5
223,31,36,33.5
223,31,36,33.5
223,31,36,33.5
223,31,36,33.5
223,31,36,33.5
223,31,36,33.5
223,31,36,33.5
223,31,36,33.5
223,31,36,33.5
223,31,36,33.5
223,31,36,33.5
223,31,36,33.5
223,31,36,33.5
223,31,36,33.5
223,31,36,33.5
223,31,36,33.5
223,31,36,33.5
223,31,36,33.5
223,31,36,33.5
224,31,36,33.5
224,31,36,33.5
224,31,36,33.5
224,31,36,33.5
224,31,36,33.5
224,31,36,33.5
224,31,36,33.5
224,31,36,33.5
224,31,36,33.5
224,31,36,33.5
224,31,36,33.5
224,31,36,33.5
225,30,36,33.0
225,30,36,33.0
225,30,36,33.0
225,30,36,33.0
225,30,36,33.0
225,30,36,33.0
225,30,36,33.0
225,30,36,33.0
225,30,36,33.0
225,30,36,33.0
225,30,36,33.0
225,30,36,33.0
225,30,36,33.0
225,30,36,33.0
225,30,36,33.0
225,30,36,33.0
225,30,36,33.0
225,30,36,33.0
225,30,36,33.0
225,30,36,33.0
225,30,36,33.0
226,30,36,33.0
226,30,36,33.0
226,30,36,33.0
226,30,36,33.0
226,30,36,33.0
227,30,36,33.0
227,30,36,33.0
227,30,36,33.0
227,31,36,33.5
227,31,36,33.5
227,31,36,33.5
227,31,36,33.5
227,31,36,33.5
228,31,36,33.5
228,31,36,33.5
228,31,35,33.0
228,31,35,33.0
228,31,35,33.0
228,31,35,33.0
228,31,35,33.0
228,31,35,33.0
228,31,35,33.0
228,31,35,33.0
228,31,35,33.0
228,31,35,33.0
228,31,35,33.0
228,31,35,33.0
228,31,35,33.0
228,31,35,33.0
228,31,35,33.0
229,31,35,33.0
229,31,35,33.0
229,31,35,33.0
229,31,35,33.0
229,31,35,33.0
229,31,35,33.0
229,31,35,33.0
229,31,35,33.0
229,31,35,33.0
229,31,35,33.0
229,32,35,33.5
229,32,35,33.5
229,32,35,33.5
229,32,35,33.5
229,32,35,33.5
229,32,35,33.5
229,32,35,33.5
229,32,35,33.5
229,32,35,33.5
229,32,35,33.5
229,32,35,33.5
229,32,35,33.5
229,32,35,33.5
229,32,35,33.5
230,32,35,33.5
230,32,35,33.5
230,32,35,33.5
230,32,35,33.5
230,32,35,33.5
230,32,35,33.5
230,32,35,33.5
230,32,35,33.5
230,32,35,33.5
230,32,35,33.5
230,32,35,33.5
230,32,35,33.5
230,32,35,33.5
230,32,35,33.5
230,32,35,33.5
230,32,35,33.5
230,33,35,34.0
230,33,35,34.0
230,33,35,34.0
230,33,35,34.0
230,33,35,34.0
230,33,35,34.0
230,33,35,34.0
230,33,35,34.0
230,33,35,34.0
230,33,35,34.0
230,33,35,34.0
230,33,35,34.0
230,33,35,34.0
230,33,35,34.0
230,33,35,34.0
230,33,35,34.0
230,33,35,34.0
230,33,35,34.0
230,33,35,34.0
230,33,35,34.0
230,33,35,34.0
230,33,35,34.0
230,33,35,34.0
230,33,35,34.0
230,33,35,34.0
230,33,35,34.0
230,33,35,34.0
230,33,35,34.0
230,33,35,34.0
230,33,35,34.0
230,33,35,34.0
230,33,35,34.0
230,33,35,34.0
230,33,35,34.0
230,33,35,34.0
230,33,35,34.0
230,33,35,34.0
230,33,35,34.0
230,33,35,34.0
230,33,35,34.0
230,33,35,34.0
230,33,35,34.0
230,33,35,34.0
230,32,35,33.5
230,32,35,33.5
230,32,35,33.5
230,32,36,34.0
230,32,36,34.0
230,32,36,34.0
230,32,36,34.0
230,32,36,34.0
231,32,36,34.0
231,32,36,34.0
231,32,36,34.0
231,32,36,34.0
231,32,36,34.0
231,32,36,34.0
231,32,36,34.0
231,32,36,34.0
231,32,36,34.0
231,32,36,34.0
231,32,36,34.0
231,32,36,34.0
231,32,36,34.0
231,32,36,34.0
231,32,36,34.0
231,32,36,34.0
231,32,36,34.0
231,32,36,34.0
231,32,36,34.0
231,32,36,34.0
231,32,36,34.0
231,32,36,34.0
231,32,36,34.0
231,32,36,34.0
231,32,36,34.0
231,32,36,34.0
231,32,36,34.0
231,32,36,34.0
231,32,36,34.0
231,32,36,34.0
231,32,36,34.0
231,32,36,34.0
231,32,36,34.0
231,32,36,34.0
231,32,36,34.0
231,32,36,34.0
231,32,36,34.0
231,32,36,34.0
231,32,36,34.0
231,32,36,34.0
231,32,36,34.0
231,32,36,34.0
231,32,36,34.0
231,32,36,34.0
232,32,36,34.0
232,32,36,34.0
232,32,36,34.0
232,31,36,33.5
232,31,36,33.5
232,31,36,33.5
232,31,36,33.5
232,31,36,33.5
232,31,36,33.5
232,31,36,33.5
232,31,36,33.5
232,31,36,33.5
232,31,36,33.5
232,31,36,33.5
232,31,36,33.5
233,31,36,33.5
233,31,36,33.5
233,31,36,33.5
233,31,36,33.5
233,31,36,33.5
234,32,36,34.0
234,32,36,34.0
234,32,36,34.0
234,32,36,34.0
234,32,36,34.0
234,32,36,34.0
234,32,36,34.0
234,32,36,34.0
234,32,36,34.0
234,32,36,34.0
235,32,36,34.0
235,32,36,34.0
235,32,36,34.0
235,32,36,34.0
235,32,36,34.0
236,32,36,34.0
236,32,36,34.0
236,32,36,34.0
236,32,36,34.0
236,32,36,34.0
236,32,36,34.0
236,32,36,34.0
236,31,36,33.5
236,31,36,33.5
236,31,36,33.5
236,31,36,33.5
236,31,36,33.5
236,31,36,33.5
236,31,36,33.5
236,32,36,34.0
236,32,36,34.0
236,32,36,34.0
236,31,36,33.5
237,31,36,33.5
237,31,36,33.5
237,31,36,33.5
237,32,36,34.0
237,32,36,34.0
237,32,36,34.0
237,34,36,35.0
237,34,36,35.0
237,34,36,35.0
237,34,36,35.0
237,34,36,35.0
237,34,36,35.0
237,34,36,35.0
237,34,36,35.0
237,34,36,35.0
237,34,36,35.0
237,34,36,35.0
237,34,36,35.0
237,34,36,35.0
237,34,36,35.0
237,34,36,35.0
237,34,36,35.0
237,34,36,35.0
237,34,36,35.0
237,34,36,35.0
237,34,36,35.0
237,34,36,35.0
237,34,36,35.0
237,34,36,35.0
237,34,36,35.0
237,34,36,35.0
237,34,36,35.0
237,34,36,35.0
237,34,36,35.0
237,34,36,35.0
237,34,36,35.0
237,34,36,35.0
237,34,36,35.0
237,34,36,35.0
239,34,36,35.0
239,34,36,35.0
239,34,36,35.0
239,34,36,35.0
239,34,36,35.0
239,34,36,35.0
239,34,36,35.0
239,34,36,35.0
239,34,36,35.0
239,34,36,35.0
239,34,36,35.0
239,34,36,35.0
239,34,36,35.0
239,34,36,35.0
239,34,36,35.0
239,34,36,35.0
239,34,36,35.0
239,34,36,35.0
239,34,36,35.0
239,34,36,35.0
239,34,36,35.0
239,34,36,35.0
239,34,36,35.0
239,34,36,35.0
239,34,36,35.0
239,34,36,35.0
239,34,36,35.0
239,34,36,35.0
239,34,36,35.0
239,34,36,35.0
239,34,36,35.0
239,34,36,35.0
239,34,36,35.0
239,34,36,35.0
239,34,36,35.0
239,34,36,35.0
239,34,36,35.0
239,34,36,35.0
239,34,36,35.0
239,34,36,35.0
239,34,36,35.0
239,35,36,35.5
239,35,36,35.5
239,35,36,35.5
239,35,36,35.5
239,35,36,35.5
239,35,36,35.5
239,35,36,35.5
239,35,36,35.5
239,35,36,35.5
239,35,36,35.5
239,35,36,35.5
239,35,36,35.5
239,35,36,35.5
239,35,36,35.5
239,35,36,35.5
239,35,36,35.5
239,35,36,35.5
239,35,37,36.0
239,35,37,36.0
239,35,37,36.0
239,35,37,36.0
239,35,37,36.0
239,36,37,36.5
239,36,37,36.5
239,36,37,36.5
239,36,37,36.5
239,36,37,36.5
239,36,37,36.5
239,36,37,36.5
239,36,37,36.5
239,36,37,36.5
239,36,37,36.5
239,36,37,36.5
239,36,37,36.5
239,36,37,36.5
239,36,37,36.5
239,36,37,36.5
239,36,37,36.5
239,36,37,36.5
239,36,37,36.5
239,36,37,36.5
239,36,37,36.5
239,36,37,36.5
239,36,37,36.5
239,36,37,36.5
239,36,37,36.5
239,36,37,36.5
239,36,37,36.5
239,36,37,36.5
239,36,37,36.5
239,36,37,36.5
239,36,37,36.5
239,36,37,36.5
239,36,37,36.5
239,36,37,36.5
239,36,37,36.5
239,36,37,36.5
239,36,37,36.5
239,36,37,36.5
239,36,37,36.5
239,36,37,36.5
239,36,37,36.5
239,36,37,36.5
239,36,37,36.5
239,36,37,36.5
239,36,37,36.5
239,36,38,37.0
239,36,38,37.0
239,36,38,37.0
239,36,38,37.0
239,36,38,37.0
239,36,38,37.0
239,36,38,37.0
239,36,38,37.0
239,36,38,37.0
240,36,38,37.0
240,37,38,37.5
240,37,38,37.5
240,37,38,37.5
240,37,38,37.5
240,37,38,37.5
240,37,38,37.5
240,37,38,37.5
240,37,38,37.5
240,37,38,37.5
240,37,38,37.5
240,37,38,37.5
240,37,38,37.5
240,37,38,37.5
240,37,38,37.5
240,37,38,37.5
240,37,38,37.5
240,37,38,37.5
240,37,38,37.5
240,37,38,37.5
240,37,38,37.5
240,37,38,37.5
241,37,38,37.5
241,37,38,37.5
241,37,38,37.5
241,37,38,37.5
241,37,38,37.5
241,37,38,37.5
242,37,38,37.5
242,37,38,37.5
242,37,38,37.5
242,37,38,37.5
242,37,38,37.5
242,37,38,37.5
242,37,38,37.5
242,37,38,37.5
243,37,38,37.5
243,37,38,37.5
243,37,38,37.5
243,37,38,37.5
243,37,38,37.5
243,37,38,37.5
243,37,38,37.5
243,37,38,37.5
243,37,38,37.5
243,37,38,37.5
243,37,38,37.5
243,37,38,37.5
243,37,38,37.5
243,37,38,37.5
244,37,38,37.5
244,37,38,37.5
244,37,38,37.5
244,37,38,37.5
244,37,38,37.5
244,37,38,37.5
244,37,38,37.5
244,37,38,37.5
244,37,38,37.5
244,37,38,37.5
244,37,38,37.5
244,37,38,37.5
245,37,38,37.5
245,37,38,37.5
245,37,38,37.5
245,37,38,37.5
245,37,38,37.5
245,37,38,37.5
245,37,38,37.5
245,37,38,37.5
245,37,38,37.5
245,37,38,37.5
245,37,38,37.5
245,37,38,37.5
245,37,38,37.5
245,37,38,37.5
245,37,38,37.5
245,37,38,37.5
245,37,38,37.5
245,37,38,37.5
245,37,38,37.5
245,37,38,37.5
245,37,38,37.5
246,37,38,37.5
246,37,38,37.5
246,37,38,37.5
246,37,38,37.5
246,37,38,37.5
246,37,38,37.5
246,37,38,37.5
246,37,38,37.5
246,37,38,37.5
246,37,38,37.5
246,37,38,37.5
246,37,39,38.0
246,37,39,38.0
246,37,39,38.0
246,37,39,38.0
246,37,39,38.0
246,37,39,38.0
246,37,39,38.0
246,37,39,38.0
246,37,39,38.0
246,37,39,38.0
246,37,39,38.0
246,37,39,38.0
246,37,39,38.0
247,37,39,38.0
247,37,39,38.0
249,37,39,38.0
249,37,39,38.0
249,37,39,38.0
249,37,39,38.0
249,37,39,38.0
249,37,39,38.0
249,37,39,38.0
249,37,39,38.0
252,37,39,38.0
252,37,39,38.0
252,37,39,38.0
252,37,39,38.0
252,37,39,38.0
252,37,39,38.0
252,37,39,38.0
252,37,39,38.0
252,37,39,38.0
252,37,39,38.0
252,37,39,38.0
252,37,39,38.0
252,37,39,38.0
252,37,39,38.0
252,37,39,38.0
253,37,39,38.0
253,37,39,38.0
253,37,39,38.0
253,37,39,38.0
253,37,39,38.0
253,37,39,38.0
253,37,39,38.0
253,37,39,38.0
253,37,39,38.0
253,37,38,37.5
253,37,38,37.5
253,37,38,37.5
253,37,38,37.5
253,37,38,37.5
253,37,38,37.5
253,37,38,37.5
253,37,38,37.5
253,37,38,37.5
253,37,38,37.5
253,37,38,37.5
253,37,38,37.5
253,37,38,37.5
254,37,38,37.5
254,37,38,37.5
254,37,38,37.5
254,37,38,37.5
254,37,38,37.5
255,37,38,37.5
255,37,38,37.5
255,37,38,37.5
255,37,38,37.5
255,37,38,37.5
256,37,38,37.5
256,37,38,37.5
256,37,38,37.5
256,37,38,37.5
257,37,38,37.5
257,37,38,37.5
257,37,38,37.5
259,37,38,37.5
259,37,38,37.5
259,37,38,37.5
259,37,38,37.5
259,37,38,37.5
259,37,38,37.5
259,37,38,37.5
259,37,38,37.5
259,37,38,37.5
259,37,38,37.5
259,37,38,37.5
260,37,38,37.5
260,37,38,37.5
260,37,38,37.5
260,37,38,37.5
260,37,38,37.5
260,37,38,37.5
260,37,38,37.5
260,37,38,37.5
261,37,38,37.5
261,37,38,37.5
261,37,38,37.5
261,37,38,37.5
262,37,38,37.5
262,37,38,37.5
262,37,38,37.5
262,37,38,37.5
262,37,38,37.5
262,37,38,37.5
262,37,38,37.5
263,37,38,37.5
263,37,38,37.5
263,37,38,37.5
263,37,38,37.5
263,37,38,37.5
263,37,38,37.5
263,37,38,37.5
263,37,38,37.5
263,37,38,37.5
263,37,38,37.5
263,37,38,37.5
263,37,38,37.5
263,37,38,37.5
263,37,38,37.5
263,37,38,37.5
263,37,38,37.5
266,37,38,37.5
266,37,38,37.5
266,37,38,37.5
266,37,38,37.5
266,37,38,37.5
266,37,38,37.5
266,37,38,37.5
266,37,38,37.5
266,37,38,37.5
266,37,38,37.5
269,37,38,37.5
269,37,38,37.5
269,37,38,37.5
269,37,38,37.5
269,37,38,37.5
270,37,38,37.5
271,37,38,37.5
271,37,38,37.5
272,37,38,37.5
273,37,38,37.5
273,37,38,37.5
273,37,38,37.5
273,37,38,37.5
273,37,38,37.5
273,37,38,37.5
273,37,38,37.5
273,37,38,37.5
273,37,38,37.5
273,37,38,37.5
273,37,38,37.5
274,37,38,37.5
275,37,38,37.5
276,37,38,37.5
276,37,38,37.5
276,37,38,37.5
276,37,38,37.5
276,37,38,37.5
277,37,38,37.5
277,37,38,37.5
277,37,38,37.5
278,37,38,37.5
278,37,38,37.5
278,37,38,37.5
278,37,38,37.5
278,37,38,37.5
278,37,38,37.5
278,37,38,37.5
278,37,38,37.5
278,37,38,37.5
278,37,38,37.5
278,37,38,37.5
278,37,38,37.5
279,37,38,37.5
279,37,38,37.5
279,37,38,37.5
279,37,38,37.5
279,37,38,37.5
279,37,38,37.5
279,37,38,37.5
279,37,38,37.5
279,37,38,37.5
279,37,38,37.5
279,37,38,37.5
279,37,38,37.5
280,37,38,37.5
280,37,38,37.5
280,37,38,37.5
281,37,38,37.5
281,37,38,37.5
281,37,38,37.5
282,37,38,37.5
282,37,38,37.5
283,37,38,37.5
283,37,38,37.5
283,37,38,37.5
283,37,38,37.5
283,37,38,37.5
283,37,38,37.5
283,37,38,37.5
283,37,38,37.5
285,37,38,37.5
285,37,38,37.5
285,37,38,37.5
285,37,38,37.5
286,37,38,37.5
286,37,38,37.5
286,37,38,37.5
286,37,38,37.5
286,37,38,37.5
286,37,38,37.5
286,37,39,38.0
286,37,39,38.0
286,37,39,38.0
286,37,39,38.0
286,37,39,38.0
286,37,39,38.0
286,37,39,38.0
286,37,39,38.0
286,37,39,38.0
286,37,39,38.0
286,37,39,38.0
286,37,39,38.0
286,37,39,38.0
287,37,39,38.0
287,37,39,38.0
287,37,39,38.0
287,37,39,38.0
287,37,39,38.0
287,37,39,38.0
288,37,39,38.0
289,37,39,38.0
289,37,39,38.0
290,37,39,38.0
290,37,39,38.0
290,37,39,38.0
290,37,39,38.0
290,37,39,38.0
290,37,39,38.0
291,37,39,38.0
291,37,39,38.0
291,37,39,38.0
291,37,39,38.0
291,37,39,38.0
291,37,39,38.0
291,37,39,38.0
291,37,39,38.0
291,37,39,38.0
291,37,39,38.0
291,37,39,38.0
291,37,39,38.0
291,37,39,38.0
291,37,39,38.0
291,37,39,38.0
291,37,39,38.0
291,37,39,38.0
291,37,39,38.0
291,37,39,38.0
291,37,39,38.0
291,37,39,38.0
291,37,39,38.0
291,37,39,38.0
291,37,39,38.0
291,37,39,38.0
291,37,39,38.0
291,37,39,38.0
291,37,39,38.0
291,37,39,38.0
291,37,40,38.5
291,37,40,38.5
291,37,40,38.5
291,37,40,38.5
291,37,40,38.5
291,37,40,38.5
291,37,40,38.5
291,37,40,38.5
291,37,40,38.5
291,37,40,38.5
291,37,40,38.5
291,37,40,38.5
291,37,40,38.5
291,37,40,38.5
291,37,40,38.5
291,37,40,38.5
291,37,40,38.5
291,37,40,38.5
291,37,40,38.5
291,37,40,38.5
291,37,40,38.5
291,37,40,38.5
291,37,40,38.5
291,37,40,38.5
291,37,40,38.5
291,37,40,38.5
291,37,41,39.0
291,37,41,39.0
291,37,41,39.0
291,37,41,39.0
291,37,41,39.0
291,37,41,39.0
291,37,41,39.0
291,37,41,39.0
291,37,41,39.0
291,37,41,39.0
291,37,41,39.0
291,37,41,39.0
291,37,41,39.0
291,37,41,39.0
291,37,41,39.0
291,37,41,39.0
291,37,41,39.0
291,37,41,39.0
291,37,41,39.0
291,37,41,39.0
291,37,41,39.0
291,37,41,39.0
291,37,41,39.0
291,37,41,39.0
291,37,41,39.0
292,37,41,39.0
292,37,41,39.0
292,37,41,39.0
292,37,41,39.0
292,37,41,39.0
292,37,41,39.0
292,37,41,39.0
292,37,41,39.0
292,37,41,39.0
292,37,41,39.0
292,37,41,39.0
292,37,41,39.0
292,37,41,39.0
292,37,41,39.0
292,37,41,39.0
292,37,41,39.0
292,37,41,39.0
292,37,41,39.0
292,37,41,39.0
292,37,41,39.0
292,37,41,39.0
292,37,41,39.0
292,37,41,39.0
292,37,41,39.0
292,37,41,39.0
292,37,41,39.0
292,37,41,39.0
292,37,41,39.0
292,37,41,39.0
292,37,41,39.0
292,37,41,39.0
292,37,41,39.0
292,37,41,39.0
292,37,41,39.0
292,37,41,39.0
292,37,41,39.0
292,37,41,39.0
292,37,41,39.0
292,37,41,39.0
292,37,41,39.0
292,37,41,39.0
292,37,41,39.0
292,37,41,39.0
292,37,41,39.0
292,37,41,39.0
292,37,41,39.0
292,37,41,39.0
292,37,41,39.0
292,37,41,39.0
292,37,41,39.0
292,37,41,39.0
292,37,41,39.0
292,37,41,39.0
292,37,41,39.0
292,37,41,39.0
292,37,41,39.0
292,37,41,39.0
292,37,41,39.0
292,37,41,39.0
292,37,41,39.0
292,37,41,39.0
292,37,41,39.0
292,37,41,39.0
292,37,41,39.0
292,37,41,39.0
293,37,41,39.0
293,37,41,39.0
293,37,41,39.0
293,37,41,39.0
293,37,41,39.0
293,37,41,39.0
293,37,41,39.0
293,37,41,39.0
293,37,41,39.0
293,37,41,39.0
293,37,41,39.0
293,37,41,39.0
293,37,41,39.0
293,37,41,39.0
293,37,41,39.0
293,37,41,39.0
294,37,41,39.0
294,37,41,39.0
294,37,41,39.0
294,37,41,39.0
294,37,41,39.0
294,37,43,40.0
294,37,42,39.5
294,37,42,39.5
294,37,42,39.5
294,37,42,39.5
294,37,42,39.5
294,37,42,39.5
294,37,42,39.5
294,37,42,39.5
294,37,42,39.5
294,37,42,39.5
294,37,42,39.5
294,37,42,39.5
295,37,42,39.5
295,37,42,39.5
295,37,42,39.5
296,37,42,39.5
296,37,42,39.5
297,37,42,39.5
298,37,42,39.5
298,37,42,39.5
298,37,42,39.5
298,37,42,39.5
299,37,42,39.5
299,37,42,39.5
299,37,42,39.5
299,37,42,39.5
299,37,42,39.5
299,37,42,39.5
299,37,42,39.5
299,37,42,39.5
299,37,42,39.5
299,37,42,39.5
299,37,42,39.5
299,37,42,39.5
299,37,42,39.5
299,37,42,39.5
299,37,42,39.5
299,37,42,39.5
299,37,42,39.5
299,37,42,39.5
299,37,42,39.5
299,37,42,39.5
299,37,42,39.5
300,37,42,39.5
300,37,42,39.5
300,37,42,39.5
300,37,42,39.5
300,37,42,39.5
300,37,42,39.5
300,37,42,39.5
300,37,42,39.5
301,37,42,39.5
301,37,42,39.5
301,37,42,39.5
301,37,42,39.5
301,37,42,39.5
301,37,41,39.0
301,37,41,39.0
301,37,41,39.0
301,37,41,39.0
301,37,41,39.0
301,37,41,39.0
301,37,41,39.0
301,37,41,39.0
301,37,40,38.5
301,37,40,38.5
301,37,40,38.5
301,37,40,38.5
301,37,40,38.5
301,37,40,38.5
301,37,40,38.5
301,37,40,38.5
301,37,39,38.0
301,37,39,38.0
301,37,39,38.0
301,37,39,38.0
301,37,39,38.0
301,37,39,38.0
301,37,39,38.0
301,37,39,38.0
301,37,39,38.0
301,37,39,38.0
301,37,39,38.0
302,37,39,38.0
302,37,39,38.0
302,37,39,38.0
302,37,39,38.0
302,37,39,38.0
302,37,39,38.0
302,37,39,38.0
302,37,38,37.5
302,37,38,37.5
302,37,38,37.5
302,37,38,37.5
302,37,38,37.5
302,37,38,37.5
302,37,38,37.5
302,37,38,37.5
302,37,38,37.5
302,37,38,37.5
302,37,38,37.5
302,37,38,37.5
302,37,38,37.5
302,37,38,37.5
302,37,38,37.5
302,37,38,37.5
302,37,38,37.5
302,37,38,37.5
302,37,38,37.5
302,37,38,37.5
302,37,38,37.5
302,37,38,37.5
302,37,38,37.5
302,37,38,37.5
302,37,38,37.5
302,37,38,37.5
302,37,38,37.5
302,37,38,37.5
302,37,38,37.5
302,37,38,37.5
302,37,38,37.5
302,37,38,37.5
302,37,38,37.5
302,37,38,37.5
302,37,38,37.5
302,37,38,37.5
302,37,38,37.5
302,37,38,37.5
302,37,38,37.5
302,37,38,37.5
302,37,38,37.5
302,37,38,37.5
302,37,38,37.5
302,37,38,37.5
302,37,38,37.5
302,37,38,37.5
302,37,38,37.5
302,37,38,37.5
302,37,38,37.5
302,37,38,37.5
302,37,38,37.5
302,37,38,37.5
302,37,38,37.5
302,37,38,37.5
302,37,38,37.5
302,37,38,37.5
302,37,38,37.5
302,37,38,37.5
302,37,38,37.5
302,37,38,37.5
302,37,38,37.5
302,37,38,37.5
302,37,38,37.5
302,37,38,37.5
303,37,38,37.5
303,37,38,37.5
303,37,38,37.5
303,37,38,37.5
303,37,38,37.5
303,37,38,37.5
303,37,38,37.5
303,37,38,37.5
303,37,38,37.5
303,37,38,37.5
303,37,38,37.5
303,37,38,37.5
303,37,38,37.5
303,37,38,37.5
303,37,38,37.5
303,37,38,37.5
303,37,38,37.5
303,37,38,37.5
303,37,38,37.5
303,37,38,37.5
303,37,38,37.5
303,37,38,37.5
303,37,38,37.5
303,37,38,37.5
303,37,38,37.5
303,37,38,37.5
303,37,38,37.5
303,37,38,37.5
303,37,38,37.5
303,37,38,37.5
303,37,38,37.5
303,37,38,37.5
303,37,38,37.5
303,37,38,37.5
303,37,38,37.5
303,37,38,37.5
303,37,38,37.5
303,37,38,37.5
303,37,38,37.5
303,37,38,37.5
304,37,38,37.5
304,37,38,37.5
304,37,38,37.5
304,37,38,37.5
304,37,38,37.5
304,37,38,37.5
304,37,38,37.5
304,37,38,37.5
304,37,38,37.5
304,37,38,37.5
304,37,38,37.5
304,37,38,37.5
304,37,38,37.5
304,37,38,37.5
304,37,38,37.5
304,37,38,37.5
304,37,38,37.5
304,37,38,37.5
304,37,38,37.5
304,37,38,37.5
304,37,38,37.5
304,37,38,37.5
304,37,38,37.5
304,37,38,37.5
304,37,38,37.5
304,37,38,37.5
305,37,38,37.5
305,37,38,37.5
305,37,38,37.5
305,37,38,37.5
305,37,38,37.5
305,37,38,37.5
305,37,38,37.5
305,37,38,37.5
305,37,38,37.5
305,37,38,37.5
305,37,38,37.5
305,37,38,37.5
305,37,38,37.5
305,37,38,37.5
305,37,38,37.5
305,37,38,37.5
305,37,38,37.5
305,37,38,37.5
305,37,38,37.5
305,37,38,37.5
305,37,38,37.5
305,37,38,37.5
305,37,38,37.5
305,37,38,37.5
306,37,38,37.5
306,37,38,37.5
306,37,38,37.5
306,37,38,37.5
306,37,38,37.5
306,37,38,37.5
306,37,38,37.5
306,37,38,37.5
306,37,38,37.5
306,37,38,37.5
307,37,38,37.5
307,37,38,37.5
307,37,38,37.5
307,37,38,37.5
307,37,38,37.5
307,37,38,37.5
307,37,38,37.5
307,37,38,37.5
307,37,38,37.5
307,37,38,37.5
308,37,38,37.5
308,37,38,37.5
308,37,38,37.5
308,37,38,37.5
308,37,38,37.5
308,37,38,37.5
308,37,38,37.5
308,37,38,37.5
308,37,38,37.5
308,37,38,37.5
308,37,38,37.5
309,37,38,37.5
309,37,38,37.5
309,37,38,37.5
310,37,38,37.5
310,37,38,37.5
311,37,38,37.5
311,37,38,37.5
311,37,38,37.5
311,37,38,37.5
311,37,38,37.5
311,37,38,37.5
311,37,38,37.5
311,37,38,37.5
311,37,38,37.5
311,37,38,37.5
311,37,38,37.5
311,37,38,37.5
311,37,38,37.5
311,37,38,37.5
311,37,38,37.5
311,37,38,37.5
311,37,38,37.5
313,37,38,37.5
313,37,38,37.5
313,37,38,37.5
315,37,38,37.5
315,37,38,37.5
315,37,38,37.5
315,37,38,37.5
315,37,38,37.5
315,37,38,37.5
315,37,38,37.5
315,37,38,37.5
315,37,38,37.5
316,37,38,37.5
316,37,38,37.5
316,37,38,37.5
317,37,38,37.5
317,37,38,37.5
317,37,38,37.5
317,37,38,37.5
317,37,38,37.5
317,37,38,37.5
317,37,38,37.5
317,37,38,37.5
317,37,38,37.5
317,37,38,37.5
317,37,38,37.5
317,37,38,37.5
317,37,38,37.5
317,37,38,37.5
317,37,38,37.5
317,37,38,37.5
317,37,38,37.5
317,37,38,37.5
317,37,38,37.5
317,37,38,37.5
317,37,38,37.5
317,37,38,37.5
317,37,38,37.5
317,37,38,37.5
317,37,38,37.5
317,37,38,37.5
317,37,38,37.5
317,37,38,37.5
317,37,38,37.5
318,37,38,37.5
318,37,38,37.5
318,37,38,37.5
318,37,38,37.5
318,37,38,37.5
318,37,38,37.5
318,37,38,37.5
318,37,38,37.5
318,37,38,37.5
318,37,38,37.5
318,37,38,37.5
318,37,38,37.5
318,37,38,37.5
318,37,38,37.5
318,37,38,37.5
318,37,38,37.5
318,37,38,37.5
318,37,38,37.5
318,37,38,37.5
318,37,38,37.5
318,37,38,37.5
318,37,38,37.5
318,37,38,37.5
318,37,38,37.5
318,37,38,37.5
318,37,38,37.5
318,37,38,37.5
318,37,38,37.5
318,37,38,37.5
318,37,38,37.5
318,37,38,37.5
318,37,38,37.5
318,37,38,37.5
318,37,39,38.0
318,37,39,38.0
318,37,39,38.0
318,37,38,37.5
318,37,38,37.5
318,37,38,37.5
318,37,38,37.5
318,37,38,37.5
318,37,38,37.5
318,37,38,37.5
318,37,38,37.5
318,37,38,37.5
318,37,38,37.5
318,37,38,37.5
318,37,38,37.5
318,37,38,37.5
318,37,38,37.5
318,37,38,37.5
318,37,38,37.5
318,37,38,37.5
318,37,38,37.5
318,37,38,37.5
318,37,38,37.5
318,37,38,37.5
318,37,38,37.5
318,37,38,37.5
318,37,38,37.5
318,37,38,37.5
318,37,38,37.5
318,37,38,37.5
318,37,38,37.5
318,37,38,37.5
318,37,38,37.5
318,37,38,37.5
318,37,38,37.5
318,37,38,37.5
318,37,38,37.5
318,37,38,37.5
318,37,38,37.5
318,37,38,37.5
319,37,38,37.5
319,37,38,37.5
319,37,38,37.5
319,37,38,37.5
319,37,38,37.5
319,37,38,37.5
319,37,38,37.5
319,37,38,37.5
319,37,38,37.5
319,37,38,37.5
319,37,38,37.5
319,37,38,37.5
319,37,38,37.5
319,37,38,37.5
319,37,38,37.5
319,37,38,37.5
319,37,38,37.5
319,37,38,37.5
319,37,38,37.5
319,37,38,37.5
319,37,38,37.5
319,37,38,37.5
319,37,38,37.5
319,37,38,37.5
319,37,38,37.5
319,37,38,37.5
319,37,38,37.5
320,37,38,37.5
320,37,38,37.5
320,37,38,37.5
320,37,38,37.5
320,37,38,37.5
321,37,38,37.5
321,37,38,37.5
321,37,38,37.5
321,37,38,37.5
321,37,38,37.5
321,37,38,37.5
321,37,38,37.5
321,37,38,37.5
321,37,38,37.5
321,37,38,37.5
322,37,38,37.5
322,37,38,37.5
322,37,38,37.5
322,37,38,37.5
322,37,38,37.5
322,37,38,37.5
322,37,38,37.5
322,37,38,37.5
322,37,38,37.5
322,37,38,37.5
322,37,38,37.5
322,37,38,37.5
322,37,38,37.5
322,37,38,37.5
322,37,38,37.5
322,37,38,37.5
322,37,38,37.5
322,37,38,37.5
323,37,38,37.5
323,37,38,37.5
323,37,38,37.5
323,37,38,37.5
323,37,38,37.5
323,37,38,37.5
323,37,38,37.5
323,37,38,37.5
324,37,38,37.5
324,37,38,37.5
324,37,38,37.5
324,37,38,37.5
324,37,38,37.5
324,37,38,37.5
324,37,38,37.5
324,37,38,37.5
324,37,38,37.5
324,37,38,37.5
324,37,38,37.5
324,37,38,37.5
324,37,38,37.5
324,37,38,37.5
324,37,38,37.5
324,37,38,37.5
324,37,38,37.5
324,37,38,37.5
324,37,38,37.5
324,37,38,37.5
324,37,38,37.5
324,37,38,37.5
324,37,38,37.5
325,37,38,37.5
325,37,38,37.5
325,37,38,37.5
325,37,38,37.5
325,37,38,37.5
325,37,38,37.5
325,37,38,37.5
325,37,38,37.5
325,37,38,37.5
325,37,38,37.5
325,37,38,37.5
325,37,38,37.5
325,36,38,37.0
325,36,37,36.5
325,36,37,36.5
325,36,37,36.5
325,36,37,36.5
325,36,37,36.5
325,36,37,36.5
325,36,37,36.5
325,36,37,36.5
325,36,37,36.5
325,36,37,36.5
325,36,37,36.5
325,36,37,36.5
325,36,37,36.5
325,36,37,36.5
325,36,37,36.5
325,36,37,36.5
325,36,37,36.5
325,36,37,36.5
325,36,37,36.5
325,36,37,36.5
325,36,37,36.5
326,36,37,36.5
326,36,37,36.5
326,36,37,36.5
326,36,37,36.5
326,36,37,36.5
326,36,37,36.5
326,36,37,36.5
326,36,37,36.5
326,36,37,36.5
326,36,37,36.5
326,36,37,36.5
326,36,37,36.5
326,36,37,36.5
326,36,37,36.5
326,36,37,36.5
326,36,37,36.5
326,36,37,36.5
326,36,37,36.5
326,36,37,36.5
326,36,37,36.5
326,36,37,36.5
326,36,37,36.5
326,36,37,36.5
326,36,37,36.5
326,36,37,36.5
326,36,37,36.5
326,36,37,36.5
326,36,37,36.5
326,36,37,36.5
326,36,37,36.5
326,36,37,36.5
326,36,37,36.5
326,36,37,36.5
326,36,37,36.5
326,36,37,36.5
326,36,37,36.5
326,36,37,36.5
326,36,37,36.5
326,36,37,36.5
326,36,37,36.5
327,36,37,36.5
327,36,37,36.5
327,36,37,36.5
327,36,37,36.5
327,36,37,36.5
327,36,37,36.5
327,36,37,36.5
327,36,37,36.5
327,36,37,36.5
327,36,37,36.5
327,36,37,36.5
327,36,37,36.5
327,36,37,36.5
327,36,37,36.5
327,36,37,36.5
327,36,37,36.5
327,36,37,36.5
327,36,37,36.5
327,36,37,36.5
327,36,37,36.5
327,36,37,36.5
327,36,37,36.5
327,36,37,36.5
327,36,37,36.5
327,36,37,36.5
327,36,37,36.5
327,36,37,36.5
327,36,37,36.5
327,36,37,36.5
328,36,37,36.5
328,36,37,36.5
328,36,37,36.5
328,36,37,36.5
328,36,37,36.5
328,36,37,36.5
328,36,37,36.5
329,36,37,36.5
329,36,37,36.5
329,36,37,36.5
329,36,37,36.5
329,36,37,36.5
329,36,37,36.5
329,36,37,36.5
329,36,37,36.5
329,36,37,36.5
329,36,37,36.5
329,36,37,36.5
329,36,37,36.5
329,36,37,36.5
329,36,37,36.5
329,36,37,36.5
329,36,37,36.5
329,36,37,36.5
330,36,37,36.5
330,36,37,36.5
330,36,37,36.5
330,36,37,36.5
330,36,37,36.5
330,36,37,36.5
330,36,37,36.5
331,36,37,36.5
332,36,37,36.5
332,36,37,36.5
332,36,37,36.5
332,36,37,36.5
332,36,37,36.5
332,36,37,36.5
332,36,37,36.5
333,36,37,36.5
333,36,37,36.5
333,36,37,36.5
333,36,37,36.5
333,36,37,36.5
333,36,37,36.5
333,36,37,36.5
333,36,37,36.5
333,36,37,36.5
333,36,37,36.5
333,36,37,36.5
333,36,37,36.5
333,36,37,36.5
333,36,37,36.5
333,36,37,36.5
333,36,37,36.5
333,36,37,36.5
333,36,37,36.5
333,36,37,36.5
333,36,37,36.5
333,36,37,36.5
333,36,37,36.5
333,36,37,36.5
333,36,37,36.5
333,36,37,36.5
333,36,37,36.5
333,36,37,36.5
334,36,37,36.5
334,36,37,36.5
334,36,37,36.5
334,36,37,36.5
334,36,37,36.5
334,36,37,36.5
334,36,37,36.5
334,36,37,36.5
335,36,37,36.5
335,36,37,36.5
335,36,37,36.5
335,36,37,36.5
336,36,37,36.5
336,36,37,36.5
336,36,37,36.5
336,36,37,36.5
336,36,37,36.5
336,36,37,36.5
336,36,37,36.5
337,36,37,36.5
340,36,37,36.5
340,36,37,36.5
340,36,37,36.5
340,36,37,36.5
340,36,37,36.5
340,36,37,36.5
340,36,37,36.5
340,36,37,36.5
340,36,37,36.5
340,36,37,36.5
340,36,37,36.5
340,36,37,36.5
340,36,37,36.5
340,36,37,36.5
340,36,37,36.5
342,36,37,36.5
342,36,37,36.5
342,36,37,36.5
342,36,37,36.5
342,36,37,36.5
342,36,37,36.5
342,36,37,36.5
342,36,37,36.5
342,36,37,36.5
342,36,37,36.5
342,36,37,36.5
342,36,37,36.5
342,36,37,36.5
342,36,37,36.5
342,36,37,36.5
342,36,37,36.5
342,36,37,36.5
342,36,37,36.5
342,36,37,36.5
342,36,37,36.5
342,36,37,36.5
342,36,37,36.5
342,36,38,37.0
342,36,38,37.0
342,36,38,37.0
342,36,38,37.0
342,36,38,37.0
342,36,38,37.0
342,36,38,37.0
342,36,38,37.0
342,36,38,37.0
342,36,38,37.0
342,36,38,37.0
342,36,38,37.0
342,36,38,37.0
342,36,37,36.5
342,36,37,36.5
342,36,37,36.5
342,36,37,36.5
342,36,37,36.5
342,36,37,36.5
342,36,37,36.5
342,36,37,36.5
342,36,37,36.5
342,36,37,36.5
342,36,37,36.5
342,36,37,36.5
342,36,37,36.5
342,36,37,36.5
342,36,37,36.5
342,36,37,36.5
342,36,37,36.5
342,36,37,36.5
342,36,37,36.5
342,36,37,36.5
342,36,37,36.5
342,36,37,36.5
342,36,37,36.5
342,36,37,36.5
342,36,37,36.5
342,36,37,36.5
342,36,37,36.5
343,36,37,36.5
343,36,37,36.5
343,36,37,36.5
343,36,37,36.5
344,36,37,36.5
344,36,37,36.5
344,36,37,36.5
344,36,37,36.5
344,36,37,36.5
344,36,37,36.5
344,36,37,36.5
344,36,37,36.5
344,36,37,36.5
344,36,37,36.5
344,36,37,36.5
344,36,37,36.5
344,36,37,36.5
344,36,37,36.5
344,36,37,36.5
344,36,37,36.5
344,36,37,36.5
344,36,37,36.5
344,36,37,36.5
344,36,37,36.5
344,36,37,36.5
344,36,37,36.5
344,36,37,36.5
345,36,37,36.5
345,36,37,36.5
345,36,37,36.5
345,36,37,36.5
345,36,37,36.5
345,36,37,36.5
345,36,37,36.5
347,36,37,36.5
347,36,37,36.5
348,36,37,36.5
348,36,37,36.5
348,36,37,36.5
348,36,37,36.5
348,36,37,36.5
348,36,37,36.5
348,36,37,36.5
348,36,37,36.5
348,36,37,36.5
348,36,37,36.5
348,36,37,36.5
348,36,37,36.5
348,36,37,36.5
348,36,37,36.5
348,36,37,36.5
348,36,37,36.5
348,36,37,36.5
349,36,37,36.5
349,36,37,36.5
349,36,37,36.5
349,36,37,36.5
349,36,37,36.5
349,36,37,36.5
349,36,37,36.5
349,36,37,36.5
349,36,37,36.5
349,36,37,36.5
349,36,37,36.5
349,36,37,36.5
349,36,37,36.5
349,36,37,36.5
349,36,37,36.5
349,36,37,36.5
349,36,37,36.5
349,36,37,36.5
349,36,37,36.5
349,36,37,36.5
349,36,37,36.5
349,36,37,36.5
349,36,37,36.5
349,36,37,36.5
349,36,37,36.5
349,36,37,36.5
349,36,37,36.5
349,36,37,36.5
350,36,37,36.5
350,36,37,36.5
350,36,37,36.5
350,36,37,36.5
350,36,37,36.5
350,36,37,36.5
351,36,37,36.5
351,36,37,36.5
351,36,37,36.5
351,36,37,36.5
351,36,37,36.5
351,36,37,36.5
351,36,37,36.5
351,36,37,36.5
351,36,37,36.5
351,36,37,36.5
351,36,37,36.5
351,36,37,36.5
351,36,37,36.5
351,36,37,36.5
351,36,37,36.5
351,36,37,36.5
351,36,37,36.5
351,36,37,36.5
351,36,37,36.5
351,36,37,36.5
351,36,37,36.5
351,36,37,36.5
351,36,37,36.5
351,36,37,36.5
351,36,37,36.5
351,36,37,36.5
351,36,37,36.5
351,36,37,36.5
352,36,37,36.5
352,36,37,36.5
352,36,37,36.5
352,36,37,36.5
352,36,37,36.5
352,36,37,36.5
352,36,37,36.5
352,36,37,36.5
352,36,37,36.5
352,36,37,36.5
352,36,37,36.5
352,36,37,36.5
352,36,37,36.5
352,36,37,36.5
352,36,37,36.5
352,36,37,36.5
352,36,37,36.5
352,36,37,36.5
352,36,37,36.5
352,36,37,36.5
352,36,37,36.5
352,36,37,36.5
352,36,37,36.5
352,36,37,36.5
352,36,37,36.5
352,36,37,36.5
352,36,37,36.5
352,36,37,36.5
352,36,37,36.5
352,36,37,36.5
352,36,37,36.5
352,36,37,36.5
352,36,37,36.5
352,36,37,36.5
352,36,37,36.5
352,36,37,36.5
352,36,37,36.5
352,36,37,36.5
352,36,37,36.5
352,36,37,36.5
352,36,37,36.5
352,36,37,36.5
352,36,37,36.5
353,36,37,36.5
353,35,37,36.0
353,35,36,35.5
353,35,36,35.5
353,35,36,35.5
353,35,36,35.5
353,35,36,35.5
353,35,36,35.5
353,35,36,35.5
353,35,36,35.5
353,35,36,35.5
353,35,36,35.5
353,35,36,35.5
353,35,36,35.5
353,35,36,35.5
353,35,36,35.5
353,35,36,35.5
353,35,36,35.5
353,35,36,35.5
353,35,36,35.5
353,35,36,35.5
353,35,36,35.5
354,35,36,35.5
354,35,36,35.5
354,35,36,35.5
354,35,36,35.5
354,35,36,35.5
354,35,36,35.5
358,35,36,35.5
358,35,36,35.5
358,35,36,35.5
358,35,36,35.5
358,35,36,35.5
358,35,36,35.5
358,35,36,35.5
358,35,36,35.5
358,35,36,35.5
358,35,36,35.5
358,35,36,35.5
358,35,36,35.5
358,35,36,35.5
358,35,36,35.5
358,35,36,35.5
358,35,36,35.5
358,35,36,35.5
358,35,36,35.5
358,35,36,35.5
358,35,36,35.5
358,35,36,35.5
358,35,36,35.5
358,35,36,35.5
358,35,36,35.5
358,35,36,35.5
358,35,36,35.5
358,35,36,35.5
358,35,36,35.5
358,35,36,35.5
358,35,36,35.5
358,35,36,35.5
358,35,36,35.5
358,35,36,35.5
359,35,36,35.5
359,35,36,35.5
359,35,36,35.5
359,35,36,35.5
359,35,36,35.5
359,35,36,35.5
359,35,36,35.5
359,35,36,35.5
359,35,36,35.5
359,35,36,35.5
359,35,36,35.5
359,35,36,35.5
359,35,36,35.5
359,35,36,35.5
359,35,36,35.5
359,35,36,35.5
359,35,36,35.5
359,35,36,35.5
359,35,36,35.5
359,35,36,35.5
359,35,36,35.5
359,35,36,35.5
359,35,36,35.5
359,35,36,35.5
359,35,36,35.5
359,35,36,35.5
359,35,36,35.5
359,35,36,35.5
359,35,36,35.5
359,35,36,35.5
359,35,36,35.5
359,35,36,35.5
359,35,36,35.5
359,35,36,35.5
359,35,36,35.5
359,35,36,35.5
359,35,36,35.5
359,35,36,35.5
359,35,36,35.5
359,35,36,35.5
359,35,36,35.5
359,35,36,35.5
359,35,36,35.5
359,35,36,35.5
359,35,36,35.5
359,35,36,35.5
360,35,36,35.5
360,35,36,35.5
360,35,36,35.5
360,35,36,35.5
360,35,36,35.5
360,35,36,35.5
360,35,36,35.5
360,35,36,35.5
361,35,36,35.5
361,35,36,35.5
361,35,36,35.5
361,35,36,35.5
361,35,36,35.5
361,35,36,35.5
361,35,36,35.5
362,35,36,35.5
362,35,36,35.5
362,35,36,35.5
362,35,36,35.5
362,35,36,35.5
362,35,36,35.5
362,35,36,35.5
362,35,36,35.5
362,35,36,35.5
362,35,36,35.5
362,35,36,35.5
362,35,36,35.5
362,35,36,35.5
362,35,36,35.5
362,35,36,35.5
362,35,36,35.5
362,35,36,35.5
362,35,36,35.5
362,35,36,35.5
363,35,36,35.5
363,35,36,35.5
363,35,36,35.5
364,35,36,35.5
364,35,36,35.5
364,35,36,35.5
364,35,36,35.5
364,35,36,35.5
364,35,36,35.5
365,35,36,35.5
365,35,36,35.5
365,35,36,35.5
365,35,36,35.5
365,35,36,35.5
365,35,36,35.5
367,35,36,35.5
367,35,36,35.5
367,35,36,35.5
368,35,36,35.5
368,35,36,35.5
369,35,36,35.5
369,35,36,35.5
369,35,36,35.5
370,35,36,35.5
370,35,36,35.5
371,35,36,35.5
371,35,36,35.5
371,35,36,35.5
371,35,36,35.5
372,35,36,35.5
372,35,36,35.5
372,35,36,35.5
372,35,36,35.5
372,35,36,35.5
372,35,36,35.5
372,35,36,35.5
372,35,36,35.5
372,35,36,35.5
372,35,36,35.5
372,35,36,35.5
372,35,36,35.5
372,35,36,35.5
372,35,36,35.5
372,35,36,35.5
372,35,36,35.5
372,35,36,35.5
372,35,36,35.5
372,35,36,35.5
372,35,36,35.5
372,35,36,35.5
372,35,36,35.5
372,35,36,35.5
372,35,36,35.5
372,35,36,35.5
372,35,36,35.5
372,35,36,35.5
372,35,36,35.5
372,35,36,35.5
372,35,36,35.5
372,35,36,35.5
372,35,36,35.5
372,35,36,35.5
372,35,36,35.5
372,35,36,35.5
372,35,36,35.5
372,35,36,35.5
372,35,36,35.5
372,35,36,35.5
372,35,36,35.5
372,35,36,35.5
372,35,36,35.5
372,35,36,35.5
372,35,36,35.5
372,35,36,35.5
372,35,36,35.5
372,35,36,35.5
372,35,36,35.5
372,35,36,35.5
372,35,36,35.5
372,35,36,35.5
372,35,36,35.5
372,35,36,35.5
372,35,36,35.5
372,35,36,35.5
372,35,36,35.5
372,35,37,36.0
372,35,37,36.0
372,35,36,35.5
372,35,36,35.5
372,35,36,35.5
372,35,36,35.5
372,35,36,35.5
372,35,36,35.5
372,35,36,35.5
372,35,36,35.5
372,35,36,35.5
372,35,36,35.5
372,35,36,35.5
373,35,36,35.5
373,35,36,35.5
373,35,36,35.5
373,35,36,35.5
373,35,37,36.0
373,35,37,36.0
373,35,37,36.0
373,35,37,36.0
373,35,37,36.0
373,35,37,36.0
373,35,36,35.5
373,35,36,35.5
373,35,36,35.5
374,35,36,35.5
375,35,36,35.5
375,35,36,35.5
375,35,36,35.5
376,35,36,35.5
378,35,36,35.5
378,35,36,35.5
378,35,36,35.5
378,35,36,35.5
378,35,36,35.5
378,35,36,35.5
378,35,36,35.5
378,35,36,35.5
378,35,36,35.5
379,35,36,35.5
379,35,36,35.5
379,35,36,35.5
379,35,36,35.5
379,35,36,35.5
379,35,36,35.5
379,35,36,35.5
379,35,36,35.5
380,35,36,35.5
380,35,36,35.5
380,35,36,35.5
380,35,36,35.5
380,35,36,35.5
382,35,36,35.5
382,35,36,35.5
382,35,36,35.5
382,35,36,35.5
382,35,36,35.5
382,35,36,35.5
382,35,36,35.5
382,35,36,35.5
382,35,37,36.0
382,35,37,36.0
382,35,37,36.0
382,35,37,36.0
382,35,37,36.0
382,35,37,36.0
383,35,37,36.0
383,35,37,36.0
383,35,37,36.0
383,35,37,36.0
384,35,37,36.0
384,35,37,36.0
384,35,37,36.0
384,35,37,36.0
384,35,37,36.0
384,35,37,36.0
384,35,37,36.0
384,35,37,36.0
384,35,37,36.0
384,35,37,36.0
385,35,37,36.0
385,35,37,36.0
385,35,37,36.0
385,35,37,36.0
385,35,37,36.0
385,35,37,36.0
386,35,37,36.0
386,35,37,36.0
386,35,37,36.0
386,35,37,36.0
386,35,37,36.0
386,35,37,36.0
387,35,37,36.0
387,35,37,36.0
387,35,37,36.0
387,35,37,36.0
387,35,37,36.0
387,35,37,36.0
387,35,37,36.0
388,35,37,36.0
388,35,37,36.0
388,35,37,36.0
388,35,37,36.0
389,35,37,36.0
389,35,37,36.0
389,35,37,36.0
389,35,37,36.0
389,35,37,36.0
389,35,37,36.0
389,35,37,36.0
389,35,37,36.0
389,35,37,36.0
389,35,36,35.5
389,35,36,35.5
389,35,36,35.5
389,35,36,35.5
390,35,36,35.5
390,35,36,35.5
390,35,36,35.5
390,35,36,35.5
390,35,36,35.5
390,35,36,35.5
390,35,36,35.5
390,35,36,35.5
390,35,36,35.5
390,35,36,35.5
390,35,36,35.5
390,35,36,35.5
390,35,36,35.5
390,35,36,35.5
390,35,36,35.5
390,35,36,35.5
390,35,36,35.5
390,35,36,35.5
390,35,36,35.5
390,35,36,35.5
390,35,36,35.5
390,35,36,35.5
390,35,36,35.5
390,35,36,35.5
390,35,36,35.5
390,35,36,35.5
390,35,36,35.5
390,35,36,35.5
390,35,36,35.5
390,35,36,35.5
390,35,36,35.5
390,35,36,35.5
390,35,36,35.5
390,35,36,35.5
391,35,36,35.5
391,35,36,35.5
391,35,36,35.5
391,35,36,35.5
391,35,36,35.5
391,35,36,35.5
391,35,36,35.5
391,35,36,35.5
391,35,36,35.5
391,35,36,35.5
391,35,36,35.5
391,35,36,35.5
391,35,36,35.5
391,35,36,35.5
391,35,36,35.5
391,35,36,35.5
391,35,36,35.5
391,35,36,35.5
391,35,36,35.5
391,35,36,35.5
391,35,36,35.5
391,35,36,35.5
391,35,36,35.5
391,35,36,35.5
391,35,36,35.5
391,35,36,35.5
391,35,36,35.5
391,35,36,35.5
391,35,36,35.5
391,35,36,35.5
391,35,36,35.5
391,35,36,35.5
391,35,36,35.5
391,35,36,35.5
391,35,36,35.5
391,35,36,35.5
391,35,36,35.5
391,35,36,35.5
391,35,36,35.5
391,35,36,35.5
391,35,36,35.5
391,35,36,35.5
391,35,36,35.5
392,35,36,35.5
392,35,36,35.5
392,35,36,35.5
392,35,36,35.5
392,35,36,35.5
392,35,36,35.5
392,35,36,35.5
392,35,36,35.5
392,35,36,35.5
392,35,36,35.5
392,35,36,35.5
392,35,36,35.5
392,35,36,35.5
392,35,36,35.5
392,35,36,35.5
392,35,36,35.5
392,35,36,35.5
392,35,36,35.5
392,35,36,35.5
392,35,36,35.5
392,35,36,35.5
392,35,36,35.5
392,35,36,35.5
393,35,36,35.5
393,35,36,35.5
393,35,36,35.5
393,35,36,35.5
393,35,36,35.5
393,35,36,35.5
393,35,36,35.5
393,35,36,35.5
393,35,36,35.5
393,35,36,35.5
393,35,36,35.5
394,35,36,35.5
394,35,36,35.5
394,35,36,35.5
394,35,36,35.5
394,35,36,35.5
394,35,36,35.5
394,35,36,35.5
394,35,36,35.5
394,35,36,35.5
394,35,36,35.5
394,35,36,35.5
394,35,36,35.5
394,35,36,35.5
394,35,36,35.5
394,35,36,35.5
394,35,36,35.5
394,35,36,35.5
394,35,36,35.5
394,35,36,35.5
394,35,36,35.5
394,35,36,35.5
394,35,36,35.5
394,35,36,35.5
394,35,36,35.5
395,35,36,35.5
395,35,36,35.5
395,35,36,35.5
395,35,36,35.5
395,35,36,35.5
395,35,36,35.5
395,35,36,35.5
395,35,36,35.5
395,35,36,35.5
395,35,36,35.5
396,35,36,35.5
396,35,36,35.5
396,35,36,35.5
396,35,36,35.5
396,35,36,35.5
396,35,36,35.5
397,35,36,35.5
397,35,36,35.5
397,35,36,35.5
397,35,36,35.5
397,35,36,35.5
397,35,36,35.5
397,35,36,35.5
397,35,36,35.5
397,35,36,35.5
397,35,36,35.5
397,35,36,35.5
399,35,36,35.5
399,35,36,35.5
400,35,36,35.5
400,35,36,35.5
400,35,36,35.5
400,35,36,35.5
400,35,36,35.5
402,35,36,35.5
402,35,36,35.5
402,35,36,35.5
403,35,36,35.5
408,35,36,35.5
408,35,36,35.5
408,35,36,35.5
408,35,36,35.5
408,35,36,35.5
408,35,36,35.5
408,35,36,35.5
408,35,36,35.5
408,35,36,35.5
408,35,36,35.5
408,35,36,35.5
408,35,36,35.5
408,35,36,35.5
408,35,36,35.5
408,35,36,35.5
408,35,36,35.5
408,35,36,35.5
408,35,36,35.5
408,35,36,35.5
408,35,36,35.5
408,35,37,36.0
408,35,37,36.0
408,35,37,36.0
408,35,37,36.0
408,35,37,36.0
408,35,37,36.0
408,35,37,36.0
408,35,37,36.0
408,35,37,36.0
408,35,37,36.0
408,35,37,36.0
408,35,37,36.0
408,35,37,36.0
408,35,37,36.0
408,35,37,36.0
408,35,37,36.0
408,35,37,36.0
408,35,37,36.0
408,35,37,36.0
408,35,37,36.0
408,35,37,36.0
408,35,37,36.0
409,35,37,36.0
409,35,37,36.0
409,35,37,36.0
409,35,37,36.0
409,35,37,36.0
409,35,37,36.0
409,35,37,36.0
409,35,38,36.5
409,35,38,36.5
409,35,38,36.5
409,35,38,36.5
409,35,38,36.5
409,35,38,36.5
409,35,38,36.5
409,35,38,36.5
409,35,38,36.5
409,35,38,36.5
409,35,38,36.5
409,35,38,36.5
409,35,38,36.5
409,35,38,36.5
409,35,38,36.5
409,35,38,36.5
409,35,38,36.5
409,35,38,36.5
409,35,38,36.5
409,35,38,36.5
409,35,38,36.5
409,35,38,36.5
409,35,38,36.5
409,35,38,36.5
409,35,38,36.5
409,35,38,36.5
409,35,38,36.5
409,35,38,36.5
409,35,38,36.5
409,35,38,36.5
409,35,38,36.5
409,35,38,36.5
409,35,38,36.5
409,35,38,36.5
409,35,38,36.5
409,35,38,36.5
409,35,38,36.5
409,35,38,36.5
409,35,37,36.0
409,35,37,36.0
409,35,37,36.0
409,35,37,36.0
409,35,37,36.0
410,35,37,36.0
410,35,37,36.0
410,35,37,36.0
410,35,37,36.0
410,35,37,36.0
410,35,37,36.0
410,35,37,36.0
410,35,37,36.0
410,35,37,36.0
410,35,37,36.0
410,35,37,36.0
410,35,37,36.0
410,35,37,36.0
410,35,37,36.0
410,35,37,36.0
410,35,37,36.0
410,35,37,36.0
410,35,37,36.0
410,35,37,36.0
410,35,37,36.0
410,35,37,36.0
410,35,37,36.0
410,35,37,36.0
410,35,37,36.0
410,35,37,36.0
410,35,37,36.0
410,35,37,36.0
410,35,37,36.0
410,35,37,36.0
410,35,37,36.0
410,35,37,36.0
410,35,37,36.0
411,35,37,36.0
411,35,37,36.0
411,35,37,36.0
411,35,37,36.0
411,35,37,36.0
411,35,37,36.0
411,35,37,36.0
411,35,37,36.0
411,35,37,36.0
411,35,37,36.0
411,35,37,36.0
411,35,37,36.0
412,35,37,36.0
412,35,37,36.0
412,35,37,36.0
412,35,37,36.0
412,35,37,36.0
412,35,37,36.0
412,35,37,36.0
412,35,37,36.0
412,35,37,36.0
412,35,37,36.0
412,35,37,36.0
412,35,37,36.0
412,35,37,36.0
412,35,37,36.0
412,35,37,36.0
412,35,37,36.0
412,35,37,36.0
412,35,37,36.0
413,35,37,36.0
413,35,37,36.0
413,35,37,36.0
414,35,37,36.0
415,35,37,36.0
415,35,37,36.0
415,35,37,36.0
415,35,37,36.0
415,35,37,36.0
415,35,37,36.0
415,35,37,36.0
415,35,37,36.0
415,35,37,36.0
415,35,37,36.0
415,35,37,36.0
415,35,37,36.0
415,35,38,36.5
415,35,38,36.5
415,35,37,36.0
415,35,37,36.0
415,35,37,36.0
415,35,37,36.0
415,35,37,36.0
415,35,37,36.0
415,35,37,36.0
415,35,37,36.0
415,35,37,36.0
415,35,37,36.0
415,35,37,36.0
415,35,37,36.0
415,35,37,36.0
416,35,37,36.0
416,35,37,36.0
416,35,37,36.0
416,35,37,36.0
416,35,37,36.0
416,35,37,36.0
416,35,37,36.0
416,35,37,36.0
416,35,37,36.0
416,35,37,36.0
416,35,37,36.0
416,35,37,36.0
416,35,37,36.0
416,35,37,36.0
416,35,37,36.0
416,35,38,36.5
416,35,38,36.5
416,35,38,36.5
416,35,38,36.5
417,35,38,36.5
417,35,38,36.5
417,35,38,36.5
417,35,38,36.5
417,35,38,36.5
417,35,38,36.5
417,35,38,36.5
417,35,38,36.5
417,35,38,36.5
417,35,38,36.5
417,35,38,36.5
417,35,38,36.5
417,35,38,36.5
417,35,38,36.5
417,35,38,36.5
417,35,38,36.5
417,35,38,36.5
417,35,38,36.5
417,36,38,37.0
417,36,38,37.0
417,36,38,37.0
417,36,38,37.0
417,36,38,37.0
417,36,38,37.0
417,36,38,37.0
417,36,38,37.0
417,36,38,37.0
417,36,38,37.0
417,36,38,37.0
417,36,38,37.0
417,36,38,37.0
417,36,38,37.0
418,36,38,37.0
418,36,38,37.0
418,36,38,37.0
418,36,38,37.0
418,36,38,37.0
418,36,38,37.0
418,36,38,37.0
418,36,38,37.0
418,36,38,37.0
418,36,38,37.0
418,36,38,37.0
418,36,38,37.0
418,36,38,37.0
418,36,38,37.0
419,36,38,37.0
419,36,38,37.0
419,36,38,37.0
419,36,38,37.0
419,36,38,37.0
419,36,38,37.0
419,36,38,37.0
419,36,38,37.0
419,36,38,37.0
419,36,38,37.0
419,36,38,37.0
419,36,38,37.0
419,36,38,37.0
419,36,38,37.0
419,36,38,37.0
419,36,38,37.0
420,36,38,37.0
420,36,38,37.0
420,36,38,37.0
420,36,38,37.0
421,36,38,37.0
421,36,38,37.0
421,36,38,37.0
421,36,38,37.0
421,36,38,37.0
421,36,38,37.0
421,36,38,37.0
421,36,38,37.0
422,36,38,37.0
423,36,38,37.0
423,37,38,37.5
423,37,38,37.5
423,37,38,37.5
423,37,38,37.5
423,37,38,37.5
423,37,38,37.5
423,37,38,37.5
423,37,38,37.5
423,37,38,37.5
423,37,38,37.5
423,37,38,37.5
424,37,38,37.5
424,37,38,37.5
424,37,38,37.5
424,37,38,37.5
424,37,38,37.5
424,37,38,37.5
424,37,38,37.5
424,37,38,37.5
424,37,38,37.5
424,37,38,37.5
424,37,38,37.5
424,37,38,37.5
424,37,38,37.5
424,37,38,37.5
425,37,38,37.5
426,37,38,37.5
426,37,38,37.5
426,37,38,37.5
426,37,38,37.5
426,37,38,37.5
426,37,38,37.5
426,37,38,37.5
426,37,38,37.5
428,37,38,37.5
428,37,38,37.5
428,37,38,37.5
428,37,38,37.5
428,37,38,37.5
428,37,38,37.5
428,37,38,37.5
432,37,38,37.5
432,37,38,37.5
432,37,38,37.5
433,37,38,37.5
433,37,38,37.5
433,37,38,37.5
433,37,38,37.5
433,37,38,37.5
433,37,38,37.5
433,37,38,37.5
433,37,38,37.5
433,37,38,37.5
433,37,38,37.5
433,36,38,37.0
433,36,38,37.0
433,36,38,37.0
433,36,38,37.0
433,36,38,37.0
433,36,38,37.0
433,36,38,37.0
433,36,38,37.0
433,36,38,37.0
433,36,38,37.0
433,36,38,37.0
433,36,38,37.0
433,35,38,36.5
433,35,38,36.5
433,35,38,36.5
433,35,38,36.5
433,35,38,36.5
433,35,38,36.5
433,35,38,36.5
433,35,38,36.5
433,35,38,36.5
433,35,38,36.5
433,35,38,36.5
433,35,38,36.5
433,35,38,36.5
433,35,38,36.5
433,35,38,36.5
433,35,38,36.5
433,35,38,36.5
433,35,38,36.5
433,35,38,36.5
433,35,38,36.5
433,35,38,36.5
433,35,38,36.5
433,35,38,36.5
433,35,38,36.5
433,35,38,36.5
433,35,38,36.5
433,35,38,36.5
433,35,38,36.5
433,35,38,36.5
433,35,38,36.5
433,35,38,36.5
433,35,38,36.5
433,35,38,36.5
433,35,38,36.5
434,35,38,36.5
434,35,38,36.5
434,35,38,36.5
434,35,38,36.5
434,35,38,36.5
434,35,38,36.5
434,35,38,36.5
434,35,38,36.5
434,35,38,36.5
434,35,38,36.5
434,35,38,36.5
434,35,38,36.5
434,35,38,36.5
434,35,38,36.5
434,35,38,36.5
434,35,38,36.5
434,35,38,36.5
434,35,38,36.5
434,35,38,36.5
434,35,38,36.5
434,35,38,36.5
434,35,38,36.5
434,35,38,36.5
434,35,38,36.5
434,35,38,36.5
434,35,38,36.5
434,35,38,36.5
434,35,38,36.5
434,35,38,36.5
434,35,38,36.5
434,35,38,36.5
434,35,38,36.5
434,35,38,36.5
434,35,39,37.0
434,35,39,37.0
434,35,39,37.0
434,35,39,37.0
434,35,39,37.0
434,35,39,37.0
434,35,39,37.0
434,35,39,37.0
434,35,39,37.0
434,35,39,37.0
434,35,39,37.0
434,35,39,37.0
435,35,39,37.0
435,35,39,37.0
435,35,39,37.0
435,35,39,37.0
435,35,39,37.0
435,35,39,37.0
435,35,39,37.0
435,35,39,37.0
435,35,39,37.0
435,35,39,37.0
435,35,39,37.0
435,35,39,37.0
435,35,39,37.0
435,35,39,37.0
436,35,39,37.0
436,35,39,37.0
436,35,39,37.0
436,35,39,37.0
436,35,39,37.0
436,35,39,37.0
436,35,39,37.0
436,35,39,37.0
436,35,39,37.0
436,35,39,37.0
436,35,39,37.0
436,35,39,37.0
436,35,39,37.0
436,35,39,37.0
436,35,39,37.0
436,35,39,37.0
436,35,39,37.0
436,35,39,37.0
436,35,39,37.0
437,35,39,37.0
437,35,39,37.0
437,35,39,37.0
437,35,39,37.0
437,35,39,37.0
437,35,39,37.0
437,35,39,37.0
437,35,39,37.0
437,35,39,37.0
437,35,39,37.0
437,35,39,37.0
438,35,39,37.0
438,35,39,37.0
438,35,39,37.0
438,35,39,37.0
438,35,39,37.0
438,35,39,37.0
438,35,39,37.0
438,35,39,37.0
438,35,39,37.0
438,35,39,37.0
438,35,39,37.0
438,35,39,37.0
438,35,39,37.0
438,35,39,37.0
438,35,39,37.0
438,35,39,37.0
439,35,39,37.0
439,35,39,37.0
439,35,39,37.0
439,35,39,37.0
439,35,39,37.0
439,35,39,37.0
439,35,39,37.0
439,35,39,37.0
439,35,39,37.0
439,35,39,37.0
439,35,39,37.0
439,35,39,37.0
439,35,39,37.0
439,35,39,37.0
439,35,39,37.0
439,35,39,37.0
439,35,39,37.0
439,35,39,37.0
439,35,39,37.0
439,35,39,37.0
439,35,39,37.0
439,35,39,37.0
440,35,39,37.0
440,35,39,37.0
440,35,39,37.0
440,35,39,37.0
440,35,39,37.0
440,35,39,37.0
440,35,39,37.0
440,35,39,37.0
440,35,39,37.0
440,35,39,37.0
441,35,39,37.0
441,35,39,37.0
441,35,39,37.0
441,35,39,37.0
441,35,39,37.0
441,35,39,37.0
441,35,39,37.0
441,35,39,37.0
441,35,39,37.0
441,35,39,37.0
441,35,39,37.0
441,35,39,37.0
441,35,39,37.0
441,35,39,37.0
441,36,39,37.5
441,36,39,37.5
441,36,39,37.5
441,36,39,37.5
441,36,39,37.5
441,36,39,37.5
441,36,39,37.5
441,36,39,37.5
441,36,39,37.5
441,36,39,37.5
441,36,39,37.5
441,36,39,37.5
441,36,39,37.5
441,36,39,37.5
441,36,39,37.5
441,36,39,37.5
441,36,39,37.5
441,36,39,37.5
441,36,39,37.5
441,36,39,37.5
441,36,39,37.5
441,36,39,37.5
441,36,39,37.5
441,36,39,37.5
441,36,39,37.5
441,36,39,37.5
441,36,39,37.5
441,36,39,37.5
441,36,39,37.5
441,36,39,37.5
441,35,39,37.0
441,35,39,37.0
441,35,39,37.0
441,35,39,37.0
441,35,39,37.0
441,35,39,37.0
441,35,39,37.0
441,35,39,37.0
441,35,39,37.0
441,35,40,37.5
441,35,40,37.5
442,35,40,37.5
442,35,40,37.5
442,35,40,37.5
442,35,40,37.5
442,35,40,37.5
442,36,40,38.0
442,36,40,38.0
442,36,40,38.0
442,36,40,38.0
442,36,40,38.0
442,36,40,38.0
442,36,40,38.0
442,36,40,38.0
442,36,40,38.0
442,36,40,38.0
442,36,40,38.0
442,37,40,38.5
442,37,40,38.5
442,37,40,38.5
442,37,40,38.5
442,37,40,38.5
442,37,40,38.5
442,37,40,38.5
442,37,40,38.5
442,37,40,38.5
443,37,40,38.5
443,37,40,38.5
443,37,40,38.5
443,37,40,38.5
443,37,40,38.5
443,37,40,38.5
443,37,40,38.5
443,37,40,38.5
443,37,40,38.5
443,37,40,38.5
443,37,40,38.5
443,37,40,38.5
443,37,40,38.5
443,37,40,38.5
443,37,40,38.5
443,38,40,39.0
443,38,40,39.0
443,38,40,39.0
443,38,40,39.0
443,38,40,39.0
443,38,40,39.0
443,38,40,39.0
443,38,40,39.0
443,38,40,39.0
443,38,40,39.0
443,38,40,39.0
443,38,40,39.0
443,38,40,39.0
443,38,40,39.0
443,38,40,39.0
443,38,40,39.0
443,38,40,39.0
443,38,40,39.0
443,38,40,39.0
443,38,40,39.0
443,38,40,39.0
443,38,40,39.0
443,38,40,39.0
444,38,40,39.0
444,38,40,39.0
444,38,40,39.0
444,38,40,39.0
444,39,40,39.5
444,39,40,39.5
444,39,40,39.5
444,39,40,39.5
444,39,40,39.5
444,39,40,39.5
445,39,40,39.5
445,39,40,39.5
445,39,40,39.5
445,39,40,39.5
445,39,40,39.5
445,39,40,39.5
445,39,40,39.5
445,39,40,39.5
445,39,40,39.5
445,39,40,39.5
445,39,40,39.5
445,39,40,39.5
445,39,40,39.5
445,39,40,39.5
445,39,40,39.5
445,39,40,39.5
445,39,40,39.5
445,39,40,39.5
445,39,40,39.5
445,39,40,39.5
445,39,40,39.5
445,39,40,39.5
445,39,40,39.5
445,39,40,39.5
445,39,40,39.5
446,39,40,39.5
446,39,40,39.5
446,39,40,39.5
446,39,40,39.5
446,39,40,39.5
446,39,40,39.5
446,39,40,39.5
446,39,40,39.5
446,39,40,39.5
446,39,40,39.5
446,39,40,39.5
446,39,40,39.5
446,39,40,39.5
446,39,40,39.5
446,39,40,39.5
446,39,40,39.5
446,39,40,39.5
446,39,40,39.5
446,39,40,39.5
446,39,40,39.5
446,39,40,39.5
446,39,40,39.5
446,39,40,39.5
446,39,40,39.5
446,39,40,39.5
446,39,40,39.5
447,39,40,39.5
447,39,40,39.5
447,39,40,39.5
447,39,40,39.5
447,39,40,39.5
447,39,40,39.5
447,39,40,39.5
448,39,40,39.5
448,39,40,39.5
448,39,40,39.5
448,39,40,39.5
448,39,40,39.5
448,39,40,39.5
448,39,40,39.5
448,39,40,39.5
448,39,40,39.5
448,39,40,39.5
448,39,40,39.5
448,39,40,39.5
448,39,40,39.5
448,39,40,39.5
448,39,40,39.5
449,39,40,39.5
449,39,40,39.5
449,39,40,39.5
449,39,40,39.5
450,39,40,39.5
451,39,40,39.5
451,39,40,39.5
451,39,40,39.5
451,39,40,39.5
451,39,40,39.5
451,39,40,39.5
451,39,40,39.5
451,39,40,39.5
451,39,40,39.5
451,39,40,39.5
451,39,40,39.5
451,39,40,39.5
451,39,40,39.5
451,39,40,39.5
451,39,40,39.5
451,39,40,39.5
451,39,40,39.5
451,39,40,39.5
451,39,40,39.5
451,39,40,39.5
451,39,40,39.5
453,39,40,39.5
453,39,40,39.5
453,39,40,39.5
453,39,40,39.5
453,39,41,40.0
453,39,41,40.0
453,40,41,40.5
453,40,41,40.5
453,40,41,40.5
453,40,41,40.5
453,40,41,40.5
453,40,41,40.5
453,40,41,40.5
453,40,41,40.5
453,40,41,40.5
453,40,41,40.5
453,40,41,40.5
453,40,41,40.5
453,40,41,40.5
453,40,41,40.5
453,40,41,40.5
453,40,41,40.5
453,40,41,40.5
453,40,41,40.5
453,40,41,40.5
453,40,41,40.5
453,40,41,40.5
454,40,41,40.5
454,40,41,40.5
454,40,41,40.5
454,40,41,40.5
454,40,41,40.5
454,40,41,40.5
454,40,41,40.5
454,40,41,40.5
454,40,41,40.5
454,40,41,40.5
454,40,41,40.5
454,40,41,40.5
454,40,41,40.5
454,40,41,40.5
454,40,41,40.5
454,40,41,40.5
454,40,41,40.5
454,40,41,40.5
454,40,41,40.5
454,40,41,40.5
454,40,41,40.5
454,40,41,40.5
454,40,41,40.5
454,40,41,40.5
454,40,41,40.5
454,40,41,40.5
454,40,41,40.5
454,40,41,40.5
455,40,41,40.5
455,40,41,40.5
455,40,41,40.5
455,40,41,40.5
455,40,41,40.5
455,40,41,40.5
455,40,41,40.5
455,40,41,40.5
455,40,41,40.5
455,40,41,40.5
455,40,41,40.5
456,40,41,40.5
456,40,41,40.5
456,40,41,40.5
456,40,41,40.5
456,40,41,40.5
456,40,41,40.5
456,40,41,40.5
456,40,41,40.5
456,40,41,40.5
456,40,41,40.5
456,40,41,40.5
457,40,41,40.5
457,40,41,40.5
457,40,41,40.5
457,40,41,40.5
457,40,41,40.5
457,40,41,40.5
457,40,41,40.5
457,40,41,40.5
457,40,41,40.5
457,40,41,40.5
457,40,41,40.5
457,40,41,40.5
457,40,41,40.5
459,40,41,40.5
459,40,41,40.5
459,40,41,40.5
459,40,41,40.5
459,40,41,40.5
459,40,41,40.5
459,40,41,40.5
459,40,41,40.5
459,40,41,40.5
459,40,41,40.5
459,40,41,40.5
459,40,41,40.5
459,40,41,40.5
459,40,41,40.5
459,40,41,40.5
459,40,41,40.5
460,40,41,40.5
460,40,41,40.5
460,40,41,40.5
460,40,41,40.5
460,40,41,40.5
460,40,41,40.5
460,40,41,40.5
460,40,41,40.5
460,40,41,40.5
460,40,41,40.5
460,40,41,40.5
460,40,41,40.5
460,40,41,40.5
461,40,41,40.5
463,40,41,40.5
463,40,41,40.5
463,40,41,40.5
463,40,41,40.5
463,40,41,40.5
463,40,41,40.5
463,40,41,40.5
463,40,41,40.5
463,40,41,40.5
463,40,41,40.5
463,40,41,40.5
463,40,41,40.5
463,40,41,40.5
463,40,41,40.5
463,40,41,40.5
463,40,41,40.5
463,40,41,40.5
463,40,41,40.5
463,40,41,40.5
463,40,41,40.5
463,40,41,40.5
463,40,41,40.5
463,40,41,40.5
463,40,41,40.5
463,40,41,40.5
463,40,41,40.5
463,40,41,40.5
463,40,41,40.5
463,40,41,40.5
463,40,41,40.5
463,40,41,40.5
463,40,41,40.5
463,40,41,40.5
463,40,41,40.5
463,40,41,40.5
463,40,41,40.5
463,40,41,40.5
463,40,41,40.5
463,40,41,40.5
463,40,41,40.5
464,40,41,40.5
464,40,41,40.5
464,40,41,40.5
464,40,41,40.5
464,40,41,40.5
464,40,41,40.5
464,40,41,40.5
464,40,41,40.5
464,40,41,40.5
464,40,41,40.5
464,40,41,40.5
464,40,41,40.5
464,40,41,40.5
464,40,41,40.5
464,40,41,40.5
464,40,41,40.5
464,40,41,40.5
464,40,41,40.5
464,40,41,40.5
464,40,41,40.5
464,40,41,40.5
464,40,41,40.5
464,40,41,40.5
464,40,41,40.5
464,40,41,40.5
464,40,41,40.5
464,40,41,40.5
464,40,41,40.5
464,40,41,40.5
464,40,41,40.5
464,40,41,40.5
464,40,41,40.5
464,40,41,40.5
464,40,41,40.5
464,40,41,40.5
464,40,41,40.5
464,40,41,40.5
464,40,41,40.5
464,40,41,40.5
464,40,41,40.5
464,40,41,40.5
464,40,41,40.5
464,40,41,40.5
464,40,41,40.5
464,40,41,40.5
464,40,41,40.5
464,40,41,40.5
464,40,41,40.5
464,40,41,40.5
464,40,41,40.5
464,40,41,40.5
464,40,41,40.5
464,40,41,40.5
464,40,41,40.5
464,40,41,40.5
464,40,41,40.5
464,40,41,40.5
464,40,41,40.5
464,40,41,40.5
464,40,41,40.5
464,40,41,40.5
464,40,41,40.5
464,40,41,40.5
464,40,41,40.5
464,40,41,40.5
464,40,41,40.5
464,40,41,40.5
464,40,41,40.5
464,40,41,40.5
464,40,41,40.5
464,40,41,40.5
464,40,41,40.5
464,40,41,40.5
464,40,41,40.5
464,40,41,40.5
464,40,41,40.5
464,40,41,40.5
464,40,41,40.5
464,40,41,40.5
464,40,41,40.5
464,40,41,40.5
464,40,41,40.5
464,40,41,40.5
464,40,41,40.5
464,40,41,40.5
464,40,41,40.5
464,40,41,40.5
464,40,41,40.5
464,40,41,40.5
464,40,41,40.5
464,40,41,40.5
464,40,41,40.5
464,40,41,40.5
464,40,41,40.5
464,40,41,40.5
464,40,41,40.5
464,40,41,40.5
464,40,43,41.5
464,40,43,41.5
464,40,43,41.5
464,40,43,41.5
464,40,43,41.5
464,40,43,41.5
464,40,43,41.5
464,40,43,41.5
464,40,43,41.5
464,40,43,41.5
464,40,42,41.0
464,40,42,41.0
464,40,42,41.0
464,40,42,41.0
464,40,42,41.0
464,40,42,41.0
464,40,42,41.0
464,40,42,41.0
464,40,42,41.0
465,40,42,41.0
465,38,42,40.0
465,38,42,40.0
465,38,42,40.0
465,38,42,40.0
465,38,42,40.0
465,38,42,40.0
465,38,43,40.5
465,38,43,40.5
465,38,43,40.5
465,38,43,40.5
465,38,43,40.5
465,35,43,39.0
465,35,43,39.0
465,35,43,39.0
465,35,43,39.0
465,35,43,39.0
465,35,43,39.0
465,35,43,39.0
465,35,43,39.0
465,35,43,39.0
465,35,43,39.0
465,35,43,39.0
465,35,43,39.0
465,35,43,39.0
465,35,43,39.0
465,35,43,39.0
465,35,43,39.0
465,35,43,39.0
465,35,43,39.0
465,35,43,39.0
465,35,43,39.0
465,35,43,39.0
465,35,44,39.5
465,35,44,39.5
465,35,44,39.5
465,35,44,39.5
465,35,44,39.5
466,35,44,39.5
466,35,44,39.5
466,35,44,39.5
466,35,44,39.5
466,35,44,39.5
466,35,44,39.5
466,35,44,39.5
466,35,44,39.5
466,35,44,39.5
466,35,44,39.5
466,35,44,39.5
466,35,45,40.0
466,35,45,40.0
466,35,45,40.0
466,35,44,39.5
466,35,44,39.5
466,35,44,39.5
466,35,44,39.5
466,35,44,39.5
466,35,44,39.5
466,35,44,39.5
466,35,44,39.5
466,35,44,39.5
466,35,44,39.5
466,35,44,39.5
466,35,44,39.5
466,35,44,39.5
466,35,44,39.5
466,35,44,39.5
466,35,44,39.5
466,35,44,39.5
466,35,44,39.5
466,35,44,39.5
466,35,44,39.5
466,35,44,39.5
466,35,44,39.5
466,35,44,39.5
466,35,44,39.5
466,36,44,40.0
466,36,44,40.0
466,36,44,40.0
466,36,44,40.0
466,36,44,40.0
466,36,44,40.0
466,36,44,40.0
466,36,44,40.0
466,36,44,40.0
466,36,44,40.0
466,36,44,40.0
467,36,44,40.0
467,36,44,40.0
467,36,44,40.0
467,36,44,40.0
467,36,44,40.0
467,36,44,40.0
467,35,44,39.5
467,35,44,39.5
467,35,44,39.5
467,35,44,39.5
467,35,44,39.5
467,35,44,39.5
467,36,44,40.0
467,36,44,40.0
467,36,44,40.0
467,36,44,40.0
467,36,44,40.0
467,36,44,40.0
467,36,44,40.0
467,36,44,40.0
467,36,44,40.0
467,36,44,40.0
467,36,44,40.0
467,36,44,40.0
467,36,44,40.0
467,36,44,40.0
467,36,44,40.0
467,36,44,40.0
467,36,44,40.0
467,36,44,40.0
467,36,44,40.0
467,36,44,40.0
467,36,44,40.0
467,36,44,40.0
467,36,44,40.0
467,36,44,40.0
467,36,44,40.0
467,36,44,40.0
467,36,44,40.0
467,36,44,40.0
467,36,44,40.0
467,36,44,40.0
467,36,44,40.0
467,36,44,40.0
467,36,44,40.0
467,36,44,40.0
467,36,44,40.0
467,36,44,40.0
467,36,44,40.0
468,37,44,40.5
468,37,44,40.5
468,37,44,40.5
468,37,44,40.5
468,37,44,40.5
468,37,44,40.5
468,37,44,40.5
468,37,44,40.5
468,37,44,40.5
468,37,44,40.5
468,37,44,40.5
468,35,44,39.5
468,35,44,39.5
468,35,44,39.5
468,37,44,40.5
468,37,44,40.5
468,37,44,40.5
468,37,44,40.5
468,37,44,40.5
468,37,44,40.5
468,37,44,40.5
468,37,44,40.5
468,37,44,40.5
468,37,44,40.5
469,37,44,40.5
469,37,44,40.5
469,37,44,40.5
469,37,44,40.5
469,37,44,40.5
469,37,44,40.5
469,37,44,40.5
470,35,44,39.5
470,38,44,41.0
470,38,44,41.0
470,38,44,41.0
470,38,44,41.0
470,38,44,41.0
470,38,44,41.0
470,38,44,41.0
470,38,44,41.0
470,38,44,41.0
470,35,44,39.5
470,35,44,39.5
470,35,44,39.5
470,35,44,39.5
470,35,44,39.5
470,35,44,39.5
470,35,44,39.5
470,35,44,39.5
470,35,44,39.5
470,35,44,39.5
470,37,44,40.5
470,37,44,40.5
470,37,44,40.5
470,37,44,40.5
470,37,44,40.5
470,37,44,40.5
470,37,44,40.5
470,37,44,40.5
470,37,44,40.5
470,37,44,40.5
470,37,44,40.5
470,37,44,40.5
470,37,44,40.5
470,37,44,40.5
470,37,42,39.5
470,37,42,39.5
470,37,42,39.5
470,37,42,39.5
470,37,42,39.5
470,37,44,40.5
470,37,43,40.0
470,37,43,40.0
470,37,43,40.0
470,37,43,40.0
470,37,43,40.0
470,37,43,40.0
470,37,43,40.0
470,37,43,40.0
470,37,43,40.0
470,37,43,40.0
470,37,43,40.0
470,37,43,40.0
470,37,43,40.0
470,37,43,40.0
470,37,43,40.0
470,37,43,40.0
470,37,43,40.0
470,37,43,40.0
470,37,43,40.0
471,37,43,40.0
471,37,43,40.0
471,37,43,40.0
471,37,43,40.0
471,37,43,40.0
471,37,43,40.0
471,37,43,40.0
471,37,43,40.0
471,37,43,40.0
471,37,43,40.0
471,37,43,40.0
471,37,43,40.0
471,37,43,40.0
471,37,43,40.0
471,37,43,40.0
471,37,43,40.0
471,37,43,40.0
471,37,43,40.0
471,37,43,40.0
471,37,43,40.0
471,37,43,40.0
471,37,43,40.0
471,37,43,40.0
471,37,43,40.0
471,37,43,40.0
471,37,43,40.0
471,37,42,39.5
471,37,42,39.5
471,37,42,39.5
471,35,42,38.5
471,35,42,38.5
471,35,42,38.5
471,35,42,38.5
471,35,42,38.5
471,35,42,38.5
471,35,42,38.5
471,35,42,38.5
471,35,42,38.5
471,35,42,38.5
471,35,42,38.5
471,35,42,38.5
471,35,42,38.5
471,35,42,38.5
471,35,42,38.5
471,35,42,38.5
471,35,42,38.5
471,35,42,38.5
471,35,42,38.5
471,35,42,38.5
471,36,42,39.0
471,36,42,39.0
471,36,42,39.0
471,36,42,39.0
471,36,42,39.0
471,36,42,39.0
471,36,42,39.0
471,36,42,39.0
471,36,42,39.0
471,36,42,39.0
471,36,42,39.0
471,36,41,38.5
471,36,41,38.5
471,36,41,38.5
471,36,41,38.5
471,36,41,38.5
471,36,41,38.5
471,36,41,38.5
471,36,41,38.5
471,36,41,38.5
471,36,41,38.5
471,36,41,38.5
471,36,41,38.5
471,36,41,38.5
471,36,41,38.5
471,36,40,38.0
471,36,40,38.0
471,36,40,38.0
471,36,40,38.0
471,36,40,38.0
471,36,40,38.0
471,36,40,38.0
471,36,40,38.0
472,36,40,38.0
472,36,40,38.0
472,36,40,38.0
472,36,40,38.0
472,36,40,38.0
472,36,40,38.0
472,36,40,38.0
472,36,40,38.0
472,36,40,38.0
472,36,39,37.5
472,36,39,37.5
472,36,39,37.5
472,36,39,37.5
472,36,39,37.5
472,36,39,37.5
472,36,39,37.5
472,36,39,37.5
472,36,39,37.5
472,36,39,37.5
472,36,39,37.5
472,36,39,37.5
472,36,39,37.5
472,36,39,37.5
472,36,39,37.5
472,36,39,37.5
472,36,39,37.5
472,36,39,37.5
472,36,39,37.5
472,36,39,37.5
472,36,39,37.5
472,36,39,37.5
472,35,39,37.0
472,35,39,37.0
472,35,39,37.0
472,35,39,37.0
472,35,39,37.0
472,35,39,37.0
473,35,39,37.0
473,35,39,37.0
473,35,39,37.0
473,35,39,37.0
473,35,39,37.0
473,35,39,37.0
473,35,39,37.0
473,35,39,37.0
473,35,39,37.0
473,35,39,37.0
473,35,39,37.0
473,35,39,37.0
474,35,39,37.0
474,35,39,37.0
474,35,39,37.0
474,35,39,37.0
474,35,39,37.0
474,35,39,37.0
474,35,39,37.0
474,35,39,37.0
474,35,39,37.0
474,35,39,37.0
474,36,39,37.5
474,36,39,37.5
474,36,39,37.5
474,36,39,37.5
474,36,39,37.5
474,36,39,37.5
474,36,39,37.5
474,36,39,37.5
474,36,39,37.5
474,36,39,37.5
475,36,39,37.5
475,36,39,37.5
475,36,39,37.5
475,36,39,37.5
475,36,39,37.5
475,36,39,37.5
475,36,39,37.5
475,36,39,37.5
475,36,39,37.5
476,36,39,37.5
476,36,39,37.5
476,36,39,37.5
476,36,39,37.5
476,36,39,37.5
476,36,39,37.5
476,36,39,37.5
477,36,39,37.5
477,36,39,37.5
477,36,39,37.5
477,37,39,38.0
477,37,39,38.0
477,37,39,38.0
477,37,39,38.0
477,37,39,38.0
477,37,39,38.0
477,37,39,38.0
477,37,39,38.0
477,37,39,38.0
477,37,39,38.0
477,37,39,38.0
478,37,39,38.0
478,37,39,38.0
478,37,39,38.0
479,37,39,38.0
479,37,39,38.0
479,37,39,38.0
479,37,39,38.0
479,37,39,38.0
479,37,39,38.0
479,37,39,38.0
479,37,39,38.0
479,37,39,38.0
479,37,39,38.0
479,37,39,38.0
479,37,39,38.0
479,37,39,38.0
480,37,39,38.0
480,37,39,38.0
480,37,39,38.0
480,37,39,38.0
480,37,39,38.0
480,37,39,38.0
480,37,39,38.0
482,37,39,38.0
482,37,39,38.0
482,38,39,38.5
482,38,39,38.5
482,38,39,38.5
482,38,39,38.5
482,38,39,38.5
482,38,39,38.5
482,38,39,38.5
482,38,39,38.5
482,38,39,38.5
482,38,39,38.5
482,38,39,38.5
482,38,39,38.5
482,38,39,38.5
482,38,39,38.5
482,38,39,38.5
482,38,39,38.5
482,38,39,38.5
482,38,39,38.5
482,37,39,38.0
482,37,39,38.0
482,37,39,38.0
482,37,39,38.0
482,37,39,38.0
482,37,39,38.0
482,36,39,37.5
482,36,39,37.5
482,36,39,37.5
482,36,39,37.5
482,36,39,37.5
482,36,39,37.5
482,36,39,37.5
482,36,39,37.5
482,36,39,37.5
482,36,39,37.5
482,36,39,37.5
482,36,39,37.5
482,36,39,37.5
482,36,39,37.5
482,36,39,37.5
482,36,39,37.5
482,36,39,37.5
482,36,40,38.0
482,35,40,37.5
482,35,40,37.5
482,35,40,37.5
482,35,40,37.5
482,35,40,37.5
482,35,40,37.5
482,35,40,37.5
482,35,40,37.5
482,35,40,37.5
482,35,40,37.5
482,35,40,37.5
482,35,40,37.5
482,35,40,37.5
482,35,40,37.5
482,35,40,37.5
482,35,40,37.5
482,35,40,37.5
482,35,40,37.5
482,36,40,38.0
482,36,40,38.0
482,36,40,38.0
482,36,40,38.0
482,36,40,38.0
482,36,40,38.0
482,36,40,38.0
482,36,40,38.0
482,36,40,38.0
482,36,40,38.0
482,36,40,38.0
482,36,40,38.0
482,36,40,38.0
482,36,40,38.0
482,36,40,38.0
482,36,40,38.0
482,36,40,38.0
482,36,40,38.0
482,36,40,38.0
482,36,40,38.0
482,36,40,38.0
482,36,40,38.0
482,36,40,38.0
482,36,40,38.0
482,36,40,38.0
482,36,40,38.0
482,36,40,38.0
482,36,40,38.0
482,36,40,38.0
482,36,40,38.0
482,36,40,38.0
482,36,40,38.0
482,36,40,38.0
482,36,40,38.0
482,36,40,38.0
482,36,40,38.0
482,36,40,38.0
482,36,40,38.0
483,36,40,38.0
483,36,40,38.0
483,36,40,38.0
483,36,40,38.0
483,36,40,38.0
483,36,40,38.0
483,36,40,38.0
483,36,40,38.0
483,36,40,38.0
483,36,40,38.0
483,36,40,38.0
483,36,40,38.0
483,36,40,38.0
483,36,40,38.0
483,36,40,38.0
483,36,40,38.0
483,36,40,38.0
483,36,40,38.0
483,36,40,38.0
483,36,40,38.0
483,36,40,38.0
483,36,40,38.0
483,36,40,38.0
483,36,40,38.0
484,36,40,38.0
484,36,40,38.0
484,36,40,38.0
484,36,40,38.0
484,36,40,38.0
484,36,40,38.0
484,36,40,38.0
485,36,40,38.0
485,36,40,38.0
486,36,40,38.0
486,36,40,38.0
486,36,40,38.0
486,36,40,38.0
487,36,40,38.0
487,36,40,38.0
487,36,40,38.0
487,36,40,38.0
487,36,40,38.0
487,36,40,38.0
487,36,40,38.0
487,36,40,38.0
487,36,40,38.0
487,36,40,38.0
487,36,40,38.0
487,36,40,38.0
487,36,40,38.0
487,36,40,38.0
487,35,40,37.5
487,35,40,37.5
487,35,40,37.5
487,35,40,37.5
487,36,40,38.0
487,36,40,38.0
487,36,40,38.0
487,36,40,38.0
487,36,40,38.0
487,36,40,38.0
487,36,40,38.0
487,36,40,38.0
487,36,40,38.0
487,36,40,38.0
487,36,40,38.0
487,36,40,38.0
487,36,40,38.0
487,36,40,38.0
487,36,40,38.0
487,36,40,38.0
487,36,40,38.0
488,36,40,38.0
488,36,40,38.0
488,36,40,38.0
488,36,40,38.0
488,36,40,38.0
488,36,40,38.0
488,36,40,38.0
488,36,40,38.0
488,36,40,38.0
488,36,40,38.0
488,36,40,38.0
488,36,40,38.0
488,36,40,38.0
488,36,40,38.0
488,36,40,38.0
488,36,40,38.0
488,36,40,38.0
488,36,40,38.0
488,36,40,38.0
488,36,40,38.0
488,36,40,38.0
488,36,40,38.0
488,36,39,37.5
488,36,39,37.5
488,36,39,37.5
488,36,39,37.5
488,36,39,37.5
488,35,39,37.0
488,35,39,37.0
488,35,39,37.0
488,35,39,37.0
488,35,39,37.0
488,35,39,37.0
488,35,39,37.0
488,35,39,37.0
488,35,39,37.0
488,35,39,37.0
488,35,39,37.0
488,35,39,37.0
488,35,39,37.0
488,35,39,37.0
488,35,39,37.0
488,35,39,37.0
488,35,39,37.0
488,35,39,37.0
489,35,39,37.0
489,35,39,37.0
489,35,39,37.0
489,35,39,37.0
489,35,39,37.0
489,35,39,37.0
489,35,39,37.0
489,35,39,37.0
489,35,39,37.0
489,35,39,37.0
489,35,39,37.0
489,35,38,36.5
489,35,38,36.5
489,35,38,36.5
489,35,38,36.5
489,35,38,36.5
489,35,38,36.5
489,35,38,36.5
489,35,38,36.5
489,35,38,36.5
489,35,38,36.5
489,35,38,36.5
489,35,38,36.5
489,35,38,36.5
489,35,38,36.5
489,35,38,36.5
489,35,38,36.5
489,35,38,36.5
489,35,38,36.5
489,35,38,36.5
489,35,38,36.5
489,35,38,36.5
489,35,38,36.5
489,35,38,36.5
489,35,38,36.5
489,35,38,36.5
489,35,38,36.5
489,35,38,36.5
489,35,38,36.5
489,35,38,36.5
489,35,38,36.5
489,35,38,36.5
489,35,38,36.5
489,35,38,36.5
489,35,38,36.5
489,35,38,36.5
489,35,38,36.5
489,35,38,36.5
489,35,38,36.5
489,35,38,36.5
489,35,38,36.5
490,35,38,36.5
490,35,38,36.5
490,35,38,36.5
490,35,38,36.5
490,35,38,36.5
490,35,38,36.5
490,35,38,36.5
490,35,38,36.5
490,35,38,36.5
490,35,38,36.5
490,35,37,36.0
490,35,37,36.0
490,35,37,36.0
490,35,37,36.0
490,35,37,36.0
490,35,37,36.0
490,35,37,36.0
490,35,37,36.0
490,35,37,36.0
490,35,37,36.0
490,35,37,36.0
490,35,37,36.0
490,35,37,36.0
490,35,37,36.0
490,35,37,36.0
490,35,37,36.0
490,35,37,36.0
490,35,37,36.0
490,35,37,36.0
490,35,37,36.0
490,35,37,36.0
490,35,37,36.0
491,35,37,36.0
491,35,37,36.0
491,35,37,36.0
491,35,37,36.0
491,35,37,36.0
491,35,37,36.0
491,35,37,36.0
491,35,37,36.0
491,35,37,36.0
491,35,37,36.0
491,35,37,36.0
491,35,37,36.0
491,35,37,36.0
491,36,37,36.5
491,36,37,36.5
491,36,37,36.5
491,36,37,36.5
491,36,37,36.5
492,36,37,36.5
492,36,37,36.5
492,36,37,36.5
492,36,37,36.5
492,36,37,36.5
492,36,37,36.5
492,36,37,36.5
492,36,37,36.5
492,36,37,36.5
492,36,37,36.5
492,36,37,36.5
492,36,37,36.5
492,36,37,36.5
492,36,37,36.5
492,36,37,36.5
492,36,37,36.5
493,36,37,36.5
493,36,37,36.5
493,36,37,36.5
493,36,37,36.5
493,36,37,36.5
493,36,37,36.5
493,36,37,36.5
493,36,37,36.5
494,36,37,36.5
494,36,37,36.5
495,36,37,36.5
495,36,37,36.5
495,36,37,36.5
495,36,37,36.5
495,36,37,36.5
495,36,37,36.5
495,36,37,36.5
495,36,37,36.5
495,36,37,36.5
495,36,37,36.5
495,36,37,36.5
496,36,37,36.5
496,36,37,36.5
496,36,37,36.5
496,36,37,36.5
496,36,37,36.5
496,36,37,36.5
496,36,37,36.5
496,36,37,36.5
496,36,37,36.5
496,36,37,36.5
496,36,37,36.5
496,36,37,36.5
496,36,37,36.5
496,36,37,36.5
496,36,37,36.5
496,36,37,36.5
496,36,37,36.5
496,36,37,36.5
496,36,37,36.5
496,36,37,36.5
496,36,37,36.5
497,36,37,36.5
497,36,37,36.5
497,36,37,36.5
497,36,37,36.5
497,36,37,36.5
497,36,37,36.5
497,36,37,36.5
499,36,37,36.5
500,36,37,36.5
500,36,37,36.5
500,36,37,36.5
500,36,37,36.5
500,36,37,36.5
500,36,37,36.5
500,36,37,36.5
501,36,37,36.5
503,36,37,36.5
503,36,37,36.5
503,36,37,36.5
503,36,37,36.5
503,36,37,36.5
503,36,37,36.5
503,36,37,36.5
505,36,37,36.5
505,36,37,36.5
505,36,37,36.5
505,36,37,36.5
506,36,37,36.5
506,36,37,36.5
506,36,37,36.5
506,36,37,36.5
507,36,37,36.5
507,36,37,36.5
508,36,37,36.5
508,36,37,36.5
508,36,37,36.5
508,36,37,36.5
509,36,37,36.5
509,36,37,36.5
509,36,37,36.5
509,36,37,36.5
509,36,37,36.5
509,36,37,36.5
509,36,37,36.5
509,36,37,36.5
510,36,37,36.5
511,36,37,36.5
511,36,37,36.5
511,36,37,36.5
511,36,37,36.5
511,36,37,36.5
511,36,37,36.5
511,36,37,36.5
511,36,37,36.5
511,36,37,36.5
511,36,37,36.5
511,36,37,36.5
511,36,37,36.5
511,36,37,36.5
511,36,37,36.5
511,36,37,36.5
511,36,37,36.5
511,36,37,36.5
511,36,37,36.5
511,36,37,36.5
511,36,37,36.5
511,36,37,36.5
511,36,37,36.5
511,36,37,36.5
511,35,37,36.0
511,35,37,36.0
511,35,37,36.0
511,35,37,36.0
511,35,37,36.0
511,35,37,36.0
511,35,37,36.0
511,35,37,36.0
511,35,37,36.0
511,35,37,36.0
511,35,37,36.0
511,35,37,36.0
511,35,37,36.0
511,35,37,36.0
511,35,37,36.0
511,35,37,36.0
511,35,37,36.0
511,35,37,36.0
511,35,37,36.0
511,35,37,36.0
511,35,37,36.0
511,35,37,36.0
511,35,38,36.5
511,35,38,36.5
511,35,38,36.5
511,35,38,36.5
511,35,38,36.5
511,35,38,36.5
511,35,38,36.5
511,35,38,36.5
511,35,38,36.5
511,35,38,36.5
511,35,38,36.5
511,35,39,37.0
511,35,39,37.0
511,35,39,37.0
511,35,39,37.0
511,35,39,37.0
511,35,38,36.5
512,35,38,36.5
512,35,38,36.5
512,35,38,36.5
512,35,38,36.5
512,35,38,36.5
512,35,38,36.5
512,35,38,36.5
512,35,38,36.5
512,35,38,36.5
512,35,38,36.5
512,35,38,36.5
512,35,38,36.5
512,35,38,36.5
512,35,38,36.5
512,35,38,36.5
512,35,38,36.5
512,35,38,36.5
512,35,38,36.5
512,35,38,36.5
512,35,38,36.5
512,35,38,36.5
512,35,38,36.5
512,35,38,36.5
512,35,38,36.5
512,35,38,36.5
512,35,38,36.5
512,35,38,36.5
512,35,38,36.5
512,35,38,36.5
512,35,38,36.5
512,35,38,36.5
512,35,38,36.5
512,35,38,36.5
512,35,38,36.5
512,35,38,36.5
512,35,38,36.5
512,35,38,36.5
512,35,38,36.5
512,35,38,36.5
512,35,38,36.5
512,35,38,36.5
512,35,38,36.5
512,35,38,36.5
513,35,38,36.5
513,35,38,36.5
513,35,38,36.5
513,35,38,36.5
513,35,38,36.5
513,35,38,36.5
513,35,38,36.5
513,35,38,36.5
513,35,38,36.5
513,35,38,36.5
513,35,38,36.5
513,35,38,36.5
513,35,38,36.5
514,35,38,36.5
514,35,38,36.5
514,35,38,36.5
514,35,38,36.5
515,35,38,36.5
515,35,38,36.5
515,35,38,36.5
515,35,38,36.5
515,35,38,36.5
515,35,38,36.5
515,35,38,36.5
515,35,38,36.5
515,35,38,36.5
515,35,38,36.5
515,35,38,36.5
515,35,38,36.5
516,35,38,36.5
516,35,38,36.5
516,35,38,36.5
516,35,38,36.5
516,35,38,36.5
516,35,38,36.5
516,35,38,36.5
516,35,38,36.5
516,35,38,36.5
516,35,38,36.5
517,35,38,36.5
517,35,38,36.5
517,35,38,36.5
517,35,38,36.5
517,35,38,36.5
517,35,38,36.5
517,35,38,36.5
517,35,38,36.5
517,35,38,36.5
517,35,38,36.5
517,35,38,36.5
517,35,38,36.5
517,35,38,36.5
517,35,38,36.5
517,35,38,36.5
518,35,38,36.5
518,35,38,36.5
518,35,38,36.5
518,35,38,36.5
518,35,38,36.5
518,35,38,36.5
521,35,38,36.5
521,35,38,36.5
521,35,39,37.0
521,35,39,37.0
521,35,39,37.0
521,35,39,37.0
521,35,39,37.0
521,35,39,37.0
521,35,39,37.0
521,35,39,37.0
521,35,39,37.0
521,35,39,37.0
521,35,39,37.0
521,35,39,37.0
521,35,39,37.0
521,35,39,37.0
521,35,39,37.0
521,35,39,37.0
522,35,39,37.0
522,35,39,37.0
522,35,39,37.0
522,35,39,37.0
522,35,39,37.0
522,35,39,37.0
522,35,39,37.0
522,35,39,37.0
522,35,39,37.0
522,35,39,37.0
522,35,39,37.0
522,35,39,37.0
523,35,39,37.0
523,35,39,37.0
523,35,39,37.0
523,35,39,37.0
523,35,39,37.0
523,35,39,37.0
523,35,39,37.0
523,35,39,37.0
523,35,39,37.0
523,35,39,37.0
523,35,39,37.0
523,35,39,37.0
523,35,39,37.0
523,35,39,37.0
523,35,39,37.0
523,35,39,37.0
523,35,39,37.0
523,35,39,37.0
524,35,39,37.0
524,35,39,37.0
524,35,39,37.0
524,35,39,37.0
524,35,39,37.0
524,35,39,37.0
524,35,39,37.0
524,35,39,37.0
525,35,39,37.0
525,35,39,37.0
525,35,39,37.0
525,35,39,37.0
526,35,39,37.0
526,35,39,37.0
528,35,39,37.0
528,35,39,37.0
528,35,39,37.0
528,35,39,37.0
529,35,39,37.0
529,35,39,37.0
529,35,39,37.0
532,35,39,37.0
532,35,39,37.0
532,35,39,37.0
533,35,39,37.0
533,35,39,37.0
533,35,39,37.0
533,35,39,37.0
533,35,39,37.0
533,35,39,37.0
533,35,39,37.0
533,35,39,37.0
533,35,39,37.0
533,35,39,37.0
533,35,39,37.0
533,35,39,37.0
533,35,39,37.0
533,35,39,37.0
533,35,39,37.0
533,35,39,37.0
533,35,39,37.0
533,35,39,37.0
533,35,39,37.0
533,35,39,37.0
533,35,39,37.0
533,35,39,37.0
533,35,39,37.0
533,35,39,37.0
533,35,39,37.0
533,35,39,37.0
533,35,39,37.0
534,35,39,37.0
534,35,39,37.0
534,35,39,37.0
534,35,39,37.0
534,36,39,37.5
534,36,39,37.5
534,36,39,37.5
534,36,39,37.5
534,36,39,37.5
534,36,39,37.5
534,36,39,37.5
534,36,39,37.5
534,36,39,37.5
534,36,39,37.5
534,36,39,37.5
534,36,39,37.5
534,36,39,37.5
534,36,39,37.5
534,37,39,38.0
534,37,39,38.0
534,37,39,38.0
534,37,39,38.0
534,37,39,38.0
534,37,39,38.0
534,37,39,38.0
534,37,39,38.0
534,37,39,38.0
534,37,39,38.0
534,37,39,38.0
534,37,39,38.0
534,37,39,38.0
534,37,39,38.0
534,37,39,38.0
534,37,39,38.0
534,37,39,38.0
534,37,39,38.0
534,37,39,38.0
534,37,39,38.0
534,37,39,38.0
534,37,39,38.0
534,37,39,38.0
534,37,39,38.0
534,37,39,38.0
534,37,39,38.0
534,37,39,38.0
534,37,39,38.0
534,37,39,38.0
534,37,39,38.0
534,37,39,38.0
534,37,39,38.0
534,37,39,38.0
534,37,39,38.0
535,37,39,38.0
535,37,39,38.0
535,37,39,38.0
535,37,39,38.0
535,37,39,38.0
535,37,39,38.0
535,37,39,38.0
535,37,39,38.0
535,37,39,38.0
535,37,39,38.0
535,37,39,38.0
535,37,39,38.0
535,37,39,38.0
536,37,39,38.0
536,37,39,38.0
536,37,39,38.0
536,37,39,38.0
536,37,39,38.0
536,37,39,38.0
536,37,39,38.0
536,37,39,38.0
536,37,39,38.0
536,37,39,38.0
537,37,39,38.0
537,37,39,38.0
537,37,39,38.0
537,37,39,38.0
537,37,39,38.0
537,37,39,38.0
537,37,39,38.0
537,37,39,38.0
537,37,39,38.0
538,37,39,38.0
538,37,39,38.0
538,37,39,38.0
538,37,39,38.0
538,37,39,38.0
538,37,39,38.0
538,37,39,38.0
538,37,39,38.0
538,37,39,38.0
538,37,39,38.0
538,37,39,38.0
538,38,39,38.5
539,38,39,38.5
539,38,39,38.5
539,38,39,38.5
540,38,39,38.5
540,38,39,38.5
540,38,39,38.5
540,38,39,38.5
540,38,39,38.5
540,38,39,38.5
540,38,39,38.5
540,38,39,38.5
540,38,39,38.5
540,38,39,38.5
540,38,39,38.5
541,38,39,38.5
541,38,39,38.5
541,38,39,38.5
541,38,39,38.5
542,38,39,38.5
542,38,39,38.5
542,38,39,38.5
542,38,39,38.5
542,38,39,38.5
543,38,39,38.5
544,38,39,38.5
544,38,39,38.5
545,38,39,38.5
545,38,39,38.5
545,38,39,38.5
545,38,39,38.5
545,38,39,38.5
547,38,39,38.5
547,38,39,38.5
550,38,39,38.5
550,38,39,38.5
551,38,39,38.5
551,38,39,38.5
551,38,39,38.5
551,38,39,38.5
553,38,39,38.5
553,38,39,38.5
553,38,39,38.5
553,38,39,38.5
554,38,39,38.5
554,38,39,38.5
554,38,39,38.5
555,38,39,38.5
555,38,39,38.5
555,38,39,38.5
555,38,39,38.5
555,38,39,38.5
555,38,39,38.5
555,38,39,38.5
555,38,39,38.5
555,37,39,38.0
555,37,39,38.0
555,37,39,38.0
555,37,39,38.0
555,37,39,38.0
555,37,39,38.0
555,37,39,38.0
555,37,39,38.0
555,37,39,38.0
555,37,39,38.0
555,36,39,37.5
555,36,39,37.5
555,36,39,37.5
555,36,39,37.5
555,36,39,37.5
555,36,39,37.5
555,36,39,37.5
555,36,39,37.5
555,36,39,37.5
555,36,39,37.5
555,36,39,37.5
555,36,39,37.5
555,36,39,37.5
555,36,39,37.5
555,36,39,37.5
555,36,39,37.5
555,36,39,37.5
555,36,39,37.5
555,36,39,37.5
555,36,39,37.5
555,36,39,37.5
555,36,39,37.5
555,36,39,37.5
555,36,39,37.5
555,36,39,37.5
555,36,39,37.5
555,36,39,37.5
555,36,39,37.5
555,36,39,37.5
555,36,39,37.5
555,36,39,37.5
555,36,39,37.5
555,36,39,37.5
555,36,39,37.5
555,36,39,37.5
555,36,39,37.5
555,35,39,37.0
555,35,39,37.0
555,35,39,37.0
555,35,39,37.0
555,35,39,37.0
555,35,39,37.0
555,35,39,37.0
555,35,39,37.0
555,35,39,37.0
555,35,39,37.0
555,35,40,37.5
555,35,40,37.5
555,35,40,37.5
555,35,40,37.5
555,35,40,37.5
555,35,40,37.5
556,35,40,37.5
556,35,40,37.5
556,35,40,37.5
556,35,40,37.5
556,35,40,37.5
556,35,40,37.5
556,35,40,37.5
556,35,40,37.5
556,35,40,37.5
556,35,40,37.5
556,35,40,37.5
556,35,40,37.5
556,35,40,37.5
556,35,40,37.5
556,35,40,37.5
556,35,40,37.5
556,35,40,37.5
556,35,40,37.5
556,35,40,37.5
556,35,40,37.5
556,35,40,37.5
557,35,40,37.5
557,35,40,37.5
557,35,40,37.5
557,35,40,37.5
557,35,40,37.5
557,35,40,37.5
557,35,40,37.5
558,35,40,37.5
558,35,40,37.5
558,35,40,37.5
558,35,40,37.5
558,35,40,37.5
558,35,40,37.5
558,35,40,37.5
558,35,40,37.5
558,35,40,37.5
558,35,40,37.5
558,35,40,37.5
558,35,40,37.5
558,35,40,37.5
558,35,40,37.5
558,35,40,37.5
558,35,40,37.5
559,35,40,37.5
559,35,40,37.5
559,35,40,37.5
559,35,40,37.5
559,35,40,37.5
559,35,40,37.5
559,35,40,37.5
559,35,40,37.5
559,35,40,37.5
560,35,40,37.5
560,35,40,37.5
560,35,40,37.5
560,35,40,37.5
560,35,40,37.5
560,35,40,37.5
560,35,40,37.5
560,35,40,37.5
560,35,40,37.5
560,35,40,37.5
560,35,40,37.5
560,35,40,37.5
560,35,40,37.5
560,35,40,37.5
560,35,40,37.5
560,35,40,37.5
561,35,40,37.5
561,35,40,37.5
561,35,40,37.5
561,35,40,37.5
561,35,40,37.5
561,35,40,37.5
561,35,40,37.5
561,35,40,37.5
561,35,40,37.5
561,35,40,37.5
561,35,40,37.5
562,35,40,37.5
562,35,40,37.5
562,35,40,37.5
562,35,40,37.5
562,35,40,37.5
562,35,40,37.5
564,35,40,37.5
564,35,40,37.5
564,35,40,37.5
564,35,40,37.5
564,35,40,37.5
564,35,40,37.5
564,35,40,37.5
565,35,40,37.5
565,35,40,37.5
565,35,40,37.5
565,35,40,37.5
565,35,40,37.5
565,35,40,37.5
565,35,40,37.5
565,35,40,37.5
565,35,40,37.5
565,35,40,37.5
565,35,40,37.5
565,35,40,37.5
565,35,40,37.5
565,35,40,37.5
565,35,40,37.5
565,35,40,37.5
565,35,40,37.5
565,35,40,37.5
565,35,40,37.5
565,35,40,37.5
565,35,40,37.5
565,35,40,37.5
565,35,40,37.5
565,35,40,37.5
565,35,40,37.5
565,35,40,37.5
565,35,40,37.5
565,35,40,37.5
565,35,40,37.5
565,35,40,37.5
565,35,40,37.5
565,35,40,37.5
565,35,40,37.5
565,35,40,37.5
565,35,40,37.5
565,35,40,37.5
565,35,40,37.5
565,35,40,37.5
565,35,40,37.5
565,35,40,37.5
565,35,40,37.5
565,35,40,37.5
565,35,40,37.5
565,35,40,37.5
565,35,40,37.5
565,35,40,37.5
565,35,40,37.5
565,35,40,37.5
566,35,40,37.5
566,35,40,37.5
566,35,40,37.5
566,35,40,37.5
566,35,40,37.5
566,35,40,37.5
566,35,40,37.5
566,35,40,37.5
566,35,40,37.5
566,35,40,37.5
566,35,40,37.5
566,35,40,37.5
566,35,40,37.5
566,35,40,37.5
566,35,40,37.5
566,35,40,37.5
566,35,40,37.5
566,35,40,37.5
566,35,40,37.5
566,35,40,37.5
566,35,40,37.5
566,35,40,37.5
566,35,40,37.5
566,35,39,37.0
566,35,39,37.0
566,35,39,37.0
566,35,39,37.0
566,35,39,37.0
566,35,39,37.0
566,35,39,37.0
566,35,39,37.0
566,35,39,37.0
566,35,39,37.0
566,35,39,37.0
566,35,39,37.0
566,35,39,37.0
566,35,39,37.0
566,35,39,37.0
566,35,39,37.0
566,35,39,37.0
566,35,38,36.5
566,35,38,36.5
566,35,38,36.5
566,35,38,36.5
566,35,38,36.5
566,35,38,36.5
566,35,38,36.5
566,35,38,36.5
566,35,38,36.5
566,35,37,36.0
566,35,37,36.0
566,35,37,36.0
566,35,37,36.0
566,35,37,36.0
566,35,37,36.0
566,35,37,36.0
566,35,37,36.0
566,35,37,36.0
566,35,37,36.0
566,35,37,36.0
566,35,37,36.0
566,35,37,36.0
566,35,37,36.0
566,35,37,36.0
566,35,37,36.0
566,35,37,36.0
566,35,37,36.0
566,35,37,36.0
566,35,37,36.0
566,35,37,36.0
566,35,37,36.0
566,35,37,36.0
566,35,37,36.0
567,35,37,36.0
567,35,37,36.0
567,35,37,36.0
567,35,37,36.0
567,35,37,36.0
567,35,37,36.0
567,35,37,36.0
567,35,37,36.0
567,35,37,36.0
567,35,37,36.0
567,35,37,36.0
567,35,37,36.0
567,35,37,36.0
567,35,37,36.0
568,35,37,36.0
568,35,37,36.0
568,35,37,36.0
568,35,37,36.0
568,35,37,36.0
568,35,37,36.0
568,35,37,36.0
568,35,37,36.0
568,35,37,36.0
568,35,37,36.0
568,35,37,36.0
568,35,37,36.0
569,35,37,36.0
569,35,37,36.0
569,35,37,36.0
569,35,37,36.0
569,35,37,36.0
569,35,37,36.0
569,35,37,36.0
569,35,37,36.0
569,35,37,36.0
569,35,37,36.0
569,35,37,36.0
569,35,37,36.0
569,35,37,36.0
569,35,37,36.0
569,35,37,36.0
569,35,37,36.0
569,35,37,36.0
569,35,37,36.0
569,35,37,36.0
569,35,37,36.0
569,35,37,36.0
569,35,37,36.0
569,35,37,36.0
569,35,37,36.0
569,35,37,36.0
569,35,37,36.0
569,35,37,36.0
569,35,37,36.0
569,35,37,36.0
569,35,37,36.0
569,35,37,36.0
569,35,37,36.0
570,35,37,36.0
570,35,37,36.0
570,35,37,36.0
570,35,37,36.0
570,35,37,36.0
570,35,37,36.0
571,35,37,36.0
571,35,37,36.0
571,35,37,36.0
571,35,37,36.0
572,35,37,36.0
572,35,37,36.0
572,35,37,36.0
572,35,37,36.0
573,35,37,36.0
573,35,37,36.0
574,35,37,36.0
574,35,37,36.0
574,35,37,36.0
574,35,37,36.0
574,35,37,36.0
574,35,37,36.0
574,35,37,36.0
575,35,37,36.0
575,35,37,36.0
575,35,37,36.0
575,35,37,36.0
575,35,37,36.0
575,35,37,36.0
575,35,37,36.0
576,35,37,36.0
576,35,37,36.0
577,35,37,36.0
578,35,37,36.0
578,35,37,36.0
578,35,37,36.0
578,35,37,36.0
581,35,37,36.0
581,35,37,36.0
581,35,37,36.0
582,35,37,36.0
582,35,37,36.0
582,35,37,36.0
582,35,37,36.0
582,35,37,36.0
582,35,37,36.0
582,36,37,36.5
582,36,37,36.5
582,36,37,36.5
582,36,37,36.5
582,36,37,36.5
582,36,37,36.5
582,36,37,36.5
582,36,37,36.5
583,36,37,36.5
583,36,37,36.5
583,36,37,36.5
583,36,37,36.5
584,36,37,36.5
584,36,37,36.5
584,36,37,36.5
584,36,37,36.5
586,36,37,36.5
586,36,37,36.5
586,36,37,36.5
586,36,37,36.5
586,36,37,36.5
587,36,37,36.5
587,36,37,36.5
587,36,37,36.5
587,36,37,36.5
587,36,37,36.5
587,36,37,36.5
587,36,37,36.5
587,36,37,36.5
587,36,37,36.5
587,35,37,36.0
587,35,37,36.0
587,35,37,36.0
587,35,37,36.0
587,35,37,36.0
587,35,37,36.0
587,35,37,36.0
587,35,37,36.0
587,35,37,36.0
587,35,37,36.0
587,35,37,36.0
587,35,37,36.0
587,35,37,36.0
587,35,37,36.0
587,35,37,36.0
587,35,37,36.0
587,35,37,36.0
587,35,37,36.0
587,35,37,36.0
587,35,37,36.0
587,35,37,36.0
587,35,37,36.0
587,35,37,36.0
587,35,37,36.0
588,35,37,36.0
588,35,37,36.0
588,35,37,36.0
588,35,38,36.5
588,35,38,36.5
588,35,38,36.5
588,35,38,36.5
588,35,38,36.5
588,35,38,36.5
588,35,38,36.5
588,35,38,36.5
588,35,38,36.5
588,35,39,37.0
588,35,39,37.0
588,35,39,37.0
588,35,39,37.0
588,35,39,37.0
588,35,39,37.0
588,35,39,37.0
588,35,39,37.0
588,35,39,37.0
588,35,39,37.0
588,35,39,37.0
588,35,39,37.0
588,35,39,37.0
588,35,39,37.0
588,35,39,37.0
588,35,39,37.0
588,35,39,37.0
588,35,39,37.0
588,35,39,37.0
588,35,39,37.0
588,35,39,37.0
588,35,39,37.0
588,35,39,37.0
588,35,39,37.0
588,35,39,37.0
588,35,39,37.0
588,35,39,37.0
588,35,39,37.0
588,35,39,37.0
589,35,39,37.0
589,35,39,37.0
589,35,39,37.0
589,35,39,37.0
589,35,39,37.0
589,35,39,37.0
589,35,39,37.0
589,35,39,37.0
589,35,39,37.0
589,35,39,37.0
589,35,39,37.0
589,35,39,37.0
589,35,39,37.0
589,35,39,37.0
589,35,39,37.0
589,35,39,37.0
589,35,39,37.0
589,35,39,37.0
589,35,39,37.0
589,35,39,37.0
589,35,39,37.0
589,35,39,37.0
589,35,39,37.0
589,35,39,37.0
589,35,39,37.0
589,35,39,37.0
589,35,39,37.0
589,35,39,37.0
589,35,39,37.0
589,35,39,37.0
589,35,39,37.0
589,35,39,37.0
589,35,39,37.0
589,35,39,37.0
589,35,39,37.0
589,35,39,37.0
590,35,39,37.0
590,35,39,37.0
590,35,39,37.0
590,35,39,37.0
590,35,39,37.0
590,35,39,37.0
590,35,39,37.0
590,35,39,37.0
590,35,39,37.0
590,35,39,37.0
590,35,39,37.0
590,35,39,37.0
590,35,39,37.0
590,35,39,37.0
590,35,39,37.0
590,35,39,37.0
590,35,39,37.0
590,35,39,37.0
590,35,39,37.0
590,35,39,37.0
590,35,39,37.0
591,35,39,37.0
591,35,39,37.0
591,35,39,37.0
591,35,39,37.0
591,35,39,37.0
591,35,39,37.0
591,35,39,37.0
591,35,39,37.0
591,35,39,37.0
591,35,39,37.0
591,35,39,37.0
591,35,39,37.0
591,35,39,37.0
591,35,39,37.0
591,35,39,37.0
591,35,39,37.0
591,35,39,37.0
591,35,39,37.0
592,35,39,37.0
592,35,39,37.0
592,35,39,37.0
592,35,39,37.0
592,35,39,37.0
592,35,38,36.5
592,35,38,36.5
592,35,38,36.5
592,35,38,36.5
592,35,38,36.5
592,35,38,36.5
592,35,38,36.5
592,35,38,36.5
592,35,38,36.5
592,35,38,36.5
592,35,38,36.5
592,35,38,36.5
593,35,38,36.5
593,35,37,36.0
593,35,37,36.0
593,35,37,36.0
593,35,37,36.0
593,35,37,36.0
593,35,37,36.0
593,35,37,36.0
593,35,37,36.0
593,35,37,36.0
593,35,37,36.0
593,35,37,36.0
593,35,37,36.0
593,35,37,36.0
593,35,37,36.0
594,35,37,36.0
594,35,37,36.0
594,35,37,36.0
594,35,37,36.0
594,35,37,36.0
594,35,37,36.0
594,35,37,36.0
594,35,37,36.0
594,35,37,36.0
594,35,37,36.0
594,35,37,36.0
594,35,37,36.0
594,35,37,36.0
594,35,37,36.0
594,35,37,36.0
594,35,37,36.0
594,35,37,36.0
595,35,37,36.0
595,35,37,36.0
595,35,37,36.0
595,35,37,36.0
596,35,37,36.0
596,35,37,36.0
596,35,37,36.0
596,35,37,36.0
596,35,37,36.0
596,35,37,36.0
596,35,37,36.0
596,35,37,36.0
596,35,37,36.0
596,35,37,36.0
596,35,37,36.0
596,35,37,36.0
596,35,37,36.0
596,35,37,36.0
596,35,37,36.0
596,35,37,36.0
596,35,37,36.0
596,35,37,36.0
596,35,37,36.0
596,35,37,36.0
596,35,37,36.0
596,35,37,36.0
596,35,37,36.0
596,35,38,36.5
596,35,38,36.5
596,35,38,36.5
596,35,38,36.5
596,35,38,36.5
596,35,38,36.5
596,35,38,36.5
596,35,38,36.5
596,35,38,36.5
596,35,38,36.5
597,35,38,36.5
597,35,38,36.5
597,35,38,36.5
597,35,38,36.5
597,35,38,36.5
597,35,38,36.5
597,35,38,36.5
597,35,38,36.5
597,35,38,36.5
597,35,38,36.5
598,35,38,36.5
598,35,38,36.5
598,35,38,36.5
598,35,38,36.5
598,35,38,36.5
598,35,38,36.5
598,35,38,36.5
599,35,38,36.5
599,35,38,36.5
599,35,38,36.5
599,35,38,36.5
599,35,38,36.5
599,35,38,36.5
599,35,38,36.5
600,35,38,36.5
600,35,38,36.5
600,35,38,36.5
600,35,38,36.5
600,35,38,36.5
600,35,38,36.5
600,35,38,36.5
601,35,38,36.5
601,35,38,36.5
601,35,38,36.5
601,35,38,36.5
601,35,38,36.5
601,35,38,36.5
601,35,38,36.5
601,35,38,36.5
602,35,38,36.5
602,35,38,36.5
603,35,38,36.5
603,35,38,36.5
603,35,38,36.5
603,35,38,36.5
603,35,38,36.5
603,35,38,36.5
603,35,38,36.5
603,35,38,36.5
603,35,38,36.5
603,35,38,36.5
603,35,38,36.5
603,35,38,36.5
603,35,38,36.5
603,35,38,36.5
603,35,38,36.5
603,35,38,36.5
603,34,38,36.0
603,34,38,36.0
603,34,38,36.0
603,34,38,36.0
603,34,38,36.0
603,34,38,36.0
603,34,38,36.0
603,34,38,36.0
603,34,38,36.0
603,34,38,36.0
603,34,38,36.0
603,34,38,36.0
603,34,37,35.5
603,34,37,35.5
603,34,37,35.5
603,34,37,35.5
603,34,37,35.5
603,34,37,35.5
603,34,37,35.5
603,34,37,35.5
603,34,37,35.5
603,34,37,35.5
603,34,37,35.5
603,34,37,35.5
603,34,37,35.5
603,34,37,35.5
603,34,37,35.5
603,34,37,35.5
603,34,37,35.5
603,34,37,35.5
603,34,37,35.5
603,34,37,35.5
603,34,37,35.5
603,34,37,35.5
603,34,36,35.0
603,34,36,35.0
603,34,36,35.0
603,34,36,35.0
603,34,36,35.0
603,34,36,35.0
603,34,36,35.0
603,34,36,35.0
603,34,36,35.0
603,34,36,35.0
603,34,36,35.0
603,34,36,35.0
603,34,36,35.0
603,34,36,35.0
603,34,36,35.0
603,34,36,35.0
604,34,36,35.0
604,34,36,35.0
604,34,36,35.0
604,34,36,35.0
604,34,36,35.0
604,34,36,35.0
604,34,36,35.0
604,34,36,35.0
604,34,36,35.0
604,34,36,35.0
604,34,36,35.0
604,34,36,35.0
604,34,36,35.0
604,34,36,35.0
604,34,36,35.0
604,34,36,35.0
604,34,36,35.0
604,34,36,35.0
604,34,36,35.0
604,34,36,35.0
604,34,36,35.0
604,34,36,35.0
604,34,36,35.0
604,34,36,35.0
604,34,36,35.0
604,34,36,35.0
604,34,36,35.0
604,34,36,35.0
604,34,36,35.0
604,34,36,35.0
604,34,36,35.0
604,34,36,35.0
604,34,36,35.0
604,34,36,35.0
604,34,36,35.0
604,34,36,35.0
604,34,36,35.0
604,34,36,35.0
604,34,36,35.0
604,34,36,35.0
604,34,36,35.0
604,34,36,35.0
604,34,36,35.0
604,34,36,35.0
604,34,36,35.0
604,34,36,35.0
604,34,36,35.0
604,34,36,35.0
604,34,36,35.0
604,34,36,35.0
604,34,36,35.0
604,34,36,35.0
604,34,36,35.0
604,34,36,35.0
604,34,36,35.0
604,34,36,35.0
604,34,36,35.0
604,34,36,35.0
605,34,36,35.0
605,34,36,35.0
605,34,36,35.0
605,34,36,35.0
605,34,36,35.0
605,34,36,35.0
605,34,36,35.0
605,34,36,35.0
605,34,36,35.0
605,34,35,34.5
605,34,35,34.5
605,34,35,34.5
605,34,35,34.5
605,34,35,34.5
605,34,35,34.5
605,34,35,34.5
605,34,35,34.5
605,34,35,34.5
605,34,35,34.5
605,34,35,34.5
605,34,35,34.5
605,34,35,34.5
605,34,35,34.5
605,34,35,34.5
605,34,35,34.5
605,34,35,34.5
605,34,35,34.5
605,34,35,34.5
605,34,35,34.5
605,34,35,34.5
605,34,35,34.5
605,34,35,34.5
606,34,35,34.5
606,34,35,34.5
606,34,35,34.5
606,34,35,34.5
606,34,35,34.5
606,34,35,34.5
606,34,35,34.5
606,34,35,34.5
606,34,35,34.5
606,34,35,34.5
606,34,35,34.5
606,34,35,34.5
606,34,35,34.5
606,34,35,34.5
606,34,35,34.5
606,34,35,34.5
606,34,35,34.5
606,34,35,34.5
606,34,35,34.5
607,34,35,34.5
607,34,35,34.5
607,34,35,34.5
607,34,35,34.5
607,34,35,34.5
607,34,35,34.5
607,34,35,34.5
607,34,35,34.5
607,34,35,34.5
607,34,35,34.5
607,34,35,34.5
607,34,35,34.5
607,34,35,34.5
607,34,35,34.5
607,34,35,34.5
607,34,35,34.5
607,34,35,34.5
607,34,35,34.5
607,34,35,34.5
607,34,35,34.5
607,34,35,34.5
607,34,35,34.5
607,34,35,34.5
607,34,35,34.5
607,34,35,34.5
607,34,35,34.5
607,34,35,34.5
607,34,35,34.5
607,34,35,34.5
607,34,35,34.5
607,34,35,34.5
608,34,35,34.5
608,34,35,34.5
608,34,35,34.5
608,34,35,34.5
608,34,35,34.5
608,34,35,34.5
608,34,35,34.5
608,34,35,34.5
608,34,35,34.5
608,34,35,34.5
608,34,35,34.5
608,34,35,34.5
608,34,35,34.5
608,34,35,34.5
608,34,35,34.5
609,34,35,34.5
609,34,35,34.5
609,34,35,34.5
609,34,35,34.5
609,34,35,34.5
609,34,35,34.5
610,34,35,34.5
610,34,35,34.5
610,34,35,34.5
610,34,35,34.5
611,34,35,34.5
611,34,35,34.5
611,34,35,34.5
611,34,35,34.5
611,34,35,34.5
611,34,35,34.5
611,34,35,34.5
611,34,35,34.5
612,34,35,34.5
612,34,35,34.5
613,34,35,34.5
613,34,35,34.5
613,34,35,34.5
613,34,35,34.5
613,34,35,34.5
614,34,35,34.5
614,34,35,34.5
614,34,35,34.5
615,34,35,34.5
616,34,35,34.5
616,34,35,34.5
616,34,35,34.5
616,34,35,34.5
618,34,35,34.5
618,34,35,34.5
618,34,35,34.5
618,34,35,34.5
618,34,35,34.5
619,34,35,34.5
619,34,35,34.5
619,33,35,34.0
619,33,34,33.5
619,33,34,33.5
619,33,34,33.5
619,33,34,33.5
619,33,34,33.5
619,33,34,33.5
619,33,34,33.5
619,33,34,33.5
619,33,34,33.5
619,33,34,33.5
619,33,34,33.5
620,33,34,33.5
620,33,34,33.5
620,33,34,33.5
620,33,34,33.5
620,33,34,33.5
620,33,34,33.5
620,33,34,33.5
620,33,34,33.5
620,33,34,33.5
621,33,34,33.5
621,33,34,33.5
621,33,34,33.5
621,33,34,33.5
621,33,34,33.5
621,33,34,33.5
621,33,34,33.5
621,33,34,33.5
621,33,34,33.5
621,33,34,33.5
621,33,34,33.5
621,33,34,33.5
621,33,34,33.5
621,33,34,33.5
621,33,34,33.5
622,33,34,33.5
622,33,34,33.5
622,33,34,33.5
622,33,34,33.5
623,33,34,33.5
623,33,34,33.5
623,33,34,33.5
623,33,34,33.5
623,33,34,33.5
623,33,34,33.5
623,33,34,33.5
623,33,34,33.5
623,33,34,33.5
623,33,34,33.5
623,33,34,33.5
623,33,34,33.5
623,33,34,33.5
623,33,34,33.5
623,33,34,33.5
623,33,34,33.5
623,33,34,33.5
623,33,34,33.5
623,33,34,33.5
623,33,34,33.5
623,33,34,33.5
623,33,34,33.5
623,33,34,33.5
623,33,34,33.5
623,33,34,33.5
623,33,34,33.5
623,33,34,33.5
623,33,34,33.5
623,33,34,33.5
623,33,34,33.5
623,33,34,33.5
623,33,34,33.5
623,33,34,33.5
623,33,34,33.5
623,33,34,33.5
623,33,34,33.5
623,33,34,33.5
623,33,34,33.5
623,33,34,33.5
623,33,34,33.5
624,33,34,33.5
624,33,34,33.5
624,33,34,33.5
624,33,34,33.5
624,33,34,33.5
624,33,34,33.5
624,33,34,33.5
624,33,34,33.5
624,33,34,33.5
624,33,34,33.5
624,33,34,33.5
624,33,34,33.5
624,33,35,34.0
624,33,35,34.0
624,33,35,34.0
624,33,35,34.0
624,33,35,34.0
624,33,35,34.0
624,33,35,34.0
624,33,35,34.0
624,33,35,34.0
624,33,35,34.0
624,33,35,34.0
624,33,35,34.0
624,33,35,34.0
624,33,35,34.0
624,33,35,34.0
624,33,35,34.0
624,33,35,34.0
624,33,35,34.0
624,33,35,34.0
624,33,35,34.0
624,33,35,34.0
624,33,35,34.0
624,33,35,34.0
624,33,35,34.0
624,33,35,34.0
624,33,35,34.0
624,33,35,34.0
624,33,35,34.0
624,33,35,34.0
624,33,35,34.0
624,33,35,34.0
624,33,35,34.0
624,33,35,34.0
624,33,35,34.0
624,33,35,34.0
624,33,35,34.0
624,33,35,34.0
624,33,35,34.0
624,33,35,34.0
624,33,35,34.0
624,33,35,34.0
624,33,35,34.0
624,33,35,34.0
624,33,35,34.0
624,33,35,34.0
624,33,35,34.0
624,33,35,34.0
625,33,35,34.0
625,33,35,34.0
625,33,35,34.0
625,33,35,34.0
625,33,35,34.0
625,33,35,34.0
625,33,35,34.0
625,33,35,34.0
625,33,35,34.0
625,33,35,34.0
625,33,35,34.0
625,33,35,34.0
625,33,35,34.0
625,33,35,34.0
625,33,35,34.0
625,33,35,34.0
625,33,35,34.0
625,33,35,34.0
625,33,35,34.0
625,33,35,34.0
625,33,35,34.0
625,33,35,34.0
625,33,35,34.0
625,33,35,34.0
625,33,35,34.0
625,33,35,34.0
625,33,35,34.0
625,33,35,34.0
625,33,35,34.0
625,33,35,34.0
625,33,35,34.0
625,33,35,34.0
625,33,35,34.0
625,33,35,34.0
625,33,35,34.0
625,33,35,34.0
625,33,35,34.0
625,33,35,34.0
625,33,35,34.0
625,33,35,34.0
625,33,35,34.0
625,33,35,34.0
625,33,35,34.0
626,33,35,34.0
626,33,35,34.0
626,33,35,34.0
626,33,35,34.0
626,33,35,34.0
626,33,35,34.0
626,33,35,34.0
626,33,35,34.0
626,33,35,34.0
626,33,35,34.0
626,33,35,34.0
626,33,35,34.0
626,33,35,34.0
627,33,35,34.0
627,33,35,34.0
627,33,35,34.0
627,33,35,34.0
627,33,35,34.0
627,33,35,34.0
627,33,35,34.0
627,33,35,34.0
627,33,35,34.0
627,33,35,34.0
627,33,35,34.0
627,33,35,34.0
627,33,35,34.0
627,33,35,34.0
627,33,35,34.0
628,33,35,34.0
628,33,35,34.0
628,33,35,34.0
628,33,35,34.0
628,33,35,34.0
628,33,35,34.0
628,33,35,34.0
628,33,35,34.0
628,33,35,34.0
628,33,35,34.0
628,33,35,34.0
628,33,35,34.0
628,33,35,34.0
628,33,35,34.0
628,33,35,34.0
628,33,35,34.0
628,33,35,34.0
628,33,35,34.0
628,33,35,34.0
628,33,35,34.0
628,33,35,34.0
628,33,35,34.0
628,33,35,34.0
628,33,35,34.0
629,33,35,34.0
629,33,35,34.0
629,33,35,34.0
629,33,35,34.0
629,33,35,34.0
629,33,35,34.0
629,33,35,34.0
629,33,35,34.0
629,33,35,34.0
629,33,35,34.0
629,33,35,34.0
629,33,35,34.0
629,33,35,34.0
629,33,34,33.5
629,33,34,33.5
629,33,34,33.5
629,33,34,33.5
629,33,34,33.5
629,33,34,33.5
629,33,34,33.5
629,33,34,33.5
629,33,34,33.5
629,33,34,33.5
629,33,34,33.5
630,33,34,33.5
630,33,35,34.0
630,33,35,34.0
630,33,35,34.0
630,33,35,34.0
630,33,35,34.0
630,33,35,34.0
630,33,35,34.0
630,33,35,34.0
630,33,35,34.0
630,33,35,34.0
630,33,35,34.0
630,33,35,34.0
630,33,35,34.0
630,33,35,34.0
630,33,35,34.0
630,33,35,34.0
630,33,35,34.0
630,33,35,34.0
630,33,35,34.0
630,33,35,34.0
630,33,35,34.0
630,33,35,34.0
630,33,35,34.0
630,33,35,34.0
630,33,35,34.0
631,33,35,34.0
631,33,35,34.0
631,33,34,33.5
631,33,34,33.5
631,33,34,33.5
631,33,34,33.5
631,33,34,33.5
631,33,34,33.5
631,33,34,33.5
631,33,34,33.5
631,33,34,33.5
632,33,34,33.5
632,33,34,33.5
632,33,34,33.5
632,33,34,33.5
632,33,34,33.5
632,33,34,33.5
632,33,34,33.5
632,33,34,33.5
632,33,34,33.5
632,33,34,33.5
632,33,34,33.5
632,32,34,33.0
632,32,33,32.5
632,32,33,32.5
632,32,33,32.5
632,32,33,32.5
632,32,33,32.5
632,32,33,32.5
632,32,33,32.5
632,32,33,32.5
632,32,33,32.5
632,32,33,32.5
632,32,33,32.5
632,32,33,32.5
632,32,33,32.5
632,32,33,32.5
632,32,33,32.5
632,32,33,32.5
632,32,33,32.5
632,32,33,32.5
632,32,33,32.5
632,32,33,32.5
632,32,33,32.5
632,32,33,32.5
632,32,33,32.5
632,32,33,32.5
632,32,33,32.5
632,32,33,32.5
632,32,33,32.5
632,32,33,32.5
632,32,34,33.0
632,32,34,33.0
632,32,34,33.0
632,32,34,33.0
632,32,34,33.0
632,32,34,33.0
632,32,34,33.0
632,32,34,33.0
632,32,35,33.5
632,32,35,33.5
632,32,35,33.5
632,32,35,33.5
632,32,35,33.5
632,32,35,33.5
632,32,35,33.5
632,32,35,33.5
632,32,35,33.5
632,32,35,33.5
632,32,35,33.5
632,32,35,33.5
632,32,35,33.5
632,32,35,33.5
632,32,35,33.5
632,32,35,33.5
632,32,35,33.5
632,32,35,33.5
632,32,35,33.5
632,32,35,33.5
632,32,35,33.5
632,32,35,33.5
632,32,35,33.5
632,32,35,33.5
632,32,35,33.5
632,32,35,33.5
633,32,35,33.5
633,32,35,33.5
633,32,35,33.5
633,32,35,33.5
633,32,35,33.5
633,32,35,33.5
633,32,35,33.5
633,32,35,33.5
633,32,35,33.5
633,32,35,33.5
633,32,35,33.5
633,32,35,33.5
633,32,35,33.5
633,32,35,33.5
633,32,35,33.5
634,32,35,33.5
634,32,35,33.5
634,32,35,33.5
634,32,35,33.5
634,32,35,33.5
634,32,35,33.5
634,32,35,33.5
634,32,35,33.5
634,32,35,33.5
634,32,35,33.5
634,32,35,33.5
634,32,35,33.5
634,32,35,33.5
634,32,35,33.5
634,32,35,33.5
634,32,35,33.5
634,32,35,33.5
634,32,35,33.5
634,32,35,33.5
634,32,35,33.5
634,32,35,33.5
634,32,35,33.5
634,32,35,33.5
634,32,35,33.5
634,32,35,33.5
634,32,35,33.5
634,32,35,33.5
635,32,35,33.5
635,32,35,33.5
635,32,35,33.5
635,32,35,33.5
635,32,35,33.5
635,32,35,33.5
635,32,35,33.5
635,32,35,33.5
635,32,35,33.5
635,32,35,33.5
635,32,35,33.5
635,32,35,33.5
636,32,35,33.5
636,32,35,33.5
636,32,35,33.5
636,32,35,33.5
637,32,35,33.5
637,32,35,33.5
637,32,35,33.5
637,32,35,33.5
637,32,35,33.5
637,32,35,33.5
638,32,35,33.5
638,32,35,33.5
638,32,35,33.5
639,32,35,33.5
639,32,35,33.5
639,32,35,33.5
639,32,35,33.5
639,32,35,33.5
639,32,35,33.5
639,32,35,33.5
639,32,35,33.5
639,32,35,33.5
640,32,35,33.5
640,32,35,33.5
640,32,35,33.5
642,32,35,33.5
642,32,35,33.5
642,32,35,33.5
642,32,35,33.5
642,32,35,33.5
642,32,35,33.5
642,32,35,33.5
642,32,35,33.5
642,32,35,33.5
642,32,35,33.5
642,32,35,33.5
642,32,35,33.5
642,32,35,33.5
642,32,35,33.5
643,32,35,33.5
643,32,35,33.5
643,32,35,33.5
643,32,35,33.5
643,32,35,33.5
643,32,35,33.5
643,32,35,33.5
643,32,35,33.5
643,32,35,33.5
643,32,35,33.5
643,32,35,33.5
643,32,35,33.5
643,32,35,33.5
643,32,35,33.5
643,32,35,33.5
643,32,35,33.5
643,32,35,33.5
644,32,35,33.5
644,32,35,33.5
644,32,35,33.5
644,32,35,33.5
644,32,35,33.5
644,32,35,33.5
644,32,35,33.5
644,32,35,33.5
644,32,35,33.5
644,32,35,33.5
644,32,35,33.5
644,32,35,33.5
644,32,35,33.5
644,32,35,33.5
644,32,35,33.5
644,32,35,33.5
644,32,35,33.5
644,32,35,33.5
644,32,35,33.5
644,32,35,33.5
644,32,35,33.5
645,32,35,33.5
645,32,35,33.5
645,31,35,33.0
645,31,35,33.0
645,31,35,33.0
645,29,35,32.0
645,29,35,32.0
645,29,35,32.0
645,29,35,32.0
645,29,35,32.0
645,29,35,32.0
645,29,35,32.0
645,29,35,32.0
645,29,35,32.0
645,29,35,32.0
645,29,35,32.0
645,29,35,32.0
645,29,35,32.0
645,29,35,32.0
645,29,34,31.5
645,29,34,31.5
645,29,34,31.5
645,29,34,31.5
645,29,34,31.5
645,29,34,31.5
645,29,34,31.5
645,29,34,31.5
645,29,34,31.5
645,29,34,31.5
645,29,34,31.5
645,29,34,31.5
645,29,34,31.5
645,29,34,31.5
645,29,34,31.5
645,29,34,31.5
645,29,34,31.5
645,29,34,31.5
645,29,34,31.5
645,29,34,31.5
645,29,34,31.5
645,29,34,31.5
645,29,34,31.5
645,29,34,31.5
645,29,34,31.5
645,29,34,31.5
645,29,34,31.5
645,29,34,31.5
645,29,34,31.5
645,29,34,31.5
645,29,34,31.5
645,29,34,31.5
645,29,34,31.5
645,29,34,31.5
645,29,34,31.5
645,29,34,31.5
645,29,34,31.5
645,29,34,31.5
645,29,34,31.5
645,29,34,31.5
645,29,34,31.5
645,29,34,31.5
645,29,34,31.5
645,29,34,31.5
645,29,34,31.5
646,29,34,31.5
646,29,34,31.5
646,29,34,31.5
646,29,34,31.5
646,29,34,31.5
646,29,34,31.5
646,29,34,31.5
646,29,34,31.5
646,29,34,31.5
646,29,34,31.5
646,29,34,31.5
646,29,33,31.0
646,29,33,31.0
646,29,33,31.0
646,29,33,31.0
646,29,33,31.0
646,29,33,31.0
646,29,33,31.0
646,29,33,31.0
646,29,33,31.0
646,29,33,31.0
646,29,33,31.0
646,29,33,31.0
646,29,33,31.0
646,29,33,31.0
646,29,33,31.0
646,29,33,31.0
646,29,33,31.0
646,29,33,31.0
646,29,33,31.0
646,29,33,31.0
646,29,33,31.0
646,29,33,31.0
646,29,33,31.0
646,29,33,31.0
646,28,33,30.5
646,28,33,30.5
646,28,33,30.5
646,28,33,30.5
646,28,33,30.5
646,28,33,30.5
646,28,33,30.5
646,28,33,30.5
646,28,33,30.5
646,28,33,30.5
646,28,33,30.5
646,28,33,30.5
646,28,33,30.5
646,28,33,30.5
646,28,33,30.5
646,28,33,30.5
646,28,33,30.5
646,28,33,30.5
646,28,33,30.5
647,28,33,30.5
647,28,33,30.5
647,28,33,30.5
647,28,33,30.5
647,28,33,30.5
647,28,33,30.5
647,28,33,30.5
647,28,33,30.5
647,28,33,30.5
647,28,33,30.5
647,28,33,30.5
647,28,33,30.5
647,28,33,30.5
647,28,33,30.5
647,28,33,30.5
647,28,33,30.5
647,28,33,30.5
647,28,33,30.5
647,28,32,30.0
647,28,32,30.0
647,28,32,30.0
647,28,32,30.0
647,28,32,30.0
647,28,32,30.0
647,28,32,30.0
647,28,32,30.0
647,28,32,30.0
647,28,32,30.0
647,28,32,30.0
647,28,31,29.5
647,28,31,29.5
647,28,31,29.5
647,28,31,29.5
647,28,31,29.5
647,28,31,29.5
647,28,31,29.5
647,28,31,29.5
647,28,31,29.5
647,28,31,29.5
647,28,31,29.5
647,28,31,29.5
647,28,31,29.5
647,28,31,29.5
647,28,31,29.5
647,28,31,29.5
647,28,31,29.5
647,27,31,29.0
647,27,31,29.0
647,27,30,28.5
647,27,30,28.5
647,27,30,28.5
647,27,30,28.5
647,27,30,28.5
647,27,30,28.5
647,27,30,28.5
647,27,29,28.0
647,27,29,28.0
647,27,29,28.0
647,27,29,28.0
647,27,29,28.0
647,27,29,28.0
647,27,29,28.0
647,27,29,28.0
647,27,29,28.0
647,27,29,28.0
647,27,29,28.0
647,27,29,28.0
647,27,29,28.0
647,26,29,27.5
647,26,29,27.5
647,26,29,27.5
647,26,29,27.5
647,26,29,27.5
647,26,29,27.5
647,26,29,27.5
647,26,29,27.5
647,26,29,27.5
647,26,29,27.5
647,26,29,27.5
647,26,29,27.5
647,26,29,27.5
647,26,29,27.5
647,26,29,27.5
647,26,29,27.5
647,26,29,27.5
647,26,29,27.5
647,26,29,27.5
647,26,29,27.5
647,26,29,27.5
647,26,29,27.5
647,26,29,27.5
647,26,29,27.5
648,26,29,27.5
648,26,29,27.5
648,26,29,27.5
648,26,29,27.5
648,26,29,27.5
648,26,29,27.5
648,26,29,27.5
648,26,29,27.5
648,26,29,27.5
648,26,29,27.5
648,26,29,27.5
648,26,29,27.5
648,26,29,27.5
648,26,29,27.5
648,26,29,27.5
648,26,29,27.5
648,26,29,27.5
648,26,29,27.5
648,26,29,27.5
648,26,29,27.5
648,26,29,27.5
648,26,29,27.5
648,26,29,27.5
648,26,29,27.5
648,26,29,27.5
648,26,29,27.5
648,26,29,27.5
648,26,29,27.5
648,26,29,27.5
648,26,29,27.5
648,26,29,27.5
648,26,29,27.5
648,26,29,27.5
648,26,29,27.5
648,26,29,27.5
648,26,29,27.5
648,26,29,27.5
648,26,29,27.5
648,26,29,27.5
648,26,29,27.5
648,26,29,27.5
648,26,29,27.5
648,26,29,27.5
648,26,29,27.5
648,26,29,27.5
648,26,29,27.5
648,27,29,28.0
648,27,29,28.0
648,27,29,28.0
648,27,29,28.0
648,27,29,28.0
648,27,29,28.0
648,27,29,28.0
648,27,29,28.0
649,27,29,28.0
649,27,29,28.0
649,27,29,28.0
649,27,29,28.0
649,27,29,28.0
649,27,29,28.0
649,27,29,28.0
649,27,29,28.0
649,27,29,28.0
649,27,29,28.0
649,27,29,28.0
649,27,29,28.0
649,27,29,28.0
650,27,29,28.0
650,27,29,28.0
650,27,29,28.0
650,27,29,28.0
650,27,29,28.0
650,27,29,28.0
650,27,29,28.0
650,27,29,28.0
650,27,29,28.0
650,27,29,28.0
650,27,29,28.0
650,27,29,28.0
650,27,29,28.0
650,27,29,28.0
650,27,29,28.0
650,27,29,28.0
651,27,29,28.0
651,27,29,28.0
651,27,29,28.0
651,27,29,28.0
651,27,29,28.0
651,27,29,28.0
651,27,29,28.0
651,27,29,28.0
651,27,29,28.0
652,27,29,28.0
652,27,29,28.0
652,27,29,28.0
652,27,29,28.0
652,27,29,28.0
652,27,29,28.0
652,27,29,28.0
652,27,29,28.0
652,27,29,28.0
653,27,29,28.0
653,27,29,28.0
653,27,29,28.0
653,27,29,28.0
653,27,29,28.0
653,27,29,28.0
653,27,29,28.0
653,27,29,28.0
653,27,29,28.0
654,27,29,28.0
654,27,29,28.0
654,27,29,28.0
654,27,29,28.0
654,27,29,28.0
654,27,29,28.0
654,27,29,28.0
654,27,29,28.0
654,28,29,28.5
654,28,29,28.5
654,28,29,28.5
654,28,29,28.5
654,28,29,28.5
654,28,29,28.5
654,28,29,28.5
654,28,29,28.5
654,28,29,28.5
654,28,29,28.5
655,28,29,28.5
655,28,29,28.5
655,28,29,28.5
655,28,29,28.5
655,28,29,28.5
655,28,29,28.5
655,28,29,28.5
655,28,29,28.5
655,28,29,28.5
655,28,29,28.5
655,28,29,28.5
655,28,29,28.5
655,28,29,28.5
655,28,29,28.5
655,28,29,28.5
656,28,29,28.5
656,28,29,28.5
656,28,29,28.5
656,28,29,28.5
657,28,29,28.5
657,28,29,28.5
657,28,29,28.5
657,28,29,28.5
657,28,29,28.5
657,28,29,28.5
657,28,29,28.5
657,28,29,28.5
657,28,29,28.5
657,28,29,28.5
657,28,29,28.5
657,28,29,28.5
658,28,29,28.5
658,28,29,28.5
658,28,29,28.5
658,28,29,28.5
658,28,29,28.5
658,28,29,28.5
658,28,29,28.5
658,28,29,28.5
658,28,29,28.5
658,28,29,28.5
658,28,29,28.5
658,28,29,28.5
658,28,29,28.5
658,28,29,28.5
658,28,29,28.5
658,28,29,28.5
659,28,29,28.5
659,28,29,28.5
659,28,29,28.5
660,28,29,28.5
660,28,29,28.5
660,27,29,28.0
660,27,29,28.0
660,27,29,28.0
660,27,29,28.0
660,27,29,28.0
660,27,29,28.0
660,27,29,28.0
660,27,29,28.0
661,27,29,28.0
661,27,29,28.0
662,27,29,28.0
662,27,29,28.0
662,27,29,28.0
662,27,29,28.0
662,27,29,28.0
662,27,29,28.0
662,27,29,28.0
662,27,29,28.0
663,28,29,28.5
663,28,29,28.5
663,28,29,28.5
663,28,29,28.5
663,28,29,28.5
663,28,29,28.5
663,28,29,28.5
663,28,29,28.5
663,28,29,28.5
663,28,29,28.5
664,28,29,28.5
664,28,29,28.5
664,28,29,28.5
664,28,29,28.5
664,28,29,28.5
664,28,29,28.5
665,28,29,28.5
665,28,29,28.5
667,28,29,28.5
667,28,29,28.5
667,28,29,28.5
667,28,29,28.5
667,28,29,28.5
667,28,29,28.5
667,28,29,28.5
667,28,29,28.5
667,28,29,28.5
667,28,29,28.5
667,28,29,28.5
667,28,29,28.5
667,28,29,28.5
667,28,29,28.5
667,28,29,28.5
667,28,29,28.5
667,28,29,28.5
667,28,29,28.5
667,28,29,28.5
667,28,29,28.5
667,28,29,28.5
668,27,29,28.0
668,27,29,28.0
668,27,28,27.5
668,27,28,27.5
668,27,28,27.5
668,27,28,27.5
668,27,28,27.5
668,27,28,27.5
668,27,28,27.5
668,27,28,27.5
668,27,28,27.5
668,27,28,27.5
668,27,28,27.5
668,27,28,27.5
668,27,28,27.5
668,27,28,27.5
668,27,28,27.5
668,27,28,27.5
668,27,28,27.5
668,27,28,27.5
668,27,28,27.5
668,27,28,27.5
668,27,28,27.5
668,27,28,27.5
668,27,28,27.5
668,27,28,27.5
668,27,28,27.5
668,27,28,27.5
668,27,28,27.5
668,27,28,27.5
668,27,28,27.5
668,27,28,27.5
668,27,28,27.5
668,27,28,27.5
668,27,28,27.5
668,27,28,27.5
668,27,30,28.5
668,27,29,28.0
668,27,29,28.0
668,27,29,28.0
668,27,29,28.0
668,27,29,28.0
668,27,29,28.0
668,27,29,28.0
668,27,29,28.0
668,27,29,28.0
668,27,29,28.0
668,27,29,28.0
668,27,31,29.0
668,27,31,29.0
668,27,31,29.0
668,27,30,28.5
668,27,30,28.5
668,27,30,28.5
668,27,30,28.5
668,27,30,28.5
668,27,30,28.5
668,27,30,28.5
668,27,30,28.5
668,27,30,28.5
668,27,30,28.5
668,27,30,28.5
668,27,30,28.5
668,27,30,28.5
668,27,30,28.5
668,27,30,28.5
668,27,30,28.5
668,27,30,28.5
668,27,30,28.5
668,27,30,28.5
668,27,30,28.5
668,27,30,28.5
668,27,30,28.5
668,27,30,28.5
668,27,30,28.5
668,27,30,28.5
668,27,30,28.5
668,27,30,28.5
668,27,30,28.5
668,27,30,28.5
668,27,30,28.5
668,27,30,28.5
668,27,30,28.5
668,27,30,28.5
668,27,30,28.5
668,27,30,28.5
668,27,30,28.5
668,26,30,28.0
668,26,30,28.0
668,26,30,28.0
668,26,30,28.0
668,26,30,28.0
668,26,30,28.0
668,26,30,28.0
668,26,30,28.0
668,26,30,28.0
668,26,30,28.0
668,26,30,28.0
668,26,30,28.0
668,26,30,28.0
668,26,30,28.0
669,26,30,28.0
669,26,30,28.0
669,26,30,28.0
669,26,30,28.0
669,26,30,28.0
669,26,30,28.0
669,26,30,28.0
669,26,30,28.0
669,26,30,28.0
669,26,30,28.0
669,26,30,28.0
669,26,30,28.0
669,26,30,28.0
669,26,30,28.0
669,26,30,28.0
669,26,30,28.0
669,26,30,28.0
669,26,30,28.0
669,26,30,28.0
669,26,30,28.0
669,26,30,28.0
669,26,30,28.0
669,26,30,28.0
669,26,30,28.0
669,26,30,28.0
669,26,30,28.0
669,26,30,28.0
669,26,30,28.0
669,26,30,28.0
669,26,30,28.0
669,26,30,28.0
669,26,30,28.0
669,26,30,28.0
669,26,30,28.0
669,26,30,28.0
669,26,30,28.0
669,26,30,28.0
669,26,30,28.0
669,26,30,28.0
669,26,30,28.0
669,26,30,28.0
669,26,30,28.0
669,26,30,28.0
669,26,30,28.0
669,26,30,28.0
669,26,30,28.0
669,26,30,28.0
669,26,30,28.0
669,26,30,28.0
669,26,30,28.0
669,26,30,28.0
669,26,30,28.0
669,26,30,28.0
669,26,30,28.0
669,26,30,28.0
669,26,30,28.0
669,26,30,28.0
669,26,30,28.0
669,26,30,28.0
669,26,30,28.0
669,26,30,28.0
669,26,30,28.0
669,26,30,28.0
669,26,30,28.0
669,26,30,28.0
669,26,30,28.0
669,26,30,28.0
669,26,30,28.0
669,26,30,28.0
669,26,30,28.0
669,26,30,28.0
669,26,30,28.0
669,26,30,28.0
669,26,30,28.0
669,26,30,28.0
669,26,30,28.0
669,26,30,28.0
669,26,30,28.0
669,26,30,28.0
669,26,30,28.0
669,26,30,28.0
669,26,30,28.0
669,26,30,28.0
669,26,30,28.0
669,26,31,28.5
669,26,31,28.5
669,26,31,28.5
669,26,31,28.5
669,26,31,28.5
669,26,31,28.5
669,26,31,28.5
669,26,31,28.5
669,26,31,28.5
669,26,31,28.5
669,26,31,28.5
669,26,31,28.5
669,26,31,28.5
669,26,31,28.5
669,26,31,28.5
669,26,31,28.5
670,26,31,28.5
670,26,31,28.5
670,26,31,28.5
670,26,31,28.5
670,26,31,28.5
670,26,31,28.5
670,26,31,28.5
670,26,31,28.5
670,26,31,28.5
670,26,31,28.5
670,26,31,28.5
670,26,31,28.5
670,26,31,28.5
670,26,31,28.5
670,26,31,28.5
670,26,31,28.5
670,26,31,28.5
670,26,31,28.5
670,26,31,28.5
670,26,31,28.5
670,26,31,28.5
670,26,31,28.5
670,26,31,28.5
670,26,31,28.5
670,26,31,28.5
670,26,31,28.5
670,26,31,28.5
670,26,31,28.5
670,26,31,28.5
670,26,31,28.5
670,26,31,28.5
670,26,31,28.5
670,26,31,28.5
670,26,31,28.5
670,26,31,28.5
670,26,31,28.5
670,26,31,28.5
670,27,31,29.0
670,27,31,29.0
670,27,31,29.0
670,27,31,29.0
670,27,31,29.0
670,27,31,29.0
670,27,31,29.0
670,27,31,29.0
670,27,31,29.0
670,27,31,29.0
670,27,31,29.0
670,27,31,29.0
670,27,31,29.0
670,27,31,29.0
670,27,31,29.0
670,27,31,29.0
670,26,31,28.5
670,26,31,28.5
670,26,31,28.5
670,26,31,28.5
670,26,31,28.5
670,26,31,28.5
670,26,31,28.5
670,26,31,28.5
670,26,31,28.5
670,26,31,28.5
670,26,31,28.5
670,26,31,28.5
670,26,31,28.5
670,26,31,28.5
670,26,31,28.5
670,26,31,28.5
670,26,31,28.5
670,26,31,28.5
670,26,31,28.5
670,26,31,28.5
670,27,31,29.0
670,27,31,29.0
670,27,31,29.0
670,27,31,29.0
670,27,31,29.0
670,27,31,29.0
670,27,31,29.0
670,27,31,29.0
670,27,31,29.0
670,27,31,29.0
670,27,31,29.0
670,27,31,29.0
670,26,31,28.5
670,26,32,29.0
670,26,32,29.0
670,26,32,29.0
670,26,31,28.5
670,26,31,28.5
670,26,31,28.5
670,26,31,28.5
670,26,31,28.5
670,26,31,28.5
670,26,31,28.5
670,26,31,28.5
670,26,31,28.5
670,26,31,28.5
670,26,31,28.5
670,26,31,28.5
671,26,31,28.5
671,26,31,28.5
671,26,31,28.5
671,26,31,28.5
671,26,31,28.5
671,26,31,28.5
671,26,31,28.5
671,26,31,28.5
671,26,31,28.5
671,26,31,28.5
671,26,31,28.5
671,26,31,28.5
671,26,31,28.5
671,27,31,29.0
671,27,31,29.0
671,27,31,29.0
671,27,31,29.0
671,27,31,29.0
671,27,31,29.0
671,27,31,29.0
671,27,31,29.0
671,26,31,28.5
671,26,31,28.5
671,26,31,28.5
671,26,31,28.5
671,26,31,28.5
671,26,31,28.5
671,26,31,28.5
671,26,31,28.5
671,26,31,28.5
671,26,31,28.5
671,26,31,28.5
671,26,31,28.5
671,26,31,28.5
671,26,31,28.5
671,26,31,28.5
671,26,31,28.5
671,26,31,28.5
671,26,31,28.5
671,26,31,28.5
671,27,31,29.0
671,27,31,29.0
671,27,31,29.0
671,27,31,29.0
671,27,31,29.0
671,27,31,29.0
671,26,31,28.5
671,26,31,28.5
671,26,31,28.5
671,26,31,28.5
671,26,31,28.5
671,26,31,28.5
671,26,31,28.5
672,26,31,28.5
672,26,31,28.5
672,26,31,28.5
672,26,31,28.5
672,26,31,28.5
672,26,31,28.5
672,26,31,28.5
672,26,31,28.5
672,26,31,28.5
672,26,31,28.5
672,26,31,28.5
672,26,31,28.5
672,26,31,28.5
672,26,31,28.5
672,27,31,29.0
672,27,31,29.0
672,27,31,29.0
672,27,31,29.0
672,27,31,29.0
672,27,31,29.0
672,27,31,29.0
672,27,31,29.0
672,27,31,29.0
672,27,31,29.0
672,27,31,29.0
672,26,31,28.5
672,26,31,28.5
672,26,31,28.5
672,26,31,28.5
672,26,31,28.5
672,26,31,28.5
672,26,31,28.5
672,26,31,28.5
672,26,31,28.5
672,26,31,28.5
672,26,31,28.5
672,26,31,28.5
672,27,31,29.0
672,27,31,29.0
672,27,31,29.0
672,27,31,29.0
672,27,31,29.0
672,27,31,29.0
672,27,31,29.0
672,27,31,29.0
672,27,31,29.0
672,27,31,29.0
672,27,31,29.0
672,27,31,29.0
672,27,31,29.0
672,27,31,29.0
672,27,31,29.0
672,27,31,29.0
672,28,31,29.5
672,27,31,29.0
672,27,31,29.0
672,27,31,29.0
672,27,31,29.0
672,27,31,29.0
672,27,31,29.0
672,27,31,29.0
672,27,30,28.5
672,27,30,28.5
672,27,30,28.5
672,27,30,28.5
672,27,30,28.5
672,27,30,28.5
672,27,30,28.5
672,27,30,28.5
672,27,30,28.5
672,27,30,28.5
672,27,30,28.5
672,27,30,28.5
672,27,30,28.5
672,27,30,28.5
672,27,30,28.5
672,27,30,28.5
672,27,30,28.5
672,27,29,28.0
673,27,29,28.0
673,27,29,28.0
673,27,29,28.0
673,27,29,28.0
673,27,29,28.0
673,27,29,28.0
673,27,28,27.5
673,27,28,27.5
673,27,28,27.5
673,27,28,27.5
673,27,28,27.5
673,27,28,27.5
673,27,28,27.5
673,27,28,27.5
673,27,28,27.5
673,27,28,27.5
673,27,28,27.5
673,27,28,27.5
673,27,28,27.5
673,27,28,27.5
673,27,28,27.5
673,27,28,27.5
673,27,28,27.5
673,27,28,27.5
673,27,28,27.5
673,27,28,27.5
673,27,28,27.5
673,27,28,27.5
673,26,28,27.0
673,26,28,27.0
673,26,28,27.0
673,26,28,27.0
673,26,27,26.5
673,26,27,26.5
673,26,27,26.5
673,26,27,26.5
673,26,27,26.5
673,26,27,26.5
673,26,27,26.5
673,26,27,26.5
673,26,27,26.5
673,26,27,26.5
673,26,27,26.5
673,26,27,26.5
673,26,27,26.5
673,26,27,26.5
673,26,27,26.5
673,26,27,26.5
673,26,27,26.5
673,26,27,26.5
673,26,27,26.5
673,26,27,26.5
673,26,27,26.5
673,26,27,26.5
673,26,27,26.5
673,26,27,26.5
673,26,27,26.5
673,26,27,26.5
673,26,27,26.5
673,26,27,26.5
673,26,27,26.5
673,26,27,26.5
673,26,27,26.5
673,26,27,26.5
673,26,27,26.5
673,26,27,26.5
673,26,27,26.5
673,26,27,26.5
673,26,27,26.5
673,26,27,26.5
673,26,27,26.5
673,26,27,26.5
673,26,27,26.5
673,26,27,26.5
673,26,27,26.5
674,26,27,26.5
674,26,27,26.5
674,26,27,26.5
674,26,27,26.5
674,26,27,26.5
674,26,27,26.5
674,26,27,26.5
674,26,27,26.5
674,26,27,26.5
674,26,27,26.5
674,26,27,26.5
674,26,27,26.5
674,26,27,26.5
674,26,27,26.5
674,26,27,26.5
674,26,27,26.5
674,26,27,26.5
674,26,27,26.5
674,26,27,26.5
674,26,27,26.5
674,26,27,26.5
674,26,27,26.5
674,26,27,26.5
674,26,27,26.5
674,26,27,26.5
674,26,27,26.5
674,26,27,26.5
674,26,27,26.5
674,26,27,26.5
674,26,27,26.5
674,26,27,26.5
674,26,27,26.5
674,26,27,26.5
674,26,27,26.5
674,26,27,26.5
674,26,27,26.5
674,26,27,26.5
674,26,27,26.5
674,26,27,26.5
674,26,27,26.5
674,26,27,26.5
674,26,27,26.5
674,26,27,26.5
674,26,27,26.5
674,26,27,26.5
674,26,27,26.5
675,26,27,26.5
675,26,27,26.5
675,26,27,26.5
675,26,27,26.5
675,26,27,26.5
675,26,27,26.5
675,26,27,26.5
675,26,27,26.5
675,26,27,26.5
675,26,27,26.5
675,26,27,26.5
675,26,27,26.5
675,26,27,26.5
675,26,27,26.5
675,26,27,26.5
675,26,27,26.5
675,26,27,26.5
675,26,27,26.5
675,26,27,26.5
675,26,27,26.5
675,26,27,26.5
675,26,27,26.5
675,26,27,26.5
675,26,27,26.5
675,26,27,26.5
675,26,27,26.5
675,26,27,26.5
675,26,27,26.5
675,26,27,26.5
675,26,27,26.5
676,26,27,26.5
676,26,27,26.5
676,26,27,26.5
676,26,27,26.5
677,26,27,26.5
677,26,27,26.5
677,26,27,26.5
677,26,27,26.5
677,26,27,26.5
677,26,27,26.5
677,26,27,26.5
677,26,27,26.5
677,26,27,26.5
677,26,27,26.5
677,26,27,26.5
677,26,27,26.5
677,26,27,26.5
677,26,27,26.5
677,26,27,26.5
677,26,27,26.5
677,26,27,26.5
677,26,27,26.5
677,26,27,26.5
677,26,27,26.5
677,26,27,26.5
677,26,28,27.0
677,26,28,27.0
677,26,29,27.5
677,26,29,27.5
677,26,29,27.5
677,26,29,27.5
677,26,29,27.5
677,26,29,27.5
677,26,29,27.5
677,26,29,27.5
677,26,30,28.0
677,26,30,28.0
677,26,30,28.0
677,26,30,28.0
677,26,30,28.0
677,26,30,28.0
677,26,30,28.0
677,26,30,28.0
677,26,30,28.0
677,26,30,28.0
677,26,30,28.0
677,26,30,28.0
677,26,30,28.0
677,26,30,28.0
677,26,30,28.0
677,26,30,28.0
677,26,30,28.0
677,26,30,28.0
677,26,30,28.0
677,26,30,28.0
677,26,31,28.5
677,26,31,28.5
677,26,31,28.5
677,26,31,28.5
677,26,31,28.5
677,26,31,28.5
677,26,31,28.5
677,26,31,28.5
677,26,31,28.5
677,26,31,28.5
677,26,31,28.5
677,26,30,28.0
677,26,30,28.0
677,26,30,28.0
677,26,30,28.0
677,26,30,28.0
677,26,30,28.0
677,26,30,28.0
677,26,30,28.0
677,26,30,28.0
677,26,30,28.0
677,26,30,28.0
677,26,30,28.0
677,26,30,28.0
677,26,30,28.0
677,26,30,28.0
677,26,30,28.0
677,26,30,28.0
677,26,30,28.0
677,26,30,28.0
677,26,30,28.0
677,26,30,28.0
677,26,30,28.0
678,26,30,28.0
678,26,30,28.0
678,26,30,28.0
678,26,30,28.0
678,26,30,28.0
678,26,30,28.0
678,26,30,28.0
678,26,30,28.0
678,26,30,28.0
678,26,30,28.0
678,26,30,28.0
678,26,30,28.0
678,26,30,28.0
678,26,30,28.0
678,26,30,28.0
678,26,30,28.0
678,26,30,28.0
678,26,30,28.0
678,26,30,28.0
678,26,30,28.0
678,26,30,28.0
678,26,30,28.0
678,26,30,28.0
678,26,30,28.0
678,26,30,28.0
678,26,30,28.0
678,26,30,28.0
678,26,30,28.0
678,26,30,28.0
678,26,30,28.0
678,26,30,28.0
678,26,30,28.0
678,26,30,28.0
678,26,30,28.0
678,26,30,28.0
678,26,30,28.0
678,26,30,28.0
678,26,30,28.0
678,26,30,28.0
678,26,30,28.0
678,26,29,27.5
678,26,29,27.5
678,26,29,27.5
679,26,29,27.5
679,26,29,27.5
679,26,29,27.5
679,26,29,27.5
679,26,29,27.5
679,26,29,27.5
679,26,29,27.5
679,26,29,27.5
679,26,29,27.5
679,26,29,27.5
679,26,29,27.5
679,26,29,27.5
679,26,29,27.5
679,26,29,27.5
680,26,29,27.5
680,26,29,27.5
680,26,29,27.5
680,26,29,27.5
680,26,29,27.5
680,26,29,27.5
680,26,29,27.5
680,26,29,27.5
680,26,29,27.5
680,26,29,27.5
680,26,29,27.5
680,26,29,27.5
680,26,29,27.5
680,26,29,27.5
680,26,29,27.5
680,26,29,27.5
680,26,29,27.5
680,26,29,27.5
680,26,29,27.5
680,26,29,27.5
680,26,29,27.5
680,26,29,27.5
680,26,29,27.5
680,26,29,27.5
680,26,29,27.5
680,26,29,27.5
680,26,29,27.5
680,26,29,27.5
680,26,29,27.5
680,26,29,27.5
680,26,29,27.5
680,26,29,27.5
680,26,29,27.5
680,26,29,27.5
680,26,29,27.5
680,26,29,27.5
680,26,29,27.5
680,26,29,27.5
680,26,29,27.5
680,26,29,27.5
680,26,29,27.5
680,26,29,27.5
680,26,29,27.5
680,26,29,27.5
681,26,29,27.5
681,26,29,27.5
681,26,29,27.5
681,26,29,27.5
681,26,29,27.5
681,26,29,27.5
681,26,29,27.5
681,26,29,27.5
681,26,29,27.5
681,26,29,27.5
681,26,29,27.5
681,26,29,27.5
681,26,29,27.5
681,26,29,27.5
681,26,29,27.5
681,26,29,27.5
681,26,29,27.5
681,26,29,27.5
681,26,29,27.5
681,26,29,27.5
681,26,29,27.5
681,26,29,27.5
681,26,29,27.5
681,26,29,27.5
681,26,29,27.5
681,26,29,27.5
681,26,29,27.5
681,26,29,27.5
682,26,29,27.5
682,26,29,27.5
682,26,29,27.5
682,26,29,27.5
682,26,29,27.5
682,26,29,27.5
682,26,29,27.5
682,26,29,27.5
682,26,29,27.5
683,26,29,27.5
683,26,29,27.5
683,26,29,27.5
683,26,29,27.5
683,26,29,27.5
683,26,29,27.5
683,26,29,27.5
683,26,29,27.5
683,26,29,27.5
683,26,29,27.5
683,26,29,27.5
683,26,29,27.5
683,26,29,27.5
683,26,29,27.5
683,26,29,27.5
683,26,29,27.5
683,26,29,27.5
683,26,29,27.5
683,26,29,27.5
683,26,29,27.5
683,26,29,27.5
683,26,29,27.5
683,26,29,27.5
683,26,29,27.5
684,26,29,27.5
684,26,29,27.5
684,26,29,27.5
684,26,29,27.5
684,26,29,27.5
684,26,29,27.5
684,26,29,27.5
685,26,29,27.5
685,26,29,27.5
685,26,29,27.5
685,26,29,27.5
685,26,29,27.5
685,26,29,27.5
685,26,29,27.5
685,26,29,27.5
685,26,29,27.5
685,26,29,27.5
685,26,29,27.5
685,26,29,27.5
685,26,29,27.5
685,26,29,27.5
685,26,29,27.5
685,26,29,27.5
685,26,29,27.5
686,26,29,27.5
686,26,29,27.5
686,26,29,27.5
686,26,29,27.5
686,26,29,27.5
686,26,29,27.5
686,26,29,27.5
686,26,29,27.5
687,26,29,27.5
687,26,29,27.5
687,26,29,27.5
687,26,29,27.5
687,26,29,27.5
687,26,29,27.5
687,26,29,27.5
687,26,29,27.5
687,26,29,27.5
687,26,29,27.5
687,26,29,27.5
687,26,29,27.5
687,26,29,27.5
687,26,29,27.5
687,26,29,27.5
687,26,29,27.5
687,26,29,27.5
687,26,29,27.5
687,26,29,27.5
687,26,29,27.5
687,26,29,27.5
688,26,29,27.5
688,26,29,27.5
688,26,29,27.5
688,26,29,27.5
688,26,29,27.5
688,26,29,27.5
688,26,29,27.5
688,26,29,27.5
688,26,29,27.5
688,26,29,27.5
688,26,29,27.5
688,26,29,27.5
689,28,29,28.5
689,28,29,28.5
689,28,29,28.5
689,28,30,29.0
689,28,30,29.0
689,28,31,29.5
689,28,31,29.5
689,28,31,29.5
689,28,31,29.5
689,28,31,29.5
689,28,31,29.5
689,28,31,29.5
689,28,31,29.5
689,28,31,29.5
689,26,31,28.5
689,26,31,28.5
689,26,31,28.5
689,26,31,28.5
689,26,31,28.5
689,26,31,28.5
689,26,31,28.5
689,26,31,28.5
689,26,30,28.0
689,26,30,28.0
689,26,30,28.0
689,26,30,28.0
689,26,30,28.0
689,26,30,28.0
689,26,30,28.0
689,26,30,28.0
689,26,30,28.0
689,26,30,28.0
689,26,30,28.0
689,26,30,28.0
689,26,30,28.0
689,26,30,28.0
689,26,30,28.0
689,26,30,28.0
689,26,30,28.0
689,26,30,28.0
689,26,30,28.0
689,26,30,28.0
689,26,30,28.0
689,26,30,28.0
689,26,30,28.0
689,26,30,28.0
689,26,30,28.0
689,28,30,29.0
689,28,30,29.0
689,28,30,29.0
689,28,30,29.0
689,28,30,29.0
689,28,30,29.0
689,28,30,29.0
689,28,30,29.0
689,28,30,29.0
689,28,30,29.0
689,28,30,29.0
689,28,30,29.0
689,28,30,29.0
689,28,30,29.0
689,28,30,29.0
689,28,30,29.0
689,28,30,29.0
689,28,30,29.0
689,28,30,29.0
689,28,30,29.0
690,28,30,29.0
690,28,30,29.0
690,28,30,29.0
690,28,30,29.0
690,28,30,29.0
690,28,30,29.0
690,28,30,29.0
690,28,30,29.0
690,28,30,29.0
690,28,30,29.0
690,28,30,29.0
690,28,30,29.0
690,28,30,29.0
690,28,30,29.0
690,28,30,29.0
690,28,30,29.0
690,28,30,29.0
690,28,30,29.0
690,28,30,29.0
690,28,30,29.0
690,28,30,29.0
690,28,30,29.0
690,28,30,29.0
690,28,30,29.0
690,28,30,29.0
690,28,30,29.0
690,28,30,29.0
690,28,30,29.0
690,28,30,29.0
690,28,30,29.0
690,28,30,29.0
690,28,30,29.0
690,28,30,29.0
690,28,30,29.0
690,28,30,29.0
690,28,30,29.0
690,28,30,29.0
690,28,30,29.0
690,28,30,29.0
690,28,30,29.0
690,28,30,29.0
690,28,30,29.0
690,28,30,29.0
690,28,30,29.0
690,28,31,29.5
690,28,31,29.5
690,28,31,29.5
690,28,31,29.5
690,28,31,29.5
690,28,31,29.5
690,28,31,29.5
690,28,31,29.5
690,28,31,29.5
690,28,31,29.5
690,28,31,29.5
690,28,31,29.5
690,28,31,29.5
690,28,31,29.5
690,28,31,29.5
690,28,31,29.5
690,28,31,29.5
690,28,31,29.5
690,28,31,29.5
690,28,31,29.5
691,28,31,29.5
691,28,31,29.5
691,28,31,29.5
691,28,31,29.5
691,28,31,29.5
691,28,31,29.5
691,28,31,29.5
691,28,31,29.5
691,28,31,29.5
691,28,31,29.5
691,28,31,29.5
691,28,31,29.5
691,28,31,29.5
691,28,31,29.5
691,28,31,29.5
691,28,31,29.5
691,28,31,29.5
692,28,31,29.5
692,28,31,29.5
692,28,31,29.5
692,28,31,29.5
692,28,31,29.5
692,28,31,29.5
692,28,31,29.5
692,28,31,29.5
692,28,31,29.5
692,28,31,29.5
692,28,31,29.5
692,28,31,29.5
692,28,31,29.5
692,28,31,29.5
692,28,31,29.5
692,28,30,29.0
692,28,30,29.0
692,28,30,29.0
692,28,30,29.0
692,28,30,29.0
692,28,30,29.0
692,28,30,29.0
692,28,30,29.0
692,28,30,29.0
692,28,30,29.0
692,28,30,29.0
692,28,30,29.0
692,28,30,29.0
692,28,30,29.0
692,28,30,29.0
692,28,30,29.0
693,28,30,29.0
693,28,30,29.0
693,28,30,29.0
693,28,30,29.0
693,28,30,29.0
693,28,30,29.0
693,28,30,29.0
693,28,30,29.0
693,28,30,29.0
693,28,30,29.0
693,28,30,29.0
693,28,30,29.0
693,28,30,29.0
693,28,30,29.0
693,28,30,29.0
693,28,30,29.0
693,28,30,29.0
693,28,30,29.0
693,28,30,29.0
694,28,30,29.0
694,28,30,29.0
694,28,30,29.0
694,28,30,29.0
694,28,30,29.0
694,28,30,29.0
694,28,30,29.0
694,28,30,29.0
694,28,30,29.0
694,28,30,29.0
694,28,30,29.0
694,28,30,29.0
694,28,30,29.0
695,28,30,29.0
695,28,30,29.0
695,28,30,29.0
695,28,30,29.0
695,28,30,29.0
695,28,30,29.0
695,28,30,29.0
695,28,30,29.0
695,28,30,29.0
695,28,30,29.0
695,28,30,29.0
695,28,30,29.0
696,28,30,29.0
696,28,30,29.0
696,28,30,29.0
696,28,30,29.0
696,28,30,29.0
696,28,30,29.0
696,28,30,29.0
696,28,30,29.0
696,28,30,29.0
696,28,30,29.0
697,28,30,29.0
697,28,30,29.0
697,28,30,29.0
697,28,30,29.0
697,28,30,29.0
697,28,30,29.0
697,28,30,29.0
698,28,30,29.0
698,28,30,29.0
698,28,30,29.0
698,29,30,29.5
698,29,30,29.5
698,29,30,29.5
698,29,30,29.5
698,29,30,29.5
698,29,30,29.5
698,29,30,29.5
698,29,30,29.5
698,29,30,29.5
698,29,30,29.5
698,29,30,29.5
698,29,30,29.5
698,29,30,29.5
698,29,30,29.5
698,29,30,29.5
698,29,30,29.5
698,29,30,29.5
698,29,30,29.5
698,29,30,29.5
698,29,30,29.5
698,29,30,29.5
698,29,30,29.5
699,29,30,29.5
699,29,30,29.5
700,29,30,29.5
700,29,30,29.5
700,29,30,29.5
700,29,30,29.5
700,29,30,29.5
700,29,30,29.5
700,29,30,29.5
701,29,30,29.5
701,29,30,29.5
701,29,30,29.5
703,29,30,29.5
703,29,30,29.5
703,29,30,29.5
703,29,30,29.5
703,29,30,29.5
703,29,30,29.5
703,29,30,29.5
703,29,30,29.5
703,29,30,29.5
704,28,30,29.0
704,27,30,28.5
704,27,30,28.5
704,27,30,28.5
704,27,30,28.5
704,26,30,28.0
704,26,30,28.0
704,26,30,28.0
704,26,30,28.0
704,26,30,28.0
704,27,30,28.5
704,27,30,28.5
704,27,30,28.5
704,27,30,28.5
704,27,30,28.5
704,27,30,28.5
704,27,30,28.5
704,27,30,28.5
704,27,30,28.5
705,27,30,28.5
705,27,30,28.5
705,27,30,28.5
706,27,30,28.5
706,27,30,28.5
706,27,30,28.5
706,27,30,28.5
706,27,30,28.5
706,27,30,28.5
706,27,30,28.5
706,27,30,28.5
706,27,30,28.5
707,27,30,28.5
707,27,30,28.5
708,27,30,28.5
708,27,30,28.5
708,28,30,29.0
708,28,30,29.0
708,28,30,29.0
708,28,30,29.0
708,28,30,29.0
708,28,30,29.0
708,28,30,29.0
708,28,30,29.0
708,28,30,29.0
708,28,30,29.0
708,28,30,29.0
709,28,30,29.0
709,28,30,29.0
710,28,30,29.0
710,28,30,29.0
710,28,30,29.0
710,28,30,29.0
710,28,30,29.0
710,28,30,29.0
710,28,30,29.0
710,28,30,29.0
711,28,30,29.0
711,28,30,29.0
711,28,30,29.0
711,28,30,29.0
713,28,30,29.0
713,28,30,29.0
713,28,30,29.0
713,28,30,29.0
713,28,30,29.0
713,28,30,29.0
713,28,30,29.0
713,28,30,29.0
713,28,30,29.0
713,28,30,29.0
713,28,30,29.0
713,28,30,29.0
713,28,30,29.0
713,28,30,29.0
713,28,30,29.0
713,28,30,29.0
713,28,30,29.0
713,28,32,30.0
713,28,31,29.5
713,28,31,29.5
713,28,31,29.5
713,28,31,29.5
713,28,31,29.5
713,28,31,29.5
713,28,31,29.5
713,28,31,29.5
713,28,31,29.5
713,28,31,29.5
713,28,31,29.5
713,28,31,29.5
713,28,31,29.5
713,28,31,29.5
713,28,33,30.5
713,28,32,30.0
713,28,32,30.0
713,28,32,30.0
713,28,32,30.0
713,28,32,30.0
713,28,32,30.0
713,28,32,30.0
713,28,32,30.0
713,28,32,30.0
713,28,32,30.0
713,28,32,30.0
713,28,32,30.0
713,28,32,30.0
713,28,32,30.0
713,28,32,30.0
713,28,32,30.0
713,29,32,30.5
713,29,32,30.5
713,29,32,30.5
713,29,32,30.5
713,29,32,30.5
713,29,32,30.5
713,29,32,30.5
713,29,32,30.5
713,29,32,30.5
713,29,32,30.5
713,29,32,30.5
713,29,32,30.5
713,29,32,30.5
713,29,32,30.5
713,29,32,30.5
713,29,32,30.5
713,29,32,30.5
713,29,32,30.5
713,29,32,30.5
713,29,32,30.5
713,29,32,30.5
713,29,32,30.5
713,29,32,30.5
713,29,32,30.5
713,29,32,30.5
713,29,32,30.5
713,29,32,30.5
713,29,32,30.5
713,29,32,30.5
713,29,32,30.5
713,29,31,30.0
713,29,31,30.0
713,28,31,29.5
713,28,31,29.5
713,28,31,29.5
713,28,31,29.5
713,28,31,29.5
713,28,31,29.5
713,28,31,29.5
713,28,31,29.5
713,28,31,29.5
713,28,31,29.5
713,28,31,29.5
713,28,31,29.5
713,28,31,29.5
713,28,31,29.5
713,28,31,29.5
713,28,31,29.5
713,28,31,29.5
713,28,31,29.5
713,28,31,29.5
713,29,31,30.0
713,29,31,30.0
713,29,31,30.0
713,29,31,30.0
713,29,31,30.0
713,29,31,30.0
713,29,31,30.0
713,29,31,30.0
713,28,31,29.5
713,28,31,29.5
713,28,31,29.5
713,28,31,29.5
713,28,31,29.5
713,28,31,29.5
713,28,33,30.5
713,28,33,30.5
714,28,33,30.5
714,28,33,30.5
714,28,33,30.5
714,28,33,30.5
714,28,33,30.5
714,28,33,30.5
714,28,33,30.5
714,28,33,30.5
714,28,33,30.5
714,28,33,30.5
714,28,33,30.5
714,28,33,30.5
714,28,33,30.5
714,28,33,30.5
714,28,32,30.0
714,28,32,30.0
714,28,32,30.0
714,28,32,30.0
714,28,32,30.0
714,28,32,30.0
714,28,32,30.0
714,28,32,30.0
714,28,32,30.0
714,28,32,30.0
714,28,32,30.0
714,28,32,30.0
714,28,32,30.0
714,28,32,30.0
714,28,32,30.0
714,28,32,30.0
714,28,32,30.0
714,28,32,30.0
714,28,32,30.0
714,28,32,30.0
714,28,32,30.0
714,28,32,30.0
714,28,32,30.0
714,28,34,31.0
714,28,34,31.0
715,28,34,31.0
715,28,34,31.0
715,28,34,31.0
715,28,34,31.0
715,28,34,31.0
715,28,34,31.0
715,28,34,31.0
715,28,34,31.0
715,28,34,31.0
715,28,34,31.0
715,28,34,31.0
715,28,34,31.0
715,28,34,31.0
715,28,34,31.0
715,28,34,31.0
715,28,34,31.0
715,28,34,31.0
715,28,34,31.0
715,28,34,31.0
715,28,34,31.0
715,28,33,30.5
715,28,33,30.5
715,28,33,30.5
715,28,33,30.5
715,28,33,30.5
715,28,33,30.5
715,28,33,30.5
715,28,33,30.5
715,28,33,30.5
715,28,33,30.5
715,27,33,30.0
715,27,33,30.0
715,26,33,29.5
715,26,33,29.5
715,26,33,29.5
715,26,33,29.5
715,26,33,29.5
715,26,33,29.5
715,26,33,29.5
715,28,33,30.5
715,28,33,30.5
715,28,33,30.5
715,28,33,30.5
715,28,33,30.5
715,28,33,30.5
715,28,33,30.5
715,28,33,30.5
715,28,33,30.5
715,28,33,30.5
715,28,33,30.5
715,28,33,30.5
715,28,33,30.5
715,28,33,30.5
715,28,33,30.5
715,28,33,30.5
715,28,33,30.5
715,28,33,30.5
715,28,33,30.5
715,28,33,30.5
715,28,33,30.5
715,28,33,30.5
715,28,33,30.5
715,28,33,30.5
716,28,33,30.5
716,28,33,30.5
716,26,33,29.5
716,26,33,29.5
716,26,33,29.5
716,26,33,29.5
716,26,33,29.5
716,26,33,29.5
716,26,33,29.5
716,26,33,29.5
716,26,33,29.5
716,26,33,29.5
716,26,33,29.5
716,26,33,29.5
716,26,33,29.5
716,26,33,29.5
716,26,33,29.5
716,26,33,29.5
716,26,33,29.5
716,26,33,29.5
716,26,33,29.5
716,26,33,29.5
716,26,33,29.5
716,26,33,29.5
716,26,33,29.5
716,26,33,29.5
717,26,33,29.5
717,26,33,29.5
717,26,33,29.5
717,26,33,29.5
717,26,33,29.5
717,26,33,29.5
717,26,33,29.5
717,26,33,29.5
717,26,33,29.5
717,26,33,29.5
717,26,33,29.5
717,26,33,29.5
717,26,33,29.5
717,26,33,29.5
717,26,33,29.5
717,26,33,29.5
717,26,33,29.5
717,26,33,29.5
717,26,33,29.5
717,26,33,29.5
717,26,33,29.5
717,26,33,29.5
717,26,33,29.5
717,26,33,29.5
717,26,33,29.5
717,26,33,29.5
717,26,33,29.5
717,26,33,29.5
717,26,33,29.5
717,26,33,29.5
717,26,33,29.5
717,26,33,29.5
717,26,33,29.5
717,26,33,29.5
718,26,33,29.5
718,26,33,29.5
718,26,33,29.5
718,26,33,29.5
718,26,33,29.5
718,26,33,29.5
718,26,33,29.5
718,26,33,29.5
718,26,33,29.5
718,26,33,29.5
718,26,33,29.5
718,26,33,29.5
718,26,33,29.5
718,26,33,29.5
718,26,33,29.5
718,26,33,29.5
718,26,33,29.5
718,26,33,29.5
718,26,33,29.5
718,26,33,29.5
719,26,33,29.5
719,26,33,29.5
719,26,33,29.5
719,26,33,29.5
719,26,33,29.5
719,26,33,29.5
719,26,33,29.5
719,26,33,29.5
719,26,33,29.5
719,26,33,29.5
719,26,33,29.5
719,26,33,29.5
719,26,33,29.5
719,26,33,29.5
719,26,33,29.5
719,26,33,29.5
719,26,33,29.5
719,26,33,29.5
719,26,33,29.5
719,26,33,29.5
719,26,33,29.5
720,26,33,29.5
720,26,33,29.5
720,26,33,29.5
720,26,33,29.5
720,26,33,29.5
720,26,33,29.5
720,26,33,29.5
720,26,33,29.5
720,26,33,29.5
720,26,33,29.5
720,26,33,29.5
720,26,33,29.5
720,26,33,29.5
720,26,33,29.5
720,26,33,29.5
720,26,33,29.5
720,26,33,29.5
720,26,33,29.5
721,26,33,29.5
721,26,33,29.5
721,26,33,29.5
721,26,33,29.5
721,26,33,29.5
721,26,33,29.5
721,26,33,29.5
721,26,33,29.5
721,26,33,29.5
721,26,33,29.5
721,26,33,29.5
721,26,33,29.5
721,26,33,29.5
721,26,33,29.5
722,26,33,29.5
722,26,33,29.5
722,26,33,29.5
722,26,33,29.5
722,26,33,29.5
722,26,33,29.5
722,26,33,29.5
722,26,33,29.5
722,26,33,29.5
722,26,33,29.5
722,26,33,29.5
722,26,33,29.5
723,26,33,29.5
723,26,33,29.5
723,26,33,29.5
724,26,33,29.5
724,26,33,29.5
724,26,33,29.5
724,26,33,29.5
726,26,33,29.5
726,26,33,29.5
726,26,33,29.5
726,26,33,29.5
726,26,33,29.5
726,26,33,29.5
726,26,33,29.5
726,26,33,29.5
726,26,33,29.5
726,26,33,29.5
726,26,33,29.5
726,26,33,29.5
726,26,33,29.5
726,26,33,29.5
726,26,33,29.5
726,26,33,29.5
726,26,33,29.5
726,26,33,29.5
726,26,33,29.5
726,26,33,29.5
726,26,33,29.5
727,26,33,29.5
727,26,33,29.5
727,26,32,29.0
727,26,32,29.0
727,26,32,29.0
727,26,32,29.0
727,26,32,29.0
727,26,32,29.0
727,26,32,29.0
727,26,32,29.0
727,26,32,29.0
727,26,32,29.0
727,26,32,29.0
727,26,32,29.0
727,26,32,29.0
727,26,32,29.0
727,26,32,29.0
727,26,32,29.0
727,26,31,28.5
727,26,31,28.5
727,26,31,28.5
727,26,31,28.5
727,26,31,28.5
727,26,31,28.5
727,26,31,28.5
727,26,31,28.5
727,26,31,28.5
727,26,31,28.5
727,26,31,28.5
727,26,31,28.5
727,26,31,28.5
727,26,31,28.5
727,26,31,28.5
727,26,31,28.5
727,26,31,28.5
727,26,31,28.5
727,26,31,28.5
727,26,31,28.5
727,26,31,28.5
727,26,27,26.5
727,26,27,26.5
727,26,27,26.5
727,26,27,26.5
727,26,27,26.5
727,26,27,26.5
727,26,27,26.5
727,26,27,26.5
727,26,27,26.5
727,26,27,26.5
727,26,27,26.5
727,26,27,26.5
727,26,27,26.5
727,26,27,26.5
727,26,27,26.5
727,26,27,26.5
727,26,27,26.5
727,26,27,26.5
727,26,27,26.5
727,26,27,26.5
727,26,27,26.5
727,26,27,26.5
727,26,27,26.5
727,26,27,26.5
727,26,27,26.5
727,26,27,26.5
727,26,27,26.5
728,26,27,26.5
728,26,27,26.5
728,26,27,26.5
728,26,27,26.5
728,26,27,26.5
728,26,27,26.5
728,26,27,26.5
728,26,27,26.5
728,25,27,26.0
728,25,26,25.5
728,25,26,25.5
728,25,26,25.5
728,25,26,25.5
728,25,26,25.5
728,25,26,25.5
728,25,26,25.5
728,25,26,25.5
728,25,26,25.5
728,25,26,25.5
728,25,26,25.5
728,25,26,25.5
728,25,26,25.5
728,25,26,25.5
728,25,26,25.5
728,25,26,25.5
728,25,26,25.5
728,25,26,25.5
728,25,26,25.5
728,25,26,25.5
728,25,26,25.5
728,25,26,25.5
728,25,26,25.5
728,25,26,25.5
728,25,26,25.5
728,25,26,25.5
728,25,26,25.5
728,25,26,25.5
728,25,26,25.5
728,25,26,25.5
728,25,26,25.5
728,25,26,25.5
728,25,26,25.5
728,25,26,25.5
728,25,26,25.5
728,25,26,25.5
728,25,26,25.5
728,25,26,25.5
728,25,26,25.5
728,25,26,25.5
728,25,26,25.5
728,25,26,25.5
728,25,26,25.5
728,25,26,25.5
728,25,26,25.5
728,25,26,25.5
728,25,26,25.5
728,25,26,25.5
728,25,26,25.5
728,25,26,25.5
728,25,26,25.5
728,25,26,25.5
728,25,26,25.5
728,25,26,25.5
728,25,26,25.5
729,25,26,25.5
729,25,26,25.5
729,25,26,25.5
729,25,26,25.5
729,25,26,25.5
729,25,26,25.5
729,25,26,25.5
729,25,26,25.5
729,25,26,25.5
729,25,26,25.5
729,25,26,25.5
729,25,26,25.5
729,25,26,25.5
729,25,26,25.5
729,25,26,25.5
729,25,26,25.5
729,25,26,25.5
729,25,26,25.5
729,25,26,25.5
729,25,26,25.5
729,25,26,25.5
729,25,26,25.5
729,25,26,25.5
729,25,26,25.5
729,25,26,25.5
729,25,26,25.5
729,25,26,25.5
729,25,26,25.5
729,25,26,25.5
729,25,26,25.5
729,25,26,25.5
729,25,26,25.5
729,25,26,25.5
729,25,26,25.5
729,25,26,25.5
729,25,26,25.5
729,25,26,25.5
729,25,26,25.5
730,25,26,25.5
730,25,26,25.5
730,25,26,25.5
730,25,26,25.5
730,25,26,25.5
730,25,26,25.5
730,25,26,25.5
730,25,26,25.5
730,25,26,25.5
730,25,26,25.5
730,25,26,25.5
730,25,26,25.5
730,25,26,25.5
730,25,26,25.5
730,25,26,25.5
730,25,26,25.5
730,25,26,25.5
730,25,26,25.5
730,22,26,24.0
730,22,25,23.5
731,22,24,23.0
731,22,24,23.0
731,22,24,23.0
731,22,24,23.0
731,22,24,23.0
731,22,24,23.0
731,22,24,23.0
731,22,24,23.0
731,22,24,23.0
731,22,24,23.0
731,22,24,23.0
731,22,24,23.0
731,22,24,23.0
731,22,24,23.0
731,22,24,23.0
731,22,24,23.0
731,22,24,23.0
731,22,24,23.0
731,22,24,23.0
731,22,24,23.0
731,22,24,23.0
731,22,24,23.0
731,22,24,23.0
731,22,24,23.0
731,22,24,23.0
731,22,24,23.0
731,22,24,23.0
731,22,24,23.0
731,22,24,23.0
731,22,24,23.0
731,22,24,23.0
731,22,24,23.0
731,22,24,23.0
731,22,24,23.0
731,22,24,23.0
731,22,24,23.0
731,22,24,23.0
731,22,24,23.0
731,22,24,23.0
731,22,24,23.0
731,22,24,23.0
731,22,24,23.0
731,22,24,23.0
732,22,24,23.0
732,22,24,23.0
732,22,24,23.0
732,23,24,23.5
732,23,24,23.5
732,23,24,23.5
732,23,24,23.5
732,23,24,23.5
732,23,24,23.5
732,23,24,23.5
732,23,24,23.5
733,23,24,23.5
733,23,24,23.5
733,23,24,23.5
733,23,24,23.5
733,23,24,23.5
733,23,24,23.5
733,23,24,23.5
733,23,24,23.5
733,23,24,23.5
734,23,24,23.5
734,23,24,23.5
734,23,24,23.5
734,23,24,23.5
734,23,24,23.5
734,23,24,23.5
734,23,24,23.5
734,23,24,23.5
734,23,24,23.5
734,23,24,23.5
734,23,24,23.5
734,23,24,23.5
735,23,24,23.5
735,23,24,23.5
735,23,24,23.5
736,23,24,23.5
736,23,24,23.5
736,23,24,23.5
736,23,24,23.5
736,23,24,23.5
736,23,24,23.5
736,23,24,23.5
736,23,24,23.5
736,23,24,23.5
736,23,24,23.5
736,23,24,23.5
736,23,24,23.5
736,23,24,23.5
736,23,24,23.5
736,23,24,23.5
736,23,24,23.5
736,23,24,23.5
736,23,24,23.5
736,23,24,23.5
736,23,24,23.5
736,23,24,23.5
736,23,24,23.5
737,23,25,24.0
737,23,25,24.0
737,23,25,24.0
737,23,25,24.0
737,23,25,24.0
737,23,25,24.0
737,23,25,24.0
737,23,25,24.0
737,23,25,24.0
738,23,25,24.0
738,23,25,24.0
738,23,25,24.0
739,23,25,24.0
739,23,25,24.0
739,23,25,24.0
739,23,25,24.0
739,23,25,24.0
740,23,25,24.0
741,23,25,24.0
741,23,25,24.0
741,23,25,24.0
741,23,25,24.0
741,23,25,24.0
741,23,25,24.0
741,23,25,24.0
741,23,25,24.0
742,23,25,24.0
742,23,25,24.0
742,23,25,24.0
742,23,25,24.0
743,23,25,24.0
743,23,25,24.0
743,23,25,24.0
743,23,25,24.0
743,23,25,24.0
743,23,25,24.0
743,23,25,24.0
744,23,25,24.0
744,23,25,24.0
744,23,25,24.0
745,23,25,24.0
745,23,25,24.0
745,23,25,24.0
745,23,25,24.0
745,23,25,24.0
745,24,25,24.5
745,24,25,24.5
745,24,25,24.5
745,24,25,24.5
745,24,25,24.5
745,24,25,24.5
745,24,25,24.5
745,24,25,24.5
745,24,25,24.5
745,24,25,24.5
745,24,25,24.5
745,24,25,24.5
745,24,25,24.5
746,24,25,24.5
746,24,25,24.5
746,24,25,24.5
746,24,25,24.5
746,24,25,24.5
746,24,25,24.5
746,24,25,24.5
746,24,25,24.5
746,24,25,24.5
746,24,25,24.5
746,24,25,24.5
746,24,25,24.5
746,24,25,24.5
746,24,25,24.5
747,24,25,24.5
747,24,25,24.5
748,24,25,24.5
748,24,25,24.5
748,24,25,24.5
749,24,25,24.5
749,24,25,24.5
749,24,25,24.5
750,24,25,24.5
750,24,25,24.5
751,24,25,24.5
751,24,25,24.5
751,24,25,24.5
751,24,25,24.5
751,24,25,24.5
751,24,25,24.5
752,24,25,24.5
752,24,25,24.5
752,24,25,24.5
752,24,25,24.5
753,24,25,24.5
753,24,25,24.5
753,24,25,24.5
753,24,25,24.5
753,24,25,24.5
754,24,25,24.5
754,24,25,24.5
754,24,25,24.5
756,24,25,24.5
757,24,25,24.5
758,24,25,24.5
758,24,25,24.5
758,24,25,24.5
759,24,25,24.5
759,24,25,24.5
759,24,25,24.5
759,24,25,24.5
761,24,25,24.5
761,24,25,24.5
763,24,25,24.5
763,24,25,24.5
763,24,25,24.5
763,24,25,24.5
764,24,25,24.5
766,24,25,24.5
766,24,25,24.5
776,24,25,24.5
776,24,25,24.5
778,24,25,24.5
778,24,25,24.5
779,24,25,24.5
779,24,25,24.5
779,24,25,24.5
779,24,25,24.5
779,24,25,24.5
783,24,25,24.5
783,24,25,24.5
783,24,25,24.5
783,24,25,24.5
791,24,25,24.5
791,24,25,24.5
794,24,25,24.5
794,24,25,24.5
798,24,25,24.5
799,24,25,24.5
809,24,25,24.5
809,24,25,24.5
812,24,25,24.5
812,24,25,24.5
819,24,25,24.5
819,24,25,24.5
819,24,25,24.5
819,24,25,24.5
819,24,25,24.5
823,24,25,24.5
823,24,25,24.5
834,24,25,24.5
834,24,25,24.5
834,24,25,24.5
834,24,25,24.5
834,24,25,24.5
834,24,25,24.5
834,24,25,24.5
834,24,25,24.5
835,24,25,24.5
836,24,25,24.5
836,24,25,24.5
836,24,25,24.5
836,24,25,24.5
838,24,25,24.5
838,24,25,24.5
838,24,25,24.5
839,24,25,24.5
839,24,25,24.5
839,24,25,24.5
839,24,25,24.5
839,24,25,24.5
839,24,25,24.5
839,24,25,24.5
839,24,25,24.5
839,24,25,24.5
839,24,25,24.5
839,24,25,24.5
839,24,25,24.5
839,24,25,24.5
839,24,25,24.5
839,24,25,24.5
839,24,25,24.5
839,24,25,24.5
839,24,25,24.5
839,24,25,24.5
839,24,25,24.5
839,24,25,24.5
839,24,25,24.5
839,24,25,24.5
839,24,25,24.5
839,24,25,24.5
839,24,25,24.5
839,24,25,24.5
839,24,25,24.5
839,24,25,24.5
839,24,25,24.5
839,24,25,24.5
839,24,25,24.5
839,24,25,24.5
839,24,25,24.5
839,24,25,24.5
839,24,25,24.5
839,24,25,24.5
839,24,25,24.5
839,24,25,24.5
839,24,25,24.5
839,24,25,24.5
839,24,25,24.5
839,24,25,24.5
839,24,25,24.5
839,24,25,24.5
839,24,25,24.5
839,24,25,24.5
839,24,25,24.5
839,24,25,24.5
839,24,25,24.5
839,24,25,24.5
839,24,25,24.5
839,24,25,24.5
839,24,25,24.5
839,24,25,24.5
839,24,25,24.5
839,24,25,24.5
839,24,25,24.5
839,24,25,24.5
839,24,25,24.5
839,24,25,24.5
839,24,25,24.5
839,24,25,24.5
839,24,25,24.5
839,24,25,24.5
839,24,25,24.5
839,24,25,24.5
839,24,25,24.5
839,24,25,24.5
839,24,25,24.5
839,24,25,24.5
839,24,25,24.5
840,24,25,24.5
840,24,25,24.5
840,24,25,24.5
840,24,25,24.5
840,24,25,24.5
840,24,25,24.5
840,24,25,24.5
840,24,25,24.5
840,24,25,24.5
840,24,25,24.5
840,24,25,24.5
840,24,25,24.5
840,24,25,24.5
840,24,25,24.5
840,24,25,24.5
840,24,25,24.5
840,24,25,24.5
840,24,25,24.5
840,24,25,24.5
840,24,25,24.5
840,24,25,24.5
840,24,25,24.5
840,24,25,24.5
840,24,25,24.5
840,24,25,24.5
840,24,25,24.5
840,24,25,24.5
840,24,25,24.5
840,24,25,24.5
840,24,25,24.5
841,24,25,24.5
841,24,25,24.5
841,24,25,24.5
841,24,25,24.5
841,24,25,24.5
841,24,25,24.5
841,24,25,24.5
841,24,25,24.5
841,24,25,24.5
841,24,25,24.5
841,24,25,24.5
841,24,25,24.5
841,24,25,24.5
841,24,25,24.5
841,24,25,24.5
841,24,25,24.5
841,24,25,24.5
841,24,25,24.5
841,24,25,24.5
842,24,25,24.5
842,24,25,24.5
842,24,25,24.5
842,24,25,24.5
842,24,25,24.5
842,24,25,24.5
842,24,25,24.5
842,24,25,24.5
842,24,25,24.5
842,24,25,24.5
842,24,25,24.5
843,24,25,24.5
843,24,25,24.5
843,24,25,24.5
844,24,25,24.5
844,24,25,24.5
844,24,25,24.5
844,24,25,24.5
844,24,25,24.5
844,24,25,24.5
844,24,25,24.5
844,24,25,24.5
844,24,25,24.5
845,24,27,25.5
845,24,27,25.5
845,24,27,25.5
845,24,26,25.0
845,24,26,25.0
845,24,26,25.0
845,24,26,25.0
845,24,26,25.0
845,24,26,25.0
845,24,26,25.0
845,24,26,25.0
845,24,26,25.0
845,24,26,25.0
845,24,26,25.0
845,24,26,25.0
845,24,26,25.0
845,24,26,25.0
845,24,26,25.0
845,24,26,25.0
845,24,26,25.0
845,24,26,25.0
845,24,26,25.0
845,24,26,25.0
845,24,26,25.0
846,24,26,25.0
846,24,26,25.0
846,24,28,26.0
846,24,27,25.5
846,24,27,25.5
846,24,27,25.5
846,24,27,25.5
846,24,27,25.5
846,24,27,25.5
846,24,27,25.5
846,24,27,25.5
846,24,27,25.5
846,24,27,25.5
846,24,27,25.5
846,24,27,25.5
846,24,27,25.5
846,24,27,25.5
846,24,27,25.5
846,24,27,25.5
846,24,27,25.5
846,24,27,25.5
846,24,27,25.5
846,24,27,25.5
846,24,27,25.5
846,24,27,25.5
846,24,27,25.5
847,24,27,25.5
847,24,27,25.5
847,24,27,25.5
847,24,27,25.5
847,24,27,25.5
847,24,27,25.5
847,24,27,25.5
847,24,27,25.5
847,24,26,25.0
847,24,26,25.0
847,24,26,25.0
847,24,26,25.0
847,24,26,25.0
847,24,26,25.0
847,24,26,25.0
847,24,26,25.0
847,24,26,25.0
847,24,26,25.0
847,24,26,25.0
847,24,26,25.0
847,24,26,25.0
847,24,26,25.0
847,24,26,25.0
847,24,26,25.0
847,24,26,25.0
847,24,26,25.0
847,24,26,25.0
847,24,26,25.0
847,24,26,25.0
847,24,26,25.0
847,24,26,25.0
847,24,26,25.0
847,24,26,25.0
847,24,25,24.5
847,24,25,24.5
847,24,25,24.5
847,24,25,24.5
847,24,25,24.5
847,24,25,24.5
847,24,25,24.5
847,24,25,24.5
847,24,25,24.5
847,24,25,24.5
847,24,25,24.5
847,24,25,24.5
847,24,25,24.5
847,24,25,24.5
847,24,25,24.5
847,24,25,24.5
847,24,25,24.5
847,24,25,24.5
847,24,25,24.5
847,24,25,24.5
847,24,25,24.5
847,24,25,24.5
847,24,25,24.5
847,24,25,24.5
847,24,25,24.5
847,24,25,24.5
847,24,25,24.5
847,24,25,24.5
848,24,25,24.5
848,24,25,24.5
848,24,25,24.5
848,24,25,24.5
848,24,25,24.5
848,24,25,24.5
848,24,25,24.5
848,24,25,24.5
848,24,25,24.5
848,24,25,24.5
848,24,25,24.5
848,24,25,24.5
848,24,25,24.5
848,24,25,24.5
848,24,25,24.5
849,24,25,24.5
849,24,25,24.5
849,24,25,24.5
849,24,25,24.5
849,24,25,24.5
849,24,25,24.5
849,24,25,24.5
849,24,25,24.5
849,24,25,24.5
849,24,25,24.5
849,24,25,24.5
849,24,25,24.5
849,24,25,24.5
849,24,25,24.5
849,24,25,24.5
849,24,25,24.5
849,24,25,24.5
849,24,25,24.5
849,24,25,24.5
849,23,25,24.0
849,23,24,23.5
849,23,24,23.5
849,23,24,23.5
849,23,24,23.5
849,23,24,23.5
849,23,24,23.5
849,23,24,23.5
849,23,24,23.5
849,23,24,23.5
849,23,24,23.5
849,23,24,23.5
849,23,24,23.5
849,23,24,23.5
850,23,24,23.5
850,23,24,23.5
850,23,24,23.5
850,23,24,23.5
850,23,24,23.5
850,23,24,23.5
850,23,24,23.5
850,23,24,23.5
850,23,24,23.5
850,23,24,23.5
850,23,24,23.5
850,23,24,23.5
850,21,24,22.5
850,21,24,22.5
850,21,24,22.5
850,21,24,22.5
850,21,24,22.5
850,21,24,22.5
850,21,24,22.5
850,21,24,22.5
850,21,24,22.5
850,21,24,22.5
850,21,24,22.5
850,21,24,22.5
850,21,24,22.5
850,21,24,22.5
850,21,24,22.5
850,21,24,22.5
850,21,24,22.5
850,21,24,22.5
850,21,24,22.5
850,21,24,22.5
850,21,24,22.5
850,21,24,22.5
850,21,24,22.5
850,21,24,22.5
850,21,24,22.5
851,21,24,22.5
851,21,24,22.5
851,21,24,22.5
851,21,24,22.5
851,21,24,22.5
851,21,24,22.5
851,21,24,22.5
851,21,23,22.0
851,21,23,22.0
851,21,23,22.0
851,21,23,22.0
851,21,23,22.0
851,21,23,22.0
851,21,23,22.0
851,21,23,22.0
851,21,23,22.0
851,21,23,22.0
851,21,23,22.0
851,21,23,22.0
851,21,23,22.0
851,21,23,22.0
851,21,23,22.0
851,21,23,22.0
851,22,23,22.5
851,22,23,22.5
851,22,23,22.5
851,22,23,22.5
852,22,23,22.5
852,22,23,22.5
852,22,23,22.5
852,22,23,22.5
852,22,23,22.5
852,22,23,22.5
852,22,23,22.5
852,22,23,22.5
852,22,23,22.5
852,22,23,22.5
852,22,23,22.5
853,22,23,22.5
853,22,23,22.5
853,22,23,22.5
853,22,23,22.5
853,22,23,22.5
853,22,23,22.5
853,22,23,22.5
853,22,23,22.5
853,22,23,22.5
853,22,23,22.5
853,22,23,22.5
853,22,23,22.5
853,22,23,22.5
853,22,23,22.5
853,22,23,22.5
853,22,23,22.5
854,22,23,22.5
854,22,23,22.5
854,22,23,22.5
854,22,23,22.5
854,22,23,22.5
854,22,23,22.5
854,22,23,22.5
854,22,23,22.5
854,22,23,22.5
854,22,23,22.5
854,22,23,22.5
854,22,23,22.5
854,22,23,22.5
854,22,23,22.5
854,22,23,22.5
854,22,23,22.5
854,22,23,22.5
854,22,23,22.5
854,22,23,22.5
854,22,23,22.5
854,22,23,22.5
854,22,23,22.5
855,22,23,22.5
855,22,23,22.5
855,22,23,22.5
855,22,23,22.5
855,22,23,22.5
855,22,23,22.5
855,22,23,22.5
855,22,23,22.5
856,22,23,22.5
856,22,23,22.5
856,22,23,22.5
856,22,23,22.5
856,22,23,22.5
856,22,23,22.5
856,22,23,22.5
857,22,23,22.5
857,22,23,22.5
857,22,23,22.5
857,22,23,22.5
857,22,23,22.5
858,22,23,22.5
858,22,23,22.5
858,22,23,22.5
858,22,23,22.5
858,22,23,22.5
858,22,23,22.5
858,22,23,22.5
858,22,23,22.5
858,22,23,22.5
858,22,23,22.5
858,22,23,22.5
858,22,23,22.5
858,22,23,22.5
858,22,23,22.5
858,22,23,22.5
859,22,23,22.5
859,22,23,22.5
859,22,23,22.5
859,22,23,22.5
859,22,23,22.5
859,22,23,22.5
860,22,23,22.5
860,22,23,22.5
860,22,23,22.5
860,22,23,22.5
860,22,23,22.5
861,22,23,22.5
861,22,23,22.5
861,22,23,22.5
861,22,23,22.5
861,22,23,22.5
861,22,23,22.5
861,22,23,22.5
861,22,23,22.5
861,22,23,22.5
862,22,23,22.5
862,22,23,22.5
862,22,23,22.5
862,22,23,22.5
862,22,23,22.5
862,22,23,22.5
862,22,23,22.5
862,22,23,22.5
862,22,23,22.5
862,22,23,22.5
863,22,23,22.5
863,22,23,22.5
863,22,23,22.5
863,22,23,22.5
864,22,23,22.5
864,22,23,22.5
864,22,23,22.5
864,22,23,22.5
864,22,23,22.5
864,22,23,22.5
864,22,23,22.5
864,22,23,22.5
864,22,23,22.5
864,22,23,22.5
865,22,23,22.5
865,22,23,22.5
865,22,23,22.5
866,22,23,22.5
866,22,23,22.5
866,22,23,22.5
866,22,23,22.5
867,22,23,22.5
867,22,23,22.5
867,22,23,22.5
867,22,23,22.5
867,22,23,22.5
867,22,23,22.5
867,22,23,22.5
867,22,23,22.5
867,22,23,22.5
867,22,23,22.5
867,22,23,22.5
867,22,23,22.5
867,22,23,22.5
867,22,23,22.5
867,22,23,22.5
867,22,23,22.5
867,22,23,22.5
867,22,23,22.5
867,22,23,22.5
867,22,23,22.5
867,22,23,22.5
867,22,23,22.5
867,22,23,22.5
867,22,23,22.5
867,22,23,22.5
867,22,23,22.5
867,22,23,22.5
867,22,23,22.5
867,22,24,23.0
867,22,24,23.0
867,22,24,23.0
867,22,24,23.0
867,22,24,23.0
867,22,24,23.0
867,22,24,23.0
867,22,24,23.0
867,22,24,23.0
867,22,24,23.0
867,22,24,23.0
867,22,24,23.0
867,22,24,23.0
867,22,24,23.0
867,22,24,23.0
867,22,24,23.0
867,22,24,23.0
867,22,24,23.0
867,22,24,23.0
867,22,24,23.0
867,22,24,23.0
867,22,24,23.0
867,22,24,23.0
867,22,24,23.0
867,22,24,23.0
867,22,24,23.0
867,22,24,23.0
867,22,24,23.0
867,22,24,23.0
867,22,24,23.0
867,22,24,23.0
867,22,24,23.0
867,22,24,23.0
867,22,24,23.0
867,22,24,23.0
867,22,24,23.0
867,22,24,23.0
867,22,24,23.0
867,22,24,23.0
867,22,24,23.0
867,22,24,23.0
867,22,24,23.0
867,22,24,23.0
867,22,24,23.0
867,22,24,23.0
867,22,24,23.0
867,22,24,23.0
867,22,24,23.0
867,22,24,23.0
867,22,24,23.0
867,22,24,23.0
867,22,24,23.0
867,22,24,23.0
867,22,24,23.0
867,22,24,23.0
867,22,24,23.0
867,22,24,23.0
867,22,24,23.0
867,22,24,23.0
867,21,24,22.5
867,21,24,22.5
867,21,24,22.5
867,21,24,22.5
867,21,24,22.5
867,21,24,22.5
867,21,24,22.5
867,21,24,22.5
867,21,24,22.5
867,22,24,23.0
867,22,24,23.0
867,22,24,23.0
867,22,24,23.0
867,22,24,23.0
867,22,24,23.0
867,22,24,23.0
867,22,24,23.0
867,22,24,23.0
868,22,24,23.0
868,22,24,23.0
868,22,24,23.0
868,22,24,23.0
868,22,24,23.0
868,22,24,23.0
868,22,24,23.0
868,22,24,23.0
868,22,24,23.0
868,22,24,23.0
868,22,24,23.0
868,22,24,23.0
868,22,24,23.0
868,22,24,23.0
868,22,24,23.0
868,22,24,23.0
868,22,24,23.0
868,22,24,23.0
868,22,24,23.0
868,22,24,23.0
868,22,24,23.0
868,22,24,23.0
868,22,24,23.0
868,22,24,23.0
868,22,24,23.0
868,22,24,23.0
868,22,24,23.0
868,22,24,23.0
868,22,24,23.0
868,22,24,23.0
868,22,24,23.0
868,22,24,23.0
869,22,24,23.0
869,22,24,23.0
869,22,24,23.0
869,22,24,23.0
869,22,24,23.0
869,22,24,23.0
870,22,24,23.0
870,22,24,23.0
870,22,24,23.0
871,22,24,23.0
871,22,24,23.0
871,22,24,23.0
871,22,24,23.0
871,22,24,23.0
871,22,24,23.0
871,22,24,23.0
871,22,24,23.0
871,22,24,23.0
872,22,24,23.0
872,22,24,23.0
872,22,24,23.0
872,22,24,23.0
872,22,24,23.0
872,22,24,23.0
872,22,24,23.0
872,22,24,23.0
872,22,24,23.0
872,22,24,23.0
873,22,24,23.0
873,22,24,23.0
873,22,24,23.0
873,22,25,23.5
873,22,26,24.0
873,22,26,24.0
873,22,25,23.5
873,22,25,23.5
873,22,25,23.5
873,22,25,23.5
873,22,25,23.5
873,22,25,23.5
873,22,25,23.5
873,22,25,23.5
873,22,25,23.5
873,22,25,23.5
873,22,25,23.5
873,22,25,23.5
874,22,25,23.5
874,22,25,23.5
874,22,25,23.5
874,22,25,23.5
874,22,25,23.5
874,22,25,23.5
874,23,25,24.0
874,23,25,24.0
874,23,25,24.0
874,23,25,24.0
874,23,25,24.0
874,23,25,24.0
874,23,25,24.0
874,23,25,24.0
874,23,25,24.0
874,23,25,24.0
874,23,25,24.0
874,23,25,24.0
874,23,25,24.0
874,23,25,24.0
874,23,25,24.0
874,23,25,24.0
874,23,25,24.0
874,23,25,24.0
874,23,25,24.0
874,23,25,24.0
874,23,25,24.0
874,23,25,24.0
874,23,25,24.0
874,23,25,24.0
875,23,25,24.0
875,23,25,24.0
875,23,25,24.0
875,23,25,24.0
875,23,25,24.0
875,23,25,24.0
875,23,25,24.0
875,23,25,24.0
875,23,25,24.0
875,23,25,24.0
875,23,25,24.0
875,23,25,24.0
875,23,25,24.0
875,23,25,24.0
875,23,25,24.0
875,23,25,24.0
875,23,25,24.0
875,23,25,24.0
875,23,25,24.0
875,23,25,24.0
875,23,25,24.0
875,23,25,24.0
875,23,25,24.0
875,23,25,24.0
875,23,25,24.0
875,23,25,24.0
875,23,25,24.0
875,23,25,24.0
875,23,25,24.0
875,23,25,24.0
875,23,25,24.0
875,23,25,24.0
875,23,25,24.0
875,23,25,24.0
875,23,25,24.0
875,23,25,24.0
875,23,25,24.0
875,23,25,24.0
875,24,25,24.5
875,24,25,24.5
875,24,25,24.5
875,24,25,24.5
875,24,25,24.5
875,24,25,24.5
875,24,25,24.5
875,24,25,24.5
875,24,26,25.0
875,24,26,25.0
875,24,26,25.0
875,24,26,25.0
875,24,26,25.0
875,24,26,25.0
875,24,26,25.0
875,24,26,25.0
875,24,26,25.0
875,24,26,25.0
875,24,26,25.0
875,24,26,25.0
875,24,26,25.0
875,24,26,25.0
875,24,26,25.0
876,24,26,25.0
876,24,26,25.0
876,24,26,25.0
876,24,26,25.0
876,24,26,25.0
876,24,26,25.0
876,24,26,25.0
876,24,26,25.0
876,24,26,25.0
876,24,26,25.0
876,24,26,25.0
876,24,26,25.0
876,24,26,25.0
877,24,26,25.0
877,24,26,25.0
877,24,26,25.0
877,24,26,25.0
877,24,26,25.0
877,24,26,25.0
878,24,26,25.0
878,24,26,25.0
878,24,26,25.0
878,24,26,25.0
878,24,26,25.0
878,24,26,25.0
878,24,26,25.0
878,24,26,25.0
878,24,26,25.0
878,24,26,25.0
878,24,26,25.0
878,24,26,25.0
878,24,26,25.0
878,24,26,25.0
879,24,26,25.0
879,24,26,25.0
879,24,26,25.0
879,24,26,25.0
879,24,26,25.0
879,24,26,25.0
879,24,26,25.0
879,24,26,25.0
879,24,26,25.0
879,24,26,25.0
880,24,26,25.0
880,24,26,25.0
880,24,26,25.0
880,24,26,25.0
880,24,26,25.0
880,24,26,25.0
880,24,26,25.0
880,24,26,25.0
880,24,26,25.0
880,24,26,25.0
881,24,26,25.0
881,24,26,25.0
881,24,26,25.0
881,24,26,25.0
881,24,26,25.0
881,24,26,25.0
882,24,26,25.0
882,24,26,25.0
882,24,26,25.0
882,24,26,25.0
882,24,26,25.0
882,24,26,25.0
883,24,26,25.0
883,24,26,25.0
883,24,26,25.0
883,24,26,25.0
883,24,26,25.0
883,24,26,25.0
883,24,26,25.0
883,24,26,25.0
883,24,26,25.0
884,24,26,25.0
884,24,26,25.0
884,24,26,25.0
884,24,26,25.0
884,24,26,25.0
884,24,26,25.0
884,24,26,25.0
884,24,26,25.0
885,24,26,25.0
885,24,26,25.0
885,24,26,25.0
885,24,26,25.0
886,24,26,25.0
886,24,26,25.0
886,24,26,25.0
886,24,26,25.0
886,24,26,25.0
887,24,26,25.0
887,24,26,25.0
888,24,26,25.0
888,24,26,25.0
888,24,26,25.0
888,24,26,25.0
889,24,26,25.0
889,24,26,25.0
889,24,26,25.0
889,24,26,25.0
890,24,26,25.0
890,24,26,25.0
890,24,26,25.0
890,24,26,25.0
890,24,26,25.0
890,24,26,25.0
890,24,26,25.0
890,24,26,25.0
890,24,26,25.0
890,24,26,25.0
890,24,26,25.0
890,24,26,25.0
890,24,26,25.0
890,24,26,25.0
890,24,26,25.0
890,24,26,25.0
890,24,26,25.0
890,24,26,25.0
890,24,26,25.0
890,24,26,25.0
890,24,26,25.0
890,24,26,25.0
890,24,26,25.0
890,24,26,25.0
890,24,26,25.0
890,24,26,25.0
890,24,26,25.0
890,24,26,25.0
890,24,26,25.0
890,24,26,25.0
890,24,26,25.0
890,24,26,25.0
890,24,26,25.0
890,24,26,25.0
890,24,26,25.0
890,23,26,24.5
890,23,26,24.5
890,23,26,24.5
890,23,26,24.5
890,23,26,24.5
890,23,26,24.5
890,23,26,24.5
890,23,26,24.5
890,23,26,24.5
890,23,26,24.5
890,23,26,24.5
890,23,26,24.5
890,23,26,24.5
890,23,26,24.5
890,23,26,24.5
890,23,26,24.5
890,23,26,24.5
890,23,26,24.5
890,23,26,24.5
890,23,26,24.5
890,23,26,24.5
890,23,26,24.5
890,23,26,24.5
890,23,26,24.5
890,23,26,24.5
890,23,26,24.5
890,23,26,24.5
890,23,26,24.5
890,23,26,24.5
890,23,26,24.5
890,23,26,24.5
890,23,26,24.5
890,23,26,24.5
890,23,26,24.5
890,23,26,24.5
890,22,26,24.0
890,22,26,24.0
890,22,26,24.0
890,22,26,24.0
890,22,26,24.0
890,22,26,24.0
890,22,26,24.0
890,22,26,24.0
890,22,26,24.0
890,22,26,24.0
890,22,26,24.0
890,22,26,24.0
890,22,26,24.0
890,19,26,22.5
890,20,26,23.0
891,20,26,23.0
891,20,26,23.0
891,20,26,23.0
891,20,26,23.0
891,20,26,23.0
891,20,26,23.0
891,20,26,23.0
891,20,26,23.0
891,20,26,23.0
891,20,26,23.0
891,21,26,23.5
891,23,26,24.5
891,23,26,24.5
891,23,26,24.5
891,23,26,24.5
891,23,26,24.5
891,23,26,24.5
891,23,26,24.5
891,23,26,24.5
891,23,26,24.5
891,23,26,24.5
891,23,26,24.5
891,23,26,24.5
891,23,26,24.5
891,23,26,24.5
891,23,26,24.5
891,23,26,24.5
891,23,26,24.5
891,23,26,24.5
891,23,26,24.5
891,23,26,24.5
891,23,26,24.5
892,23,26,24.5
892,23,26,24.5
892,23,26,24.5
893,23,26,24.5
893,23,26,24.5
893,23,26,24.5
893,23,26,24.5
893,23,26,24.5
893,23,26,24.5
893,23,26,24.5
893,23,26,24.5
893,23,26,24.5
893,23,26,24.5
893,23,26,24.5
893,23,26,24.5
893,23,26,24.5
893,23,26,24.5
893,23,26,24.5
893,23,26,24.5
893,23,26,24.5
893,23,26,24.5
893,23,26,24.5
893,23,26,24.5
893,23,26,24.5
893,23,26,24.5
893,23,26,24.5
893,23,26,24.5
893,23,26,24.5
893,23,26,24.5
893,23,26,24.5
893,23,26,24.5
893,23,26,24.5
894,23,26,24.5
894,23,26,24.5
894,23,26,24.5
894,23,26,24.5
894,23,26,24.5
894,23,26,24.5
894,23,26,24.5
894,23,26,24.5
894,23,26,24.5
895,23,26,24.5
895,23,26,24.5
895,23,26,24.5
895,23,26,24.5
895,23,26,24.5
895,23,26,24.5
895,23,26,24.5
896,23,26,24.5
896,23,26,24.5
896,23,26,24.5
896,23,26,24.5
896,23,26,24.5
896,23,26,24.5
896,23,26,24.5
896,23,26,24.5
896,23,25,24.0
896,23,25,24.0
896,23,25,24.0
896,23,25,24.0
896,23,25,24.0
896,23,25,24.0
896,23,25,24.0
896,23,25,24.0
896,23,25,24.0
896,23,25,24.0
896,23,25,24.0
896,23,25,24.0
896,23,25,24.0
896,23,25,24.0
896,23,25,24.0
897,23,25,24.0
897,23,25,24.0
897,23,25,24.0
897,23,25,24.0
897,23,25,24.0
897,23,25,24.0
897,23,25,24.0
897,23,25,24.0
897,23,25,24.0
897,23,25,24.0
897,23,25,24.0
897,23,25,24.0
897,23,25,24.0
897,23,25,24.0
898,23,25,24.0
898,23,25,24.0
898,23,25,24.0
898,23,25,24.0
898,23,25,24.0
898,23,25,24.0
898,23,25,24.0
898,23,25,24.0
898,23,25,24.0
898,23,25,24.0
898,23,25,24.0
898,23,25,24.0
898,23,25,24.0
898,23,25,24.0
898,23,25,24.0
899,23,25,24.0
899,23,25,24.0
899,23,25,24.0
899,23,25,24.0
899,23,25,24.0
899,23,25,24.0
899,23,25,24.0
899,23,25,24.0
899,23,25,24.0
899,23,25,24.0
899,23,25,24.0
899,23,25,24.0
899,23,25,24.0
900,23,25,24.0
900,23,25,24.0
900,23,25,24.0
900,23,25,24.0
900,23,25,24.0
900,23,25,24.0
900,23,26,24.5
900,23,26,24.5
900,23,26,24.5
900,23,26,24.5
900,23,26,24.5
900,23,26,24.5
901,23,26,24.5
901,23,26,24.5
901,23,26,24.5
901,23,26,24.5
901,23,26,24.5
901,23,26,24.5
901,23,26,24.5
901,23,26,24.5
901,23,26,24.5
901,23,26,24.5
901,23,26,24.5
901,23,26,24.5
901,23,26,24.5
901,23,26,24.5
901,23,26,24.5
901,23,26,24.5
901,23,26,24.5
901,23,26,24.5
901,23,26,24.5
901,23,26,24.5
901,23,26,24.5
902,23,26,24.5
902,23,26,24.5
902,23,26,24.5
902,23,26,24.5
902,23,26,24.5
902,23,26,24.5
902,23,26,24.5
902,23,26,24.5
902,23,26,24.5
902,23,26,24.5
902,23,26,24.5
903,23,26,24.5
903,23,26,24.5
903,23,26,24.5
903,23,26,24.5
903,23,26,24.5
903,23,26,24.5
903,23,26,24.5
904,23,26,24.5
904,23,26,24.5
904,23,26,24.5
904,23,26,24.5
904,23,26,24.5
904,23,26,24.5
904,23,26,24.5
904,23,26,24.5
904,23,26,24.5
904,23,26,24.5
904,23,26,24.5
904,23,26,24.5
904,23,26,24.5
904,23,26,24.5
904,23,26,24.5
904,23,26,24.5
904,23,26,24.5
904,23,26,24.5
905,23,26,24.5
905,23,26,24.5
905,23,26,24.5
905,23,26,24.5
905,23,26,24.5
905,23,26,24.5
905,23,26,24.5
905,23,26,24.5
905,23,26,24.5
906,23,26,24.5
906,23,26,24.5
906,23,26,24.5
906,23,26,24.5
906,23,26,24.5
906,23,26,24.5
906,23,26,24.5
906,23,26,24.5
906,23,26,24.5
906,23,26,24.5
906,23,26,24.5
907,23,26,24.5
907,23,26,24.5
907,23,26,24.5
907,23,26,24.5
907,23,26,24.5
907,23,26,24.5
907,23,26,24.5
907,23,26,24.5
907,23,26,24.5
907,23,26,24.5
907,23,26,24.5
907,23,26,24.5
907,23,26,24.5
907,23,26,24.5
907,23,26,24.5
907,23,26,24.5
908,23,26,24.5
908,23,26,24.5
908,23,26,24.5
909,23,26,24.5
909,23,26,24.5
909,23,26,24.5
909,23,26,24.5
909,23,26,24.5
909,23,26,24.5
909,23,26,24.5
909,23,26,24.5
909,23,26,24.5
910,23,26,24.5
910,23,26,24.5
910,23,26,24.5
910,23,26,24.5
911,23,26,24.5
911,23,26,24.5
911,23,26,24.5
911,23,26,24.5
911,23,26,24.5
911,23,26,24.5
911,23,26,24.5
911,23,26,24.5
911,23,26,24.5
911,23,26,24.5
911,23,26,24.5
911,23,26,24.5
911,23,26,24.5
911,23,26,24.5
911,23,26,24.5
911,23,26,24.5
911,23,26,24.5
911,23,26,24.5
911,23,26,24.5
911,23,26,24.5
911,23,26,24.5
911,23,26,24.5
911,23,26,24.5
911,23,26,24.5
911,23,26,24.5
911,23,26,24.5
911,23,26,24.5
911,23,26,24.5
911,23,26,24.5
911,23,26,24.5
911,23,26,24.5
911,23,26,24.5
911,23,26,24.5
912,23,26,24.5
912,23,26,24.5
912,23,26,24.5
912,23,26,24.5
912,23,26,24.5
912,23,26,24.5
912,23,26,24.5
912,23,26,24.5
912,23,26,24.5
912,23,26,24.5
912,23,26,24.5
912,23,26,24.5
912,23,26,24.5
912,23,26,24.5
912,23,26,24.5
912,23,26,24.5
912,23,26,24.5
912,23,26,24.5
912,23,26,24.5
912,23,26,24.5
912,23,26,24.5
912,23,26,24.5
912,23,26,24.5
912,23,26,24.5
912,23,26,24.5
912,23,26,24.5
912,23,26,24.5
912,23,26,24.5
912,23,26,24.5
912,23,26,24.5
912,23,26,24.5
912,23,26,24.5
912,23,26,24.5
912,23,26,24.5
912,23,26,24.5
912,23,26,24.5
913,23,26,24.5
913,23,26,24.5
913,23,26,24.5
913,23,26,24.5
913,23,26,24.5
913,23,26,24.5
913,23,26,24.5
913,23,26,24.5
913,23,26,24.5
913,23,26,24.5
913,21,26,23.5
913,23,26,24.5
913,23,26,24.5
913,23,26,24.5
913,23,26,24.5
913,23,26,24.5
913,23,26,24.5
913,23,26,24.5
913,23,26,24.5
913,23,26,24.5
913,23,26,24.5
913,23,26,24.5
913,23,26,24.5
913,23,26,24.5
913,23,26,24.5
913,23,26,24.5
913,23,26,24.5
913,23,26,24.5
913,23,26,24.5
913,23,26,24.5
913,23,26,24.5
913,23,25,24.0
913,23,25,24.0
913,23,25,24.0
913,23,25,24.0
913,23,25,24.0
913,23,25,24.0
913,23,25,24.0
913,23,25,24.0
913,23,25,24.0
913,23,25,24.0
913,23,25,24.0
913,23,25,24.0
913,23,25,24.0
913,23,25,24.0
913,23,25,24.0
913,23,25,24.0
913,23,25,24.0
913,23,25,24.0
913,23,25,24.0
914,23,25,24.0
914,23,25,24.0
914,23,25,24.0
914,23,25,24.0
914,23,25,24.0
914,23,25,24.0
914,23,25,24.0
914,23,25,24.0
914,23,25,24.0
914,23,25,24.0
914,23,25,24.0
914,23,25,24.0
914,23,25,24.0
914,23,25,24.0
914,23,25,24.0
915,23,24,23.5
915,23,24,23.5
915,23,24,23.5
915,23,24,23.5
915,23,24,23.5
915,23,24,23.5
915,23,24,23.5
915,23,24,23.5
915,23,24,23.5
915,23,24,23.5
915,23,24,23.5
915,23,24,23.5
915,23,24,23.5
915,23,24,23.5
915,23,24,23.5
915,23,24,23.5
915,23,24,23.5
915,23,24,23.5
915,23,24,23.5
915,23,24,23.5
915,23,24,23.5
915,23,24,23.5
915,23,24,23.5
915,23,24,23.5
915,23,24,23.5
915,23,24,23.5
915,23,24,23.5
915,23,24,23.5
915,23,24,23.5
915,23,24,23.5
915,22,24,23.0
915,22,24,23.0
915,22,24,23.0
915,22,24,23.0
915,22,24,23.0
915,22,24,23.0
915,22,24,23.0
915,22,24,23.0
915,22,24,23.0
915,22,24,23.0
915,22,24,23.0
915,22,24,23.0
915,22,24,23.0
916,22,24,23.0
916,22,24,23.0
916,22,24,23.0
916,22,24,23.0
916,22,24,23.0
916,22,24,23.0
916,22,24,23.0
916,22,24,23.0
916,22,24,23.0
916,22,24,23.0
916,22,24,23.0
917,22,24,23.0
917,22,24,23.0
917,22,24,23.0
917,22,24,23.0
917,22,24,23.0
917,22,24,23.0
917,22,24,23.0
917,22,24,23.0
917,22,24,23.0
918,22,24,23.0
918,22,24,23.0
918,22,24,23.0
918,22,24,23.0
918,22,24,23.0
918,22,24,23.0
919,22,24,23.0
919,22,24,23.0
919,22,24,23.0
919,22,24,23.0
919,22,24,23.0
919,22,24,23.0
919,22,24,23.0
919,22,24,23.0
919,22,24,23.0
919,22,24,23.0
919,22,24,23.0
919,22,24,23.0
919,22,24,23.0
919,22,24,23.0
919,22,24,23.0
919,22,24,23.0
919,22,24,23.0
919,22,24,23.0
919,22,24,23.0
919,22,24,23.0
919,22,24,23.0
920,22,24,23.0
920,22,24,23.0
920,22,24,23.0
920,22,24,23.0
920,22,24,23.0
921,22,24,23.0
921,22,24,23.0
921,22,24,23.0
921,22,24,23.0
921,22,24,23.0
921,22,24,23.0
921,22,24,23.0
921,22,24,23.0
921,22,24,23.0
921,22,24,23.0
921,22,24,23.0
921,22,24,23.0
921,22,24,23.0
921,22,24,23.0
922,22,24,23.0
922,22,24,23.0
922,22,24,23.0
922,22,24,23.0
923,22,24,23.0
923,22,24,23.0
923,22,24,23.0
924,22,24,23.0
924,22,24,23.0
924,22,24,23.0
924,22,24,23.0
925,22,24,23.0
925,22,24,23.0
925,22,24,23.0
925,22,24,23.0
925,22,24,23.0
926,22,24,23.0
926,22,24,23.0
926,22,24,23.0
926,22,24,23.0
926,22,24,23.0
927,22,24,23.0
927,22,24,23.0
927,22,24,23.0
927,22,24,23.0
928,22,24,23.0
929,22,24,23.0
929,22,24,23.0
929,22,24,23.0
929,22,24,23.0
929,22,24,23.0
929,22,24,23.0
929,22,24,23.0
929,22,24,23.0
930,22,24,23.0
931,22,24,23.0
931,22,24,23.0
932,22,24,23.0
932,22,24,23.0
932,22,24,23.0
932,22,24,23.0
932,22,24,23.0
932,22,24,23.0
932,22,24,23.0
932,22,24,23.0
932,22,24,23.0
932,22,24,23.0
932,22,24,23.0
932,22,24,23.0
932,22,24,23.0
932,22,24,23.0
932,22,24,23.0
932,22,24,23.0
932,22,24,23.0
932,22,24,23.0
932,22,24,23.0
932,22,24,23.0
932,22,24,23.0
932,22,24,23.0
932,22,24,23.0
932,22,24,23.0
932,22,24,23.0
932,22,24,23.0
932,22,24,23.0
932,22,24,23.0
932,22,24,23.0
932,22,24,23.0
932,22,24,23.0
932,22,24,23.0
932,22,24,23.0
932,22,24,23.0
932,22,24,23.0
932,22,24,23.0
932,22,24,23.0
933,22,24,23.0
933,22,24,23.0
933,22,24,23.0
933,22,24,23.0
933,22,24,23.0
933,22,24,23.0
933,22,24,23.0
933,22,24,23.0
933,22,24,23.0
933,22,24,23.0
933,22,24,23.0
933,22,24,23.0
933,22,24,23.0
933,22,24,23.0
933,22,24,23.0
933,22,24,23.0
933,22,24,23.0
933,22,24,23.0
933,22,24,23.0
933,22,24,23.0
933,22,24,23.0
933,22,24,23.0
933,22,24,23.0
933,22,24,23.0
933,22,24,23.0
933,22,24,23.0
933,22,24,23.0
933,22,24,23.0
933,22,24,23.0
933,22,24,23.0
933,22,24,23.0
933,22,24,23.0
933,22,24,23.0
933,22,24,23.0
933,22,24,23.0
933,22,24,23.0
933,22,24,23.0
933,22,24,23.0
933,22,24,23.0
933,22,24,23.0
933,22,24,23.0
933,22,24,23.0
933,22,24,23.0
933,22,24,23.0
933,22,24,23.0
933,22,24,23.0
933,22,24,23.0
933,22,24,23.0
933,22,24,23.0
933,22,24,23.0
933,22,24,23.0
933,22,24,23.0
933,22,24,23.0
933,22,24,23.0
933,22,24,23.0
933,22,24,23.0
933,22,24,23.0
933,22,24,23.0
933,22,24,23.0
933,22,24,23.0
933,22,24,23.0
933,22,24,23.0
933,22,24,23.0
933,22,24,23.0
933,22,24,23.0
933,22,24,23.0
933,22,24,23.0
933,22,24,23.0
933,22,24,23.0
933,22,24,23.0
934,22,24,23.0
934,22,24,23.0
934,22,24,23.0
934,22,24,23.0
934,22,24,23.0
934,22,24,23.0
934,22,24,23.0
934,22,24,23.0
934,22,24,23.0
934,22,24,23.0
934,22,24,23.0
934,22,24,23.0
934,22,24,23.0
934,22,24,23.0
934,22,24,23.0
934,22,24,23.0
934,22,24,23.0
934,22,24,23.0
934,22,24,23.0
934,22,24,23.0
934,22,24,23.0
934,22,24,23.0
934,22,24,23.0
934,22,24,23.0
935,22,24,23.0
935,22,24,23.0
935,22,24,23.0
935,22,24,23.0
935,22,24,23.0
936,22,24,23.0
936,22,24,23.0
936,22,24,23.0
936,22,24,23.0
936,22,24,23.0
936,22,24,23.0
936,22,24,23.0
936,22,24,23.0
937,22,24,23.0
937,22,24,23.0
937,22,24,23.0
937,22,24,23.0
937,22,24,23.0
937,22,24,23.0
937,22,26,24.0
937,22,25,23.5
937,22,26,24.0
937,22,26,24.0
937,22,27,24.5
937,22,27,24.5
937,22,27,24.5
937,22,27,24.5
937,22,28,25.0
937,22,28,25.0
937,22,28,25.0
937,22,28,25.0
937,22,28,25.0
937,22,28,25.0
937,22,28,25.0
937,22,28,25.0
937,22,28,25.0
937,22,28,25.0
937,22,28,25.0
937,22,28,25.0
937,22,28,25.0
937,22,28,25.0
937,22,28,25.0
937,22,28,25.0
937,22,28,25.0
937,22,28,25.0
937,22,28,25.0
937,22,28,25.0
937,22,28,25.0
937,20,28,24.0
937,20,28,24.0
937,20,28,24.0
937,20,28,24.0
937,20,28,24.0
937,20,28,24.0
937,20,28,24.0
938,20,28,24.0
938,20,28,24.0
938,20,28,24.0
938,20,27,23.5
938,20,27,23.5
938,20,27,23.5
938,20,27,23.5
938,20,27,23.5
938,20,27,23.5
938,20,27,23.5
938,20,27,23.5
938,20,27,23.5
938,20,27,23.5
938,20,27,23.5
938,20,27,23.5
938,20,27,23.5
938,20,27,23.5
938,20,26,23.0
938,20,26,23.0
938,20,26,23.0
938,20,25,22.5
938,20,25,22.5
938,20,25,22.5
938,20,25,22.5
938,20,25,22.5
938,20,25,22.5
938,20,25,22.5
938,20,25,22.5
938,20,25,22.5
938,20,25,22.5
938,20,25,22.5
938,20,25,22.5
938,20,25,22.5
938,20,25,22.5
938,20,25,22.5
938,20,25,22.5
938,20,25,22.5
938,20,25,22.5
938,20,25,22.5
938,20,25,22.5
938,20,25,22.5
938,20,25,22.5
938,20,25,22.5
938,22,25,23.5
938,22,25,23.5
938,22,25,23.5
938,22,25,23.5
938,22,25,23.5
938,22,25,23.5
938,22,25,23.5
938,22,25,23.5
938,22,25,23.5
938,22,25,23.5
938,22,25,23.5
938,22,25,23.5
938,22,25,23.5
938,22,25,23.5
938,22,25,23.5
938,22,25,23.5
938,22,25,23.5
938,22,25,23.5
938,22,25,23.5
939,22,25,23.5
939,22,24,23.0
939,22,24,23.0
939,22,24,23.0
939,22,24,23.0
939,22,24,23.0
939,22,24,23.0
939,22,24,23.0
939,22,24,23.0
939,22,24,23.0
939,22,24,23.0
939,22,24,23.0
939,22,24,23.0
939,22,23,22.5
939,22,23,22.5
939,22,23,22.5
939,22,23,22.5
939,22,23,22.5
939,22,23,22.5
939,22,23,22.5
939,22,23,22.5
939,22,23,22.5
939,22,23,22.5
939,22,23,22.5
939,22,23,22.5
939,22,23,22.5
939,22,23,22.5
939,22,23,22.5
939,22,23,22.5
939,22,23,22.5
939,22,23,22.5
939,22,23,22.5
939,22,23,22.5
939,22,23,22.5
939,22,23,22.5
939,22,23,22.5
939,22,23,22.5
939,22,23,22.5
939,22,23,22.5
939,22,23,22.5
939,22,23,22.5
939,22,23,22.5
939,22,23,22.5
939,22,23,22.5
939,22,23,22.5
939,22,23,22.5
939,22,23,22.5
939,22,23,22.5
939,22,23,22.5
939,22,23,22.5
939,20,23,21.5
939,20,23,21.5
939,20,23,21.5
939,22,23,22.5
939,22,23,22.5
939,22,23,22.5
939,22,23,22.5
939,22,23,22.5
939,22,23,22.5
939,20,23,21.5
939,20,23,21.5
939,20,23,21.5
939,20,23,21.5
939,20,23,21.5
939,20,23,21.5
939,20,23,21.5
939,20,23,21.5
939,20,23,21.5
939,20,23,21.5
939,20,23,21.5
940,20,23,21.5
940,20,23,21.5
940,20,23,21.5
940,20,23,21.5
940,20,23,21.5
940,20,23,21.5
940,20,23,21.5
940,20,23,21.5
940,20,23,21.5
940,20,23,21.5
941,20,23,21.5
941,20,23,21.5
941,20,23,21.5
941,20,23,21.5
941,20,23,21.5
941,20,23,21.5
941,20,23,21.5
941,20,23,21.5
941,20,23,21.5
941,20,23,21.5
941,20,23,21.5
941,20,23,21.5
941,20,23,21.5
941,20,23,21.5
942,20,23,21.5
942,20,23,21.5
942,20,23,21.5
942,20,23,21.5
942,21,23,22.0
942,21,23,22.0
942,21,23,22.0
942,21,23,22.0
942,21,23,22.0
942,21,23,22.0
942,21,23,22.0
942,21,23,22.0
942,21,23,22.0
942,21,23,22.0
942,21,23,22.0
942,21,23,22.0
942,21,23,22.0
942,21,23,22.0
942,21,23,22.0
942,21,23,22.0
942,21,23,22.0
942,21,23,22.0
942,21,23,22.0
942,21,23,22.0
942,21,23,22.0
942,21,23,22.0
942,21,23,22.0
942,21,23,22.0
942,21,23,22.0
943,21,23,22.0
944,21,23,22.0
944,21,23,22.0
944,21,23,22.0
944,21,23,22.0
944,21,23,22.0
944,21,23,22.0
944,21,23,22.0
944,21,23,22.0
944,21,23,22.0
944,21,23,22.0
944,21,23,22.0
944,21,23,22.0
945,21,23,22.0
945,21,23,22.0
945,21,23,22.0
945,21,23,22.0
945,21,23,22.0
945,21,23,22.0
945,21,23,22.0
945,21,23,22.0
945,21,23,22.0
945,21,23,22.0
945,21,23,22.0
945,21,23,22.0
945,21,23,22.0
945,21,23,22.0
945,21,23,22.0
945,21,23,22.0
946,21,23,22.0
946,21,23,22.0
946,21,23,22.0
946,21,23,22.0
946,21,23,22.0
947,21,23,22.0
947,21,23,22.0
947,21,23,22.0
947,21,23,22.0
947,21,23,22.0
947,21,23,22.0
947,21,23,22.0
947,21,23,22.0
948,21,23,22.0
948,21,23,22.0
948,21,23,22.0
948,21,23,22.0
948,21,22,21.5
948,21,22,21.5
948,21,22,21.5
948,21,22,21.5
949,21,22,21.5
949,21,22,21.5
949,21,22,21.5
949,21,22,21.5
949,21,23,22.0
949,21,23,22.0
949,21,23,22.0
949,21,23,22.0
949,21,23,22.0
949,21,23,22.0
949,21,23,22.0
949,21,23,22.0
950,21,23,22.0
950,21,23,22.0
950,21,23,22.0
950,21,23,22.0
950,21,23,22.0
951,21,23,22.0
951,21,23,22.0
951,21,23,22.0
951,21,23,22.0
951,21,23,22.0
951,21,23,22.0
951,21,23,22.0
951,21,23,22.0
951,21,23,22.0
951,21,23,22.0
951,21,23,22.0
951,21,23,22.0
951,21,23,22.0
951,21,23,22.0
951,21,23,22.0
952,21,23,22.0
952,21,23,22.0
952,21,23,22.0
952,21,23,22.0
952,21,23,22.0
952,21,23,22.0
952,21,23,22.0
952,21,23,22.0
952,21,23,22.0
952,21,23,22.0
952,21,23,22.0
952,21,23,22.0
952,21,23,22.0
952,21,23,22.0
952,21,23,22.0
952,21,23,22.0
952,21,23,22.0
952,21,23,22.0
952,21,23,22.0
952,21,23,22.0
952,21,23,22.0
952,21,23,22.0
952,21,23,22.0
952,21,23,22.0
952,21,23,22.0
952,21,23,22.0
952,21,23,22.0
952,21,24,22.5
952,21,24,22.5
952,21,24,22.5
952,21,24,22.5
952,21,24,22.5
952,21,24,22.5
952,21,24,22.5
952,21,24,22.5
952,21,24,22.5
952,21,24,22.5
952,21,24,22.5
952,21,24,22.5
952,21,24,22.5
952,21,24,22.5
952,21,24,22.5
952,21,24,22.5
952,21,24,22.5
952,21,24,22.5
952,21,24,22.5
952,21,24,22.5
952,21,24,22.5
952,21,24,22.5
952,21,24,22.5
952,21,24,22.5
952,21,24,22.5
952,21,24,22.5
952,21,24,22.5
952,21,24,22.5
952,21,24,22.5
952,21,24,22.5
952,21,24,22.5
952,21,24,22.5
952,21,24,22.5
952,21,24,22.5
953,21,24,22.5
953,21,24,22.5
953,21,24,22.5
953,21,24,22.5
953,21,24,22.5
953,21,24,22.5
953,21,24,22.5
953,21,24,22.5
953,21,24,22.5
953,21,24,22.5
953,21,24,22.5
953,21,24,22.5
953,21,24,22.5
953,21,24,22.5
953,21,24,22.5
953,21,24,22.5
953,21,24,22.5
953,21,24,22.5
953,21,24,22.5
953,21,24,22.5
953,21,24,22.5
953,21,24,22.5
953,21,24,22.5
953,21,24,22.5
953,21,24,22.5
954,21,24,22.5
954,21,24,22.5
954,21,24,22.5
954,21,24,22.5
954,21,24,22.5
954,21,24,22.5
954,21,24,22.5
954,21,24,22.5
954,21,24,22.5
954,21,24,22.5
954,19,24,21.5
954,18,24,21.0
954,18,24,21.0
954,18,24,21.0
954,18,24,21.0
954,18,24,21.0
954,18,24,21.0
954,17,24,20.5
954,17,24,20.5
954,17,24,20.5
954,17,24,20.5
954,17,24,20.5
954,17,24,20.5
954,17,24,20.5
954,20,24,22.0
954,20,24,22.0
954,20,24,22.0
954,20,24,22.0
954,20,24,22.0
954,20,24,22.0
954,20,24,22.0
954,20,24,22.0
954,20,24,22.0
954,20,24,22.0
954,20,24,22.0
955,20,24,22.0
955,20,24,22.0
955,20,24,22.0
955,20,24,22.0
955,18,24,21.0
955,18,24,21.0
955,18,25,21.5
955,18,25,21.5
955,20,25,22.5
955,20,25,22.5
955,20,25,22.5
955,20,25,22.5
955,20,25,22.5
955,20,25,22.5
955,20,26,23.0
955,20,26,23.0
955,20,25,22.5
955,20,25,22.5
955,20,25,22.5
955,20,25,22.5
955,20,25,22.5
955,20,25,22.5
955,20,25,22.5
955,21,25,23.0
955,21,25,23.0
955,21,25,23.0
955,21,25,23.0
955,21,25,23.0
955,21,25,23.0
955,21,25,23.0
955,21,25,23.0
955,21,25,23.0
955,21,25,23.0
955,21,25,23.0
955,21,25,23.0
955,21,25,23.0
955,21,25,23.0
955,21,25,23.0
955,21,25,23.0
955,21,25,23.0
955,21,25,23.0
956,21,25,23.0
956,21,25,23.0
956,21,25,23.0
956,21,25,23.0
956,21,25,23.0
956,21,25,23.0
956,21,25,23.0
956,21,25,23.0
956,21,25,23.0
956,21,25,23.0
956,21,25,23.0
957,21,25,23.0
957,21,25,23.0
957,21,25,23.0
957,21,25,23.0
957,21,25,23.0
957,21,25,23.0
957,21,25,23.0
957,21,25,23.0
957,21,25,23.0
957,21,25,23.0
957,21,25,23.0
957,20,25,22.5
957,20,25,22.5
957,20,25,22.5
957,20,25,22.5
957,20,25,22.5
957,20,25,22.5
957,20,25,22.5
957,20,25,22.5
957,20,25,22.5
958,20,25,22.5
958,20,25,22.5
958,20,25,22.5
958,20,25,22.5
958,20,25,22.5
958,20,25,22.5
958,20,25,22.5
958,21,25,23.0
958,21,25,23.0
958,21,25,23.0
958,21,25,23.0
958,21,25,23.0
958,21,25,23.0
958,21,25,23.0
958,21,25,23.0
958,21,25,23.0
958,21,25,23.0
958,21,25,23.0
958,21,25,23.0
958,21,25,23.0
958,21,25,23.0
958,21,25,23.0
958,21,25,23.0
959,21,25,23.0
959,22,25,23.5
959,22,25,23.5
959,22,25,23.5
959,22,25,23.5
959,22,25,23.5
959,22,25,23.5
959,22,25,23.5
959,22,25,23.5
959,22,25,23.5
959,22,25,23.5
959,22,25,23.5
959,22,25,23.5
959,22,25,23.5
959,22,25,23.5
959,22,25,23.5
959,22,25,23.5
959,22,25,23.5
959,22,25,23.5
959,22,25,23.5
959,22,25,23.5
959,22,25,23.5
959,22,25,23.5
959,22,25,23.5
960,22,25,23.5
960,22,25,23.5
960,22,25,23.5
960,22,25,23.5
960,22,25,23.5
960,22,24,23.0
960,22,24,23.0
960,22,24,23.0
960,22,24,23.0
960,22,24,23.0
960,22,24,23.0
960,22,24,23.0
960,22,24,23.0
960,22,24,23.0
960,22,24,23.0
960,22,24,23.0
960,22,24,23.0
960,22,24,23.0
960,22,24,23.0
960,22,24,23.0
960,22,24,23.0
960,22,24,23.0
960,22,24,23.0
960,22,24,23.0
960,22,24,23.0
960,22,24,23.0
960,22,24,23.0
960,22,24,23.0
960,22,24,23.0
960,22,24,23.0
960,22,24,23.0
960,22,24,23.0
960,22,24,23.0
960,22,24,23.0
960,22,24,23.0
961,22,24,23.0
961,22,24,23.0
961,22,24,23.0
961,22,24,23.0
961,22,24,23.0
961,22,24,23.0
961,22,24,23.0
961,22,24,23.0
961,22,24,23.0
961,22,24,23.0
962,22,24,23.0
962,22,24,23.0
962,22,24,23.0
962,22,24,23.0
962,22,24,23.0
962,22,24,23.0
962,22,24,23.0
962,22,24,23.0
962,22,24,23.0
962,22,24,23.0
962,22,24,23.0
962,22,24,23.0
962,22,24,23.0
962,22,24,23.0
962,22,24,23.0
962,22,24,23.0
962,22,24,23.0
962,22,24,23.0
962,22,24,23.0
962,22,25,23.5
962,22,25,23.5
962,22,25,23.5
962,22,25,23.5
962,22,25,23.5
962,22,25,23.5
962,22,25,23.5
962,22,25,23.5
962,22,25,23.5
962,22,25,23.5
962,22,25,23.5
962,22,25,23.5
962,22,25,23.5
962,22,25,23.5
962,22,25,23.5
962,22,25,23.5
962,22,25,23.5
962,22,25,23.5
962,22,25,23.5
962,22,25,23.5
962,22,25,23.5
962,22,25,23.5
962,22,25,23.5
962,22,25,23.5
962,22,25,23.5
962,22,25,23.5
962,22,25,23.5
962,22,25,23.5
962,22,25,23.5
962,22,25,23.5
962,22,25,23.5
962,22,25,23.5
962,22,25,23.5
962,22,25,23.5
962,22,25,23.5
962,22,25,23.5
962,22,25,23.5
962,22,25,23.5
962,22,25,23.5
962,22,25,23.5
962,22,25,23.5
962,22,25,23.5
962,22,25,23.5
962,22,25,23.5
962,22,25,23.5
962,22,25,23.5
962,22,25,23.5
962,22,25,23.5
962,22,25,23.5
962,22,25,23.5
962,22,25,23.5
962,22,25,23.5
962,22,25,23.5
962,22,25,23.5
963,22,25,23.5
963,22,25,23.5
963,22,25,23.5
963,22,25,23.5
963,22,25,23.5
963,22,25,23.5
963,22,25,23.5
963,22,25,23.5
963,22,25,23.5
963,22,25,23.5
963,22,25,23.5
963,22,25,23.5
963,22,25,23.5
964,22,25,23.5
964,22,25,23.5
964,22,25,23.5
964,22,25,23.5
964,22,25,23.5
964,22,25,23.5
964,22,25,23.5
964,22,25,23.5
964,22,25,23.5
964,22,25,23.5
964,22,25,23.5
964,22,25,23.5
964,22,25,23.5
964,22,25,23.5
964,22,25,23.5
964,22,25,23.5
965,22,25,23.5
965,22,25,23.5
965,22,25,23.5
965,22,25,23.5
965,22,25,23.5
965,22,25,23.5
965,22,25,23.5
965,22,25,23.5
965,22,25,23.5
965,22,25,23.5
965,22,25,23.5
965,22,25,23.5
965,22,25,23.5
965,22,25,23.5
965,22,25,23.5
965,22,25,23.5
965,22,25,23.5
965,22,25,23.5
965,22,25,23.5
965,22,25,23.5
965,22,25,23.5
965,22,25,23.5
965,22,25,23.5
965,22,25,23.5
965,22,25,23.5
966,22,25,23.5
966,22,25,23.5
966,22,25,23.5
966,22,25,23.5
966,22,25,23.5
966,22,25,23.5
966,22,25,23.5
966,22,25,23.5
966,22,25,23.5
966,22,25,23.5
966,22,25,23.5
967,22,25,23.5
967,22,25,23.5
967,22,25,23.5
967,22,25,23.5
967,22,25,23.5
967,22,25,23.5
967,22,25,23.5
967,22,25,23.5
967,22,25,23.5
967,22,25,23.5
967,22,25,23.5
967,22,25,23.5
967,22,25,23.5
967,22,25,23.5
967,22,25,23.5
967,22,25,23.5
967,22,25,23.5
967,22,25,23.5
967,22,25,23.5
967,22,25,23.5
967,22,25,23.5
967,22,25,23.5
967,22,25,23.5
967,22,25,23.5
967,22,25,23.5
967,22,25,23.5
967,22,25,23.5
967,22,25,23.5
967,22,25,23.5
967,22,25,23.5
967,22,25,23.5
967,22,25,23.5
967,22,25,23.5
967,22,25,23.5
967,22,25,23.5
967,22,25,23.5
967,22,25,23.5
967,22,25,23.5
967,22,25,23.5
967,22,25,23.5
967,22,25,23.5
967,22,25,23.5
967,22,25,23.5
967,22,25,23.5
967,22,25,23.5
967,22,25,23.5
967,22,25,23.5
967,22,25,23.5
967,22,25,23.5
967,22,25,23.5
967,22,25,23.5
967,22,25,23.5
967,22,25,23.5
967,22,25,23.5
967,22,25,23.5
967,22,25,23.5
967,22,25,23.5
967,22,25,23.5
968,22,25,23.5
968,22,25,23.5
968,23,25,24.0
968,23,25,24.0
968,23,25,24.0
968,23,25,24.0
968,23,25,24.0
968,23,25,24.0
968,23,25,24.0
968,23,25,24.0
968,23,25,24.0
968,23,25,24.0
968,23,25,24.0
968,23,25,24.0
968,23,25,24.0
968,23,25,24.0
968,23,25,24.0
968,23,25,24.0
968,23,25,24.0
968,23,25,24.0
968,23,25,24.0
968,23,25,24.0
968,23,25,24.0
968,23,25,24.0
968,23,25,24.0
968,23,25,24.0
969,23,25,24.0
969,23,25,24.0
969,23,25,24.0
969,23,25,24.0
969,23,25,24.0
969,23,25,24.0
969,23,25,24.0
969,23,25,24.0
969,23,25,24.0
969,23,25,24.0
969,23,25,24.0
969,23,25,24.0
969,23,25,24.0
970,23,25,24.0
970,23,25,24.0
970,23,25,24.0
970,23,25,24.0
970,23,25,24.0
970,23,25,24.0
970,23,25,24.0
970,23,25,24.0
970,23,25,24.0
970,23,25,24.0
970,23,25,24.0
970,23,25,24.0
970,23,25,24.0
970,23,25,24.0
970,23,25,24.0
970,23,25,24.0
970,23,25,24.0
970,23,25,24.0
970,23,25,24.0
971,23,25,24.0
971,23,25,24.0
971,23,25,24.0
972,23,25,24.0
972,23,25,24.0
972,23,25,24.0
972,23,25,24.0
972,23,25,24.0
972,23,25,24.0
972,23,25,24.0
972,23,25,24.0
973,23,25,24.0
973,23,25,24.0
973,23,25,24.0
973,23,25,24.0
973,23,25,24.0
973,23,25,24.0
973,23,25,24.0
973,23,25,24.0
973,23,25,24.0
973,23,25,24.0
973,23,25,24.0
973,23,25,24.0
973,23,25,24.0
973,23,25,24.0
973,23,25,24.0
973,23,25,24.0
973,23,25,24.0
973,23,25,24.0
974,23,25,24.0
974,23,25,24.0
974,23,25,24.0
974,23,25,24.0
974,23,25,24.0
974,23,25,24.0
974,23,25,24.0
974,23,25,24.0
974,23,25,24.0
975,23,25,24.0
975,23,25,24.0
975,23,25,24.0
975,23,25,24.0
975,23,25,24.0
975,23,25,24.0
975,23,25,24.0
975,23,25,24.0
975,23,25,24.0
976,23,25,24.0
976,23,25,24.0
976,23,25,24.0
977,23,25,24.0
977,23,25,24.0
977,23,25,24.0
977,23,25,24.0
977,23,25,24.0
977,23,25,24.0
977,23,25,24.0
977,23,25,24.0
977,23,25,24.0
977,23,25,24.0
977,23,25,24.0
978,23,25,24.0
978,23,25,24.0
978,23,25,24.0
979,23,25,24.0
979,23,25,24.0
979,23,25,24.0
979,23,25,24.0
979,23,25,24.0
979,23,25,24.0
979,23,25,24.0
979,23,25,24.0
980,23,25,24.0
980,23,25,24.0
980,23,25,24.0
980,23,25,24.0
980,23,25,24.0
980,23,25,24.0
980,23,25,24.0
980,23,25,24.0
981,23,25,24.0
981,23,25,24.0
981,23,25,24.0
982,23,25,24.0
982,23,25,24.0
982,23,25,24.0
982,23,25,24.0
982,23,24,23.5
982,23,24,23.5
982,23,24,23.5
982,23,24,23.5
982,23,24,23.5
982,23,24,23.5
982,23,24,23.5
982,23,24,23.5
982,23,24,23.5
982,23,24,23.5
983,23,24,23.5
983,23,24,23.5
983,23,24,23.5
983,23,24,23.5
983,23,24,23.5
983,23,24,23.5
983,23,24,23.5
983,23,24,23.5
983,23,24,23.5
983,23,24,23.5
983,23,24,23.5
983,23,24,23.5
984,23,24,23.5
984,23,24,23.5
984,23,24,23.5
984,23,24,23.5
984,23,24,23.5
985,23,24,23.5
985,23,24,23.5
985,23,24,23.5
985,23,24,23.5
986,23,24,23.5
986,23,24,23.5
986,23,24,23.5
986,23,24,23.5
986,23,25,24.0
986,23,25,24.0
986,23,25,24.0
986,23,25,24.0
986,23,25,24.0
986,23,25,24.0
986,23,25,24.0
986,23,25,24.0
986,23,25,24.0
987,23,25,24.0
987,23,25,24.0
987,23,25,24.0
987,23,25,24.0
987,23,25,24.0
987,23,25,24.0
987,23,25,24.0
987,23,25,24.0
987,23,25,24.0
987,23,25,24.0
987,23,25,24.0
987,23,25,24.0
987,23,25,24.0
987,23,25,24.0
987,23,25,24.0
987,23,25,24.0
987,23,25,24.0
987,23,25,24.0
987,23,26,24.5
987,23,26,24.5
987,23,26,24.5
987,23,26,24.5
987,23,26,24.5
987,23,26,24.5
987,23,26,24.5
987,23,26,24.5
987,23,26,24.5
987,23,26,24.5
987,23,26,24.5
987,23,26,24.5
987,23,26,24.5
987,23,26,24.5
987,23,26,24.5
987,23,26,24.5
987,23,25,24.0
987,23,25,24.0
987,23,25,24.0
987,23,25,24.0
987,23,25,24.0
987,23,25,24.0
987,23,25,24.0
987,23,25,24.0
987,23,25,24.0
987,23,25,24.0
987,23,25,24.0
987,23,25,24.0
987,23,25,24.0
987,23,25,24.0
987,23,25,24.0
987,23,25,24.0
987,23,25,24.0
987,23,25,24.0
987,23,25,24.0
987,23,25,24.0
987,23,25,24.0
987,23,26,24.5
987,23,26,24.5
987,23,26,24.5
987,23,26,24.5
987,23,26,24.5
987,23,26,24.5
987,23,26,24.5
987,23,26,24.5
987,23,26,24.5
987,23,26,24.5
987,23,26,24.5
987,23,26,24.5
987,23,26,24.5
987,23,26,24.5
987,23,26,24.5
987,23,26,24.5
987,23,26,24.5
987,23,26,24.5
987,23,26,24.5
987,23,26,24.5
987,23,26,24.5
987,23,26,24.5
987,23,26,24.5
987,23,26,24.5
988,23,26,24.5
988,23,26,24.5
988,23,26,24.5
988,23,26,24.5
988,23,26,24.5
988,23,26,24.5
988,23,26,24.5
988,23,26,24.5
988,23,26,24.5
988,23,26,24.5
988,23,26,24.5
988,23,26,24.5
989,23,26,24.5
989,23,26,24.5
989,23,26,24.5
989,23,26,24.5
989,23,26,24.5
989,23,26,24.5
989,23,26,24.5
989,23,26,24.5
989,23,26,24.5
989,23,26,24.5
989,23,28,25.5
989,23,27,25.0
989,23,27,25.0
989,23,27,25.0
989,23,27,25.0
989,23,27,25.0
989,23,27,25.0
990,23,27,25.0
990,23,27,25.0
990,23,27,25.0
990,23,27,25.0
990,23,27,25.0
990,23,27,25.0
990,23,27,25.0
990,23,27,25.0
990,23,27,25.0
990,23,27,25.0
990,23,27,25.0
990,23,27,25.0
990,23,27,25.0
990,23,27,25.0
990,23,27,25.0
990,23,27,25.0
991,23,27,25.0
991,23,27,25.0
991,23,27,25.0
991,23,27,25.0
991,23,27,25.0
991,23,27,25.0
991,23,27,25.0
991,23,27,25.0
991,23,27,25.0
991,23,27,25.0
991,23,27,25.0
991,23,27,25.0
991,23,27,25.0
991,23,27,25.0
991,23,27,25.0
991,23,27,25.0
991,23,27,25.0
992,23,27,25.0
992,23,27,25.0
992,23,27,25.0
992,23,27,25.0
992,23,27,25.0
992,23,27,25.0
992,23,27,25.0
992,23,27,25.0
992,23,27,25.0
992,23,27,25.0
992,23,28,25.5
992,23,28,25.5
992,23,28,25.5
992,23,28,25.5
992,23,28,25.5
992,23,28,25.5
992,23,28,25.5
992,23,28,25.5
992,23,28,25.5
992,23,28,25.5
992,23,28,25.5
992,23,28,25.5
992,23,28,25.5
992,23,28,25.5
992,23,28,25.5
992,23,28,25.5
992,23,28,25.5
992,23,28,25.5
992,23,28,25.5
992,23,28,25.5
993,23,28,25.5
993,23,28,25.5
993,23,28,25.5
993,23,28,25.5
993,23,28,25.5
993,23,28,25.5
993,23,28,25.5
993,23,28,25.5
993,23,26,24.5
993,23,26,24.5
993,23,26,24.5
993,23,26,24.5
993,23,26,24.5
993,23,26,24.5
993,23,26,24.5
993,23,26,24.5
993,23,26,24.5
993,23,26,24.5
993,23,26,24.5
993,23,26,24.5
993,23,26,24.5
993,23,26,24.5
994,23,26,24.5
994,23,26,24.5
994,23,26,24.5
994,23,26,24.5
994,23,26,24.5
994,23,26,24.5
994,23,26,24.5
994,23,26,24.5
994,23,26,24.5
995,23,26,24.5
995,23,26,24.5
995,23,26,24.5
995,23,26,24.5
995,23,26,24.5
995,23,25,24.0
995,23,25,24.0
995,23,25,24.0
995,23,25,24.0
995,23,25,24.0
995,23,25,24.0
995,23,25,24.0
995,23,25,24.0
995,23,25,24.0
995,23,25,24.0
995,23,25,24.0
995,23,25,24.0
996,23,25,24.0
996,23,25,24.0
996,23,25,24.0
996,23,25,24.0
996,23,25,24.0
996,23,25,24.0
996,23,25,24.0
996,23,25,24.0
996,23,25,24.0
996,23,25,24.0
996,23,26,24.5
996,23,26,24.5
996,23,26,24.5
996,23,26,24.5
996,23,26,24.5
996,23,26,24.5
996,23,26,24.5
996,23,26,24.5
996,23,26,24.5
996,23,26,24.5
996,23,27,25.0
996,23,27,25.0
996,23,27,25.0
996,23,27,25.0
996,23,27,25.0
996,23,27,25.0
996,23,27,25.0
996,23,27,25.0
996,23,27,25.0
996,23,27,25.0
996,23,27,25.0
996,23,27,25.0
996,23,27,25.0
996,23,27,25.0
996,23,27,25.0
996,23,27,25.0
996,23,27,25.0
996,23,27,25.0
996,23,27,25.0
996,23,27,25.0
996,23,27,25.0
996,23,27,25.0
996,23,27,25.0
996,23,27,25.0
996,23,27,25.0
996,23,27,25.0
996,23,27,25.0
996,23,27,25.0
996,23,27,25.0
996,23,27,25.0
996,23,27,25.0
996,23,27,25.0
996,23,27,25.0
996,23,27,25.0
996,23,27,25.0
996,23,27,25.0
996,23,27,25.0
996,23,27,25.0
996,23,27,25.0
996,23,27,25.0
996,23,27,25.0
996,23,27,25.0
996,23,27,25.0
997,23,27,25.0
997,23,27,25.0
997,23,27,25.0
997,23,27,25.0
997,23,27,25.0
997,23,27,25.0
997,23,27,25.0
997,23,27,25.0
997,23,27,25.0
997,23,27,25.0
997,23,27,25.0
997,23,27,25.0
997,23,27,25.0
997,23,27,25.0
997,23,27,25.0
997,23,27,25.0
997,23,27,25.0
997,23,27,25.0
997,23,27,25.0
997,23,27,25.0
997,23,27,25.0
997,23,27,25.0
997,23,27,25.0
997,23,27,25.0
997,23,27,25.0
997,23,27,25.0
997,23,27,25.0
997,22,27,24.5
997,22,27,24.5
997,22,27,24.5
997,22,27,24.5
997,22,27,24.5
997,22,27,24.5
997,22,27,24.5
997,22,27,24.5
997,22,27,24.5
997,22,27,24.5
997,22,27,24.5
997,22,27,24.5
997,22,27,24.5
997,22,27,24.5
997,22,27,24.5
997,22,27,24.5
997,22,27,24.5
997,22,27,24.5
997,22,27,24.5
997,22,27,24.5
997,22,27,24.5
997,22,27,24.5
998,22,27,24.5
998,22,27,24.5
998,22,27,24.5
998,22,27,24.5
998,22,27,24.5
998,22,27,24.5
998,22,27,24.5
999,22,27,24.5
999,22,27,24.5
999,22,27,24.5
999,22,27,24.5
999,22,27,24.5
999,22,27,24.5
999,22,27,24.5
999,22,27,24.5
999,22,27,24.5
999,22,27,24.5
999,22,27,24.5
999,22,27,24.5
999,22,27,24.5
1000,22,27,24.5
1000,22,27,24.5
1000,22,27,24.5
1000,22,27,24.5
1000,22,27,24.5
1000,22,27,24.5
1000,22,27,24.5
1000,22,27,24.5
1000,22,27,24.5
1001,22,27,24.5
1001,22,27,24.5
1001,22,26,24.0
1001,22,26,24.0
1001,22,26,24.0
1001,22,26,24.0
1001,22,26,24.0
1001,22,26,24.0
1001,22,26,24.0
1001,22,26,24.0
1001,22,26,24.0
1001,22,26,24.0
1001,22,26,24.0
1001,22,26,24.0
1001,22,26,24.0
1001,22,26,24.0
1001,22,26,24.0
1001,22,26,24.0
1001,22,26,24.0
1001,22,26,24.0
1001,22,26,24.0
1001,22,26,24.0
1001,22,26,24.0
1001,22,26,24.0
1001,22,25,23.5
1001,22,24,23.0
1001,22,24,23.0
1001,22,24,23.0
1001,22,24,23.0
1001,22,24,23.0
1001,22,24,23.0
1001,22,24,23.0
1002,22,24,23.0
1002,22,24,23.0
1002,22,24,23.0
1002,22,24,23.0
1002,22,24,23.0
1002,22,24,23.0
1002,22,24,23.0
1002,22,24,23.0
1002,22,24,23.0
1002,22,24,23.0
1002,22,24,23.0
1002,22,24,23.0
1002,22,24,23.0
1002,22,24,23.0
1002,22,24,23.0
1002,22,24,23.0
1002,22,24,23.0
1002,22,24,23.0
1002,22,24,23.0
1002,22,24,23.0
1002,22,24,23.0
1002,22,24,23.0
1002,22,24,23.0
1002,22,24,23.0
1002,22,24,23.0
1002,22,24,23.0
1002,22,24,23.0
1002,22,24,23.0
1002,22,24,23.0
1002,22,24,23.0
1003,22,24,23.0
1003,22,24,23.0
1003,22,24,23.0
1003,22,24,23.0
1003,22,24,23.0
1003,22,24,23.0
1003,22,24,23.0
1003,22,24,23.0
1003,22,24,23.0
1003,22,24,23.0
1003,22,24,23.0
1003,22,24,23.0
1003,22,24,23.0
1003,22,24,23.0
1003,22,24,23.0
1003,22,24,23.0
1003,22,24,23.0
1003,22,24,23.0
1003,22,24,23.0
1003,22,24,23.0
1003,22,24,23.0
1003,22,24,23.0
1003,22,24,23.0
1003,22,24,23.0
1003,22,24,23.0
1003,22,24,23.0
1003,22,24,23.0
1003,22,24,23.0
1003,22,24,23.0
1003,22,24,23.0
1003,22,24,23.0
1004,22,24,23.0
1004,22,24,23.0
1004,22,24,23.0
1004,22,24,23.0
1004,22,24,23.0
1004,22,24,23.0
1004,22,24,23.0
1004,22,24,23.0
1004,22,24,23.0
1004,22,24,23.0
1004,22,24,23.0
1004,22,24,23.0
1004,22,24,23.0
1004,22,24,23.0
1005,22,24,23.0
1005,22,24,23.0
1005,22,24,23.0
1005,22,24,23.0
1005,22,24,23.0
1005,22,24,23.0
1005,22,24,23.0
1005,22,24,23.0
1006,22,24,23.0
1006,22,24,23.0
1006,22,24,23.0
1006,22,24,23.0
1006,22,24,23.0
1006,22,24,23.0
1006,22,24,23.0
1007,22,24,23.0
1007,22,24,23.0
1007,22,24,23.0
1007,22,24,23.0
1008,22,24,23.0
1008,22,24,23.0
1008,22,24,23.0
1008,22,24,23.0
1009,22,24,23.0
1009,22,24,23.0
1009,22,24,23.0
1009,22,24,23.0
1009,22,24,23.0
1009,22,24,23.0
1009,22,24,23.0
1009,22,24,23.0
1009,22,24,23.0
1009,22,24,23.0
1009,22,25,23.5
1009,22,25,23.5
1009,22,25,23.5
1009,22,25,23.5
1009,22,25,23.5
1009,22,25,23.5
1009,22,25,23.5
1009,22,25,23.5
1009,22,25,23.5
1009,22,25,23.5
1009,22,25,23.5
1009,22,25,23.5
1009,22,25,23.5
1009,22,25,23.5
1009,22,25,23.5
1009,22,25,23.5
1009,22,25,23.5
1009,22,25,23.5
1009,22,25,23.5
1009,22,26,24.0
1009,22,26,24.0
1009,22,26,24.0
1009,22,26,24.0
1009,22,26,24.0
1009,22,26,24.0
1009,22,26,24.0
1009,22,26,24.0
1009,22,26,24.0
1009,22,26,24.0
1009,22,26,24.0
1009,22,26,24.0
1009,22,26,24.0
1009,22,26,24.0
1009,22,26,24.0
1009,22,26,24.0
1009,22,26,24.0
1009,22,26,24.0
1009,22,26,24.0
1009,22,26,24.0
1009,22,26,24.0
1010,22,26,24.0
1010,22,26,24.0
1010,22,26,24.0
1010,22,26,24.0
1010,22,26,24.0
1010,22,26,24.0
1010,22,26,24.0
1010,22,26,24.0
1010,22,26,24.0
1010,22,26,24.0
1010,22,26,24.0
1010,22,26,24.0
1010,22,26,24.0
1010,22,26,24.0
1010,22,26,24.0
1010,22,26,24.0
1010,22,26,24.0
1010,22,26,24.0
1010,22,26,24.0
1010,22,26,24.0
1010,22,26,24.0
1010,22,26,24.0
1010,22,26,24.0
1010,22,26,24.0
1010,22,26,24.0
1010,22,26,24.0
1010,22,26,24.0
1010,22,26,24.0
1010,22,26,24.0
1010,22,26,24.0
1010,22,26,24.0
1010,22,26,24.0
1010,22,26,24.0
1010,22,26,24.0
1010,22,26,24.0
1010,22,26,24.0
1010,22,26,24.0
1010,22,25,23.5
1010,22,25,23.5
1010,22,25,23.5
1010,22,25,23.5
1010,22,26,24.0
1010,22,26,24.0
1010,22,26,24.0
1010,22,26,24.0
1010,22,26,24.0
1010,22,26,24.0
1010,22,25,23.5
1010,22,25,23.5
1010,22,26,24.0
1010,22,26,24.0
1010,22,26,24.0
1010,22,26,24.0
1010,22,26,24.0
1011,22,25,23.5
1011,22,25,23.5
1011,22,25,23.5
1011,22,25,23.5
1011,22,25,23.5
1011,22,25,23.5
1011,22,25,23.5
1012,22,25,23.5
1012,22,25,23.5
1012,22,25,23.5
1012,22,25,23.5
1012,22,25,23.5
1012,22,25,23.5
1012,22,25,23.5
1012,22,25,23.5
1012,22,25,23.5
1012,22,25,23.5
1013,22,25,23.5
1013,22,25,23.5
1013,22,25,23.5
1013,22,25,23.5
1013,22,25,23.5
1013,22,25,23.5
1013,22,25,23.5
1013,22,25,23.5
1013,22,25,23.5
1014,22,25,23.5
1014,22,25,23.5
1014,22,25,23.5
1014,22,25,23.5
1014,22,25,23.5
1015,22,25,23.5
1015,22,25,23.5
1015,22,25,23.5
1015,22,25,23.5
1015,22,25,23.5
1015,22,25,23.5
1015,22,25,23.5
1015,22,25,23.5
1015,22,25,23.5
1015,22,25,23.5
1015,22,25,23.5
1015,22,25,23.5
1015,22,25,23.5
1016,22,25,23.5
1016,22,25,23.5
1016,22,25,23.5
1016,22,25,23.5
1016,22,25,23.5
1016,22,25,23.5
1017,22,25,23.5
1017,22,25,23.5
1017,22,25,23.5
1017,22,25,23.5
1017,24,25,24.5
1017,24,25,24.5
1017,24,25,24.5
1017,24,25,24.5
1017,24,25,24.5
1017,24,26,25.0
1017,24,26,25.0
1017,24,26,25.0
1017,24,26,25.0
1017,24,26,25.0
1017,24,26,25.0
1017,24,26,25.0
1017,24,26,25.0
1017,24,26,25.0
1017,24,26,25.0
1017,24,26,25.0
1017,24,26,25.0
1018,24,26,25.0
1018,24,26,25.0
1018,24,26,25.0
1018,24,26,25.0
1018,24,26,25.0
1018,24,26,25.0
1018,24,26,25.0
1018,24,26,25.0
1018,24,26,25.0
1018,24,26,25.0
1018,24,26,25.0
1018,24,26,25.0
1018,24,26,25.0
1018,24,26,25.0
1018,24,26,25.0
1018,24,27,25.5
1018,24,27,25.5
1018,24,27,25.5
1018,24,27,25.5
1018,24,27,25.5
1018,24,27,25.5
1018,24,27,25.5
1018,24,27,25.5
1018,24,27,25.5
1018,24,26,25.0
1018,24,26,25.0
1018,24,26,25.0
1018,24,26,25.0
1018,24,26,25.0
1018,24,26,25.0
1018,24,26,25.0
1018,24,26,25.0
1018,24,26,25.0
1018,24,26,25.0
1018,24,26,25.0
1018,24,26,25.0
1018,24,26,25.0
1018,24,26,25.0
1018,24,26,25.0
1018,24,26,25.0
1018,24,26,25.0
1018,24,26,25.0
1018,24,26,25.0
1018,24,26,25.0
1018,24,27,25.5
1018,24,27,25.5
1018,24,27,25.5
1018,24,27,25.5
1018,24,27,25.5
1018,24,27,25.5
1018,24,27,25.5
1018,24,27,25.5
1018,24,27,25.5
1019,24,27,25.5
1019,24,27,25.5
1019,24,27,25.5
1019,24,27,25.5
1019,24,27,25.5
1019,24,27,25.5
1019,24,27,25.5
1019,25,27,26.0
1019,25,27,26.0
1019,25,27,26.0
1019,25,27,26.0
1019,25,27,26.0
1019,25,27,26.0
1019,25,27,26.0
1019,25,27,26.0
1019,25,27,26.0
1019,25,27,26.0
1019,25,27,26.0
1019,25,27,26.0
1019,25,27,26.0
1019,25,27,26.0
1019,25,27,26.0
1019,25,27,26.0
1019,25,27,26.0
1019,25,27,26.0
1019,25,27,26.0
1019,25,27,26.0
1019,25,27,26.0
1019,25,27,26.0
1019,25,27,26.0
1019,25,27,26.0
1019,25,27,26.0
1019,25,27,26.0
1019,25,27,26.0
1020,25,27,26.0
1020,25,27,26.0
1020,25,27,26.0
1020,25,27,26.0
1020,25,27,26.0
1020,25,27,26.0
1020,25,27,26.0
1020,25,27,26.0
1021,25,27,26.0
1021,25,27,26.0
1021,25,27,26.0
1021,25,27,26.0
1021,25,27,26.0
1021,25,27,26.0
1021,25,27,26.0
1022,25,27,26.0
1022,25,27,26.0
1022,25,27,26.0
1022,25,27,26.0
1022,25,27,26.0
1022,25,27,26.0
1022,25,27,26.0
1022,25,27,26.0
1022,25,27,26.0
1022,25,27,26.0
1022,25,27,26.0
1022,25,27,26.0
1022,25,27,26.0
1022,25,27,26.0
1022,25,27,26.0
1022,25,27,26.0
1022,25,27,26.0
1022,25,27,26.0
1022,25,27,26.0
1022,25,27,26.0
1023,25,27,26.0
1023,25,27,26.0
1023,25,27,26.0
1023,25,27,26.0
1024,25,27,26.0
1024,25,27,26.0
1024,25,27,26.0
1024,25,27,26.0
1024,25,27,26.0
1024,25,27,26.0
1024,25,27,26.0
1025,25,27,26.0
1025,25,27,26.0
1025,25,27,26.0
1025,25,27,26.0
1025,25,27,26.0
1025,25,27,26.0
1025,25,27,26.0
1025,25,27,26.0
1025,25,27,26.0
1025,25,27,26.0
1025,25,27,26.0
1025,25,27,26.0
1025,25,27,26.0
1025,25,27,26.0
1025,25,27,26.0
1025,25,27,26.0
1025,25,27,26.0
1025,25,27,26.0
1025,25,27,26.0
1025,25,27,26.0
1025,25,27,26.0
1025,25,27,26.0
1025,25,27,26.0
1025,25,27,26.0
1025,25,27,26.0
1026,25,27,26.0
1026,25,27,26.0
1026,25,27,26.0
1027,25,27,26.0
1027,25,27,26.0
1027,25,27,26.0
1027,25,27,26.0
1027,25,27,26.0
1027,25,27,26.0
1027,25,27,26.0
1027,25,27,26.0
1027,25,27,26.0
1027,25,27,26.0
1027,25,27,26.0
1028,25,27,26.0
1028,25,27,26.0
1028,25,27,26.0
1028,25,27,26.0
1028,25,27,26.0
1028,25,27,26.0
1028,25,27,26.0
1028,25,27,26.0
1028,25,27,26.0
1028,25,27,26.0
1028,25,27,26.0
1028,25,27,26.0
1028,25,27,26.0
1028,25,27,26.0
1028,25,27,26.0
1028,25,27,26.0
1029,25,27,26.0
1029,25,27,26.0
1029,25,27,26.0
1030,25,27,26.0
1030,25,27,26.0
1030,25,27,26.0
1030,25,27,26.0
1030,25,27,26.0
1030,25,27,26.0
1030,25,27,26.0
1031,25,27,26.0
1031,25,27,26.0
1031,26,27,26.5
1031,26,27,26.5
1031,26,27,26.5
1031,26,27,26.5
1031,26,27,26.5
1031,26,27,26.5
1031,26,27,26.5
1031,26,27,26.5
1031,26,27,26.5
1031,26,27,26.5
1031,26,27,26.5
1031,26,27,26.5
1032,26,27,26.5
1032,26,27,26.5
1032,26,27,26.5
1032,26,27,26.5
1032,26,27,26.5
1032,26,27,26.5
1032,26,27,26.5
1032,26,27,26.5
1033,26,27,26.5
1033,26,27,26.5
1033,26,27,26.5
1033,26,27,26.5
1033,26,27,26.5
1033,26,27,26.5
1033,26,27,26.5
1035,26,27,26.5
1035,26,27,26.5
1035,26,27,26.5
1035,26,27,26.5
1035,26,27,26.5
1035,26,27,26.5
1036,26,27,26.5
1036,26,27,26.5
1036,26,27,26.5
1036,26,27,26.5
1037,26,27,26.5
1037,26,27,26.5
1037,26,27,26.5
1037,26,27,26.5
1038,26,27,26.5
1038,26,28,27.0
1038,26,28,27.0
1038,26,28,27.0
1038,26,28,27.0
1038,26,28,27.0
1038,26,28,27.0
1038,26,28,27.0
1038,26,28,27.0
1038,26,28,27.0
1038,26,28,27.0
1038,26,28,27.0
1038,26,28,27.0
1038,26,28,27.0
1038,26,28,27.0
1038,26,28,27.0
1038,26,28,27.0
1038,26,28,27.0
1038,26,28,27.0
1038,26,28,27.0
1039,26,28,27.0
1039,26,28,27.0
1039,26,28,27.0
1039,26,28,27.0
1039,26,28,27.0
1039,26,28,27.0
1039,26,28,27.0
1039,26,28,27.0
1039,26,28,27.0
1039,26,28,27.0
1039,26,28,27.0
1039,26,28,27.0
1039,26,28,27.0
1039,26,28,27.0
1039,26,28,27.0
1039,26,28,27.0
1039,26,28,27.0
1039,26,28,27.0
1039,26,28,27.0
1039,26,28,27.0
1039,26,28,27.0
1039,26,28,27.0
1039,26,28,27.0
1039,26,28,27.0
1039,26,28,27.0
1039,26,28,27.0
1039,26,28,27.0
1039,26,28,27.0
1039,26,28,27.0
1039,26,28,27.0
1039,26,28,27.0
1039,26,28,27.0
1039,26,28,27.0
1039,26,29,27.5
1039,26,29,27.5
1039,26,29,27.5
1039,26,29,27.5
1039,26,29,27.5
1039,26,29,27.5
1039,26,29,27.5
1039,26,29,27.5
1039,25,29,27.0
1039,25,29,27.0
1039,25,29,27.0
1039,25,29,27.0
1039,25,29,27.0
1039,25,29,27.0
1039,25,29,27.0
1039,26,29,27.5
1039,26,29,27.5
1039,26,29,27.5
1039,26,29,27.5
1039,26,29,27.5
1039,26,29,27.5
1039,26,29,27.5
1039,26,29,27.5
1039,26,29,27.5
1039,24,29,26.5
1039,25,29,27.0
1039,25,29,27.0
1039,25,29,27.0
1039,25,29,27.0
1039,25,29,27.0
1039,25,29,27.0
1039,25,29,27.0
1039,25,29,27.0
1039,25,29,27.0
1039,25,29,27.0
1039,25,29,27.0
1039,25,29,27.0
1039,25,29,27.0
1039,25,29,27.0
1039,25,29,27.0
1039,25,29,27.0
1039,25,29,27.0
1039,25,29,27.0
1039,25,29,27.0
1039,25,29,27.0
1039,25,29,27.0
1039,25,29,27.0
1040,25,29,27.0
1040,25,29,27.0
1040,25,29,27.0
1040,25,29,27.0
1040,25,29,27.0
1040,25,29,27.0
1040,25,29,27.0
1040,25,29,27.0
1040,25,29,27.0
1040,25,29,27.0
1040,25,29,27.0
1040,25,29,27.0
1040,25,29,27.0
1040,25,29,27.0
1040,25,29,27.0
1040,25,29,27.0
1040,25,29,27.0
1040,25,29,27.0
1040,25,29,27.0
1040,25,29,27.0
1040,25,29,27.0
1040,25,29,27.0
1040,25,29,27.0
1040,25,29,27.0
1040,25,29,27.0
1040,25,29,27.0
1040,25,29,27.0
1040,25,29,27.0
1040,25,29,27.0
1040,25,29,27.0
1040,25,29,27.0
1040,25,29,27.0
1040,25,29,27.0
1040,25,29,27.0
1040,25,29,27.0
1040,25,29,27.0
1040,25,29,27.0
1040,25,29,27.0
1040,25,29,27.0
1040,25,29,27.0
1040,25,29,27.0
1040,25,29,27.0
1040,25,29,27.0
1040,25,29,27.0
1040,25,29,27.0
1041,25,29,27.0
1041,25,29,27.0
1041,25,29,27.0
1041,25,29,27.0
1041,25,29,27.0
1041,25,29,27.0
1041,25,29,27.0
1041,25,29,27.0
1041,25,29,27.0
1041,25,29,27.0
1041,25,29,27.0
1041,25,29,27.0
1041,25,29,27.0
1041,25,29,27.0
1042,25,29,27.0
1042,25,29,27.0
1042,25,29,27.0
1042,25,29,27.0
1042,25,29,27.0
1042,25,29,27.0
1042,25,29,27.0
1043,25,29,27.0
1043,25,29,27.0
1043,25,29,27.0
1043,25,29,27.0
1043,25,29,27.0
1043,25,29,27.0
1043,25,29,27.0
1043,25,29,27.0
1043,25,29,27.0
1043,25,29,27.0
1043,25,29,27.0
1043,25,29,27.0
1043,25,29,27.0
1043,25,29,27.0
1043,25,29,27.0
1043,25,29,27.0
1043,25,29,27.0
1043,25,32,28.5
1043,25,32,28.5
1043,25,32,28.5
1043,25,32,28.5
1043,25,32,28.5
1043,25,32,28.5
1043,25,32,28.5
1043,25,32,28.5
1043,25,31,28.0
1043,25,31,28.0
1043,25,32,28.5
1043,25,30,27.5
1043,25,30,27.5
1043,25,30,27.5
1043,25,30,27.5
1043,25,30,27.5
1043,25,30,27.5
1043,25,30,27.5
1044,25,30,27.5
1044,25,30,27.5
1044,25,30,27.5
1044,25,30,27.5
1044,25,30,27.5
1044,25,30,27.5
1044,25,30,27.5
1044,25,30,27.5
1044,25,30,27.5
1044,25,30,27.5
1044,25,30,27.5
1044,25,29,27.0
1044,25,29,27.0
1044,25,29,27.0
1044,25,29,27.0
1044,26,29,27.5
1044,26,29,27.5
1044,26,29,27.5
1044,26,29,27.5
1044,26,29,27.5
1044,26,29,27.5
1044,26,32,29.0
1044,26,32,29.0
1044,26,32,29.0
1044,26,32,29.0
1044,26,32,29.0
1044,26,32,29.0
1044,26,32,29.0
1044,26,32,29.0
1044,26,32,29.0
1044,26,32,29.0
1044,26,32,29.0
1044,26,32,29.0
1044,26,32,29.0
1044,26,32,29.0
1044,26,32,29.0
1044,26,32,29.0
1044,26,32,29.0
1044,26,32,29.0
1044,26,32,29.0
1044,26,32,29.0
1044,26,32,29.0
1044,26,32,29.0
1044,26,32,29.0
1044,26,32,29.0
1044,26,32,29.0
1044,26,32,29.0
1044,26,31,28.5
1044,26,31,28.5
1044,26,31,28.5
1044,27,31,29.0
1044,27,31,29.0
1044,27,31,29.0
1044,27,31,29.0
1044,27,31,29.0
1044,27,31,29.0
1044,27,31,29.0
1044,27,31,29.0
1044,27,31,29.0
1045,27,31,29.0
1045,27,31,29.0
1045,27,31,29.0
1045,27,31,29.0
1045,27,31,29.0
1045,27,31,29.0
1045,27,31,29.0
1045,27,31,29.0
1045,27,31,29.0
1045,27,31,29.0
1045,27,31,29.0
1045,27,31,29.0
1045,27,31,29.0
1045,27,31,29.0
1045,27,31,29.0
1045,27,31,29.0
1045,27,31,29.0
1045,27,31,29.0
1045,27,31,29.0
1045,27,31,29.0
1045,27,31,29.0
1045,27,31,29.0
1045,27,31,29.0
1045,27,31,29.0
1045,27,31,29.0
1045,27,31,29.0
1045,27,31,29.0
1045,27,31,29.0
1045,27,31,29.0
1045,27,31,29.0
1045,27,31,29.0
1046,27,31,29.0
1046,27,31,29.0
1046,27,31,29.0
1046,27,31,29.0
1046,27,31,29.0
1046,27,31,29.0
1046,27,31,29.0
1046,27,31,29.0
1046,27,31,29.0
1046,27,31,29.0
1046,27,31,29.0
1046,27,31,29.0
1046,27,29,28.0
1046,27,29,28.0
1046,27,29,28.0
1046,27,29,28.0
1046,27,29,28.0
1046,27,29,28.0
1046,27,29,28.0
1046,27,29,28.0
1046,27,29,28.0
1046,27,29,28.0
1046,27,29,28.0
1046,27,29,28.0
1046,27,29,28.0
1046,27,29,28.0
1046,27,29,28.0
1046,27,29,28.0
1046,27,29,28.0
1046,27,29,28.0
1046,27,29,28.0
1046,27,29,28.0
1046,27,29,28.0
1046,27,29,28.0
1046,27,29,28.0
1046,27,29,28.0
1047,27,29,28.0
1047,27,29,28.0
1047,27,29,28.0
1047,27,29,28.0
1047,27,29,28.0
1047,27,29,28.0
1047,27,29,28.0
1047,27,29,28.0
1047,27,29,28.0
1047,27,29,28.0
1047,27,29,28.0
1047,27,29,28.0
1047,27,29,28.0
1047,27,29,28.0
1047,27,29,28.0
1047,27,29,28.0
1047,27,29,28.0
1047,27,29,28.0
1047,26,29,27.5
1047,26,29,27.5
1047,26,29,27.5
1047,26,29,27.5
1047,26,29,27.5
1047,26,29,27.5
1047,26,29,27.5
1047,26,29,27.5
1047,26,29,27.5
1047,26,29,27.5
1047,26,29,27.5
1047,26,29,27.5
1047,26,29,27.5
1047,26,29,27.5
1047,26,29,27.5
1047,26,29,27.5
1047,26,29,27.5
1047,26,29,27.5
1047,26,29,27.5
1047,25,29,27.0
1047,25,30,27.5
1047,25,31,28.0
1047,25,31,28.0
1047,25,31,28.0
1047,23,31,27.0
1047,23,31,27.0
1047,23,31,27.0
1047,23,31,27.0
1047,23,31,27.0
1047,23,31,27.0
1047,23,31,27.0
1047,23,31,27.0
1047,24,31,27.5
1047,24,31,27.5
1047,24,31,27.5
1047,24,31,27.5
1047,24,31,27.5
1047,24,31,27.5
1047,24,31,27.5
1047,24,31,27.5
1047,24,31,27.5
1047,24,31,27.5
1047,24,31,27.5
1047,24,31,27.5
1047,24,31,27.5
1047,24,31,27.5
1047,24,31,27.5
1048,24,31,27.5
1048,24,31,27.5
1048,24,31,27.5
1048,24,31,27.5
1048,24,31,27.5
1048,24,31,27.5
1048,24,31,27.5
1048,24,31,27.5
1048,24,31,27.5
1048,24,31,27.5
1048,24,31,27.5
1048,24,31,27.5
1048,24,31,27.5
1048,24,31,27.5
1048,24,31,27.5
1048,24,31,27.5
1048,24,31,27.5
1048,24,31,27.5
1048,24,31,27.5
1048,24,31,27.5
1048,24,31,27.5
1048,24,31,27.5
1048,24,31,27.5
1048,24,31,27.5
1048,24,31,27.5
1048,24,31,27.5
1048,24,31,27.5
1048,24,31,27.5
1048,24,31,27.5
1049,24,31,27.5
1049,24,31,27.5
1049,24,31,27.5
1049,24,31,27.5
1049,24,31,27.5
1049,24,31,27.5
1049,24,31,27.5
1049,24,31,27.5
1049,24,31,27.5
1049,24,31,27.5
1049,24,31,27.5
1049,24,31,27.5
1049,24,31,27.5
1049,24,31,27.5
1049,24,31,27.5
1049,24,31,27.5
1049,24,31,27.5
1050,24,31,27.5
1050,24,31,27.5
1050,24,31,27.5
1050,24,31,27.5
1050,24,31,27.5
1050,24,31,27.5
1050,24,31,27.5
1050,24,31,27.5
1050,24,31,27.5
1050,24,31,27.5
1050,24,31,27.5
1050,24,31,27.5
1050,24,31,27.5
1050,24,31,27.5
1050,24,31,27.5
1050,24,31,27.5
1050,24,31,27.5
1050,24,31,27.5
1051,24,31,27.5
1051,24,31,27.5
1051,24,31,27.5
1051,24,31,27.5
1051,24,31,27.5
1051,24,31,27.5
1051,24,31,27.5
1051,24,31,27.5
1051,24,31,27.5
1051,24,31,27.5
1051,24,31,27.5
1051,24,31,27.5
1051,24,31,27.5
1051,24,31,27.5
1051,24,31,27.5
1051,24,31,27.5
1051,24,31,27.5
1051,24,31,27.5
1051,24,31,27.5
1051,24,31,27.5
1051,24,31,27.5
1051,24,31,27.5
1051,24,31,27.5
1051,24,31,27.5
1051,24,31,27.5
1052,24,31,27.5
1052,24,31,27.5
1052,24,31,27.5
1052,24,31,27.5
1052,24,31,27.5
1052,24,31,27.5
1052,24,31,27.5
1052,24,31,27.5
1052,24,31,27.5
1052,24,31,27.5
1052,24,31,27.5
1052,24,31,27.5
1053,24,31,27.5
1053,24,31,27.5
1053,24,31,27.5
1053,24,31,27.5
1053,24,31,27.5
1053,24,31,27.5
1053,24,31,27.5
1053,24,31,27.5
1053,24,31,27.5
1053,24,31,27.5
1053,24,31,27.5
1053,24,31,27.5
1053,24,31,27.5
1053,24,31,27.5
1053,24,31,27.5
1053,24,31,27.5
1053,24,31,27.5
1054,24,31,27.5
1054,24,31,27.5
1054,24,31,27.5
1054,24,31,27.5
1054,24,31,27.5
1054,24,31,27.5
1054,24,31,27.5
1054,24,31,27.5
1054,24,31,27.5
1054,24,31,27.5
1054,24,31,27.5
1055,24,31,27.5
1055,24,31,27.5
1055,24,31,27.5
1055,24,31,27.5
1055,24,31,27.5
1055,24,31,27.5
1055,24,31,27.5
1055,24,31,27.5
1055,24,31,27.5
1055,24,31,27.5
1055,24,31,27.5
1055,24,31,27.5
1055,24,31,27.5
1055,24,31,27.5
1055,24,31,27.5
1055,24,31,27.5
1055,24,31,27.5
1055,24,31,27.5
1056,24,31,27.5
1056,24,31,27.5
1056,24,31,27.5
1056,24,31,27.5
1056,24,31,27.5
1056,24,31,27.5
1056,24,31,27.5
1056,24,31,27.5
1056,24,31,27.5
1056,24,31,27.5
1056,24,31,27.5
1056,24,31,27.5
1056,24,31,27.5
1056,24,31,27.5
1056,24,31,27.5
1056,24,31,27.5
1056,24,31,27.5
1056,24,31,27.5
1056,24,31,27.5
1056,24,31,27.5
1056,24,31,27.5
1056,24,31,27.5
1056,24,31,27.5
1056,24,31,27.5
1057,24,31,27.5
1057,24,31,27.5
1057,24,31,27.5
1057,24,31,27.5
1057,24,31,27.5
1057,24,31,27.5
1057,24,31,27.5
1057,24,31,27.5
1057,24,31,27.5
1058,24,31,27.5
1058,24,31,27.5
1058,24,31,27.5
1058,24,31,27.5
1058,24,31,27.5
1058,24,31,27.5
1058,24,31,27.5
1059,24,31,27.5
1059,24,31,27.5
1059,24,31,27.5
1059,24,31,27.5
1059,24,31,27.5
1060,24,31,27.5
1060,24,31,27.5
1060,24,31,27.5
1060,24,31,27.5
1061,24,31,27.5
1061,24,31,27.5
1061,24,31,27.5
1061,24,31,27.5
1061,24,31,27.5
1062,24,31,27.5
1062,24,31,27.5
1062,24,31,27.5
1062,24,31,27.5
1062,24,31,27.5
1062,24,31,27.5
1062,24,32,28.0
1062,25,32,28.5
1062,25,32,28.5
1062,25,32,28.5
1062,25,32,28.5
1062,25,32,28.5
1062,25,32,28.5
1062,25,32,28.5
1062,25,32,28.5
1062,25,32,28.5
1062,25,32,28.5
1062,25,32,28.5
1062,25,32,28.5
1062,25,32,28.5
1062,29,32,30.5
1062,29,32,30.5
1062,29,32,30.5
1062,30,32,31.0
1062,30,32,31.0
1062,30,32,31.0
1062,30,32,31.0
1062,30,32,31.0
1062,30,32,31.0
1062,30,32,31.0
1062,30,32,31.0
1062,30,32,31.0
1062,30,32,31.0
1062,30,32,31.0
1062,30,32,31.0
1062,30,32,31.0
1062,30,32,31.0
1062,30,32,31.0
1062,30,32,31.0
1062,30,32,31.0
1062,30,32,31.0
1062,30,32,31.0
1062,30,32,31.0
1062,30,32,31.0
1062,30,32,31.0
1062,30,32,31.0
1062,30,32,31.0
1062,30,32,31.0
1062,30,32,31.0
1062,30,32,31.0
1062,30,32,31.0
1062,30,32,31.0
1062,30,32,31.0
1062,30,32,31.0
1062,30,32,31.0
1062,30,32,31.0
1062,30,32,31.0
1062,30,32,31.0
1062,30,32,31.0
1062,30,32,31.0
1062,30,32,31.0
1062,30,32,31.0
1062,30,33,31.5
1062,30,33,31.5
1062,30,33,31.5
1062,30,33,31.5
1062,30,33,31.5
1062,30,33,31.5
1062,30,33,31.5
1062,30,33,31.5
1062,30,33,31.5
1062,30,33,31.5
1062,30,33,31.5
1062,30,33,31.5
1062,30,33,31.5
1062,30,33,31.5
1062,30,33,31.5
1062,30,33,31.5
1062,30,33,31.5
1062,30,33,31.5
1062,30,33,31.5
1062,30,33,31.5
1062,30,33,31.5
1063,30,33,31.5
1063,30,33,31.5
1063,30,33,31.5
1063,30,33,31.5
1063,30,33,31.5
1063,30,33,31.5
1063,30,33,31.5
1063,30,33,31.5
1063,30,33,31.5
1063,30,33,31.5
1063,30,33,31.5
1063,30,33,31.5
1063,30,33,31.5
1063,30,33,31.5
1063,30,33,31.5
1063,30,33,31.5
1063,30,33,31.5
1063,30,33,31.5
1063,30,33,31.5
1063,30,33,31.5
1063,30,33,31.5
1063,30,33,31.5
1063,30,33,31.5
1063,30,33,31.5
1063,30,33,31.5
1063,30,33,31.5
1063,30,33,31.5
1063,30,33,31.5
1063,30,33,31.5
1063,30,33,31.5
1063,30,33,31.5
1063,30,33,31.5
1064,30,33,31.5
1064,30,33,31.5
1064,30,33,31.5
1064,30,33,31.5
1064,30,33,31.5
1064,30,33,31.5
1064,30,33,31.5
1064,30,33,31.5
1064,30,33,31.5
1064,30,33,31.5
1064,30,33,31.5
1064,30,33,31.5
1064,30,33,31.5
1065,30,33,31.5
1065,30,33,31.5
1065,30,33,31.5
1065,30,33,31.5
1065,30,33,31.5
1065,30,33,31.5
1065,30,33,31.5
1065,30,33,31.5
1065,30,33,31.5
1065,30,33,31.5
1065,30,33,31.5
1065,30,33,31.5
1065,30,33,31.5
1065,30,33,31.5
1065,30,33,31.5
1065,30,33,31.5
1065,30,33,31.5
1065,30,33,31.5
1065,30,33,31.5
1065,30,33,31.5
1065,30,33,31.5
1065,30,33,31.5
1065,30,33,31.5
1066,30,33,31.5
1066,30,33,31.5
1066,30,32,31.0
1066,30,32,31.0
1066,30,32,31.0
1066,30,32,31.0
1066,30,32,31.0
1066,30,32,31.0
1066,30,32,31.0
1066,30,32,31.0
1066,30,32,31.0
1066,30,32,31.0
1066,30,32,31.0
1066,30,32,31.0
1066,30,32,31.0
1066,30,32,31.0
1066,30,32,31.0
1066,30,32,31.0
1067,30,32,31.0
1067,30,32,31.0
1067,30,32,31.0
1067,30,32,31.0
1067,30,32,31.0
1067,30,32,31.0
1067,30,32,31.0
1067,30,32,31.0
1067,30,32,31.0
1068,30,32,31.0
1068,30,32,31.0
1068,30,32,31.0
1068,30,32,31.0
1068,30,32,31.0
1068,30,32,31.0
1068,30,32,31.0
1068,30,32,31.0
1068,30,32,31.0
1068,30,32,31.0
1068,30,32,31.0
1068,30,32,31.0
1069,30,32,31.0
1069,30,32,31.0
1069,30,32,31.0
1069,30,32,31.0
1069,30,32,31.0
1069,30,32,31.0
1069,30,32,31.0
1069,30,32,31.0
1069,30,32,31.0
1069,30,32,31.0
1069,30,32,31.0
1069,30,32,31.0
1069,30,32,31.0
1070,30,32,31.0
1070,30,32,31.0
1070,30,32,31.0
1071,30,32,31.0
1071,30,32,31.0
1071,30,32,31.0
1071,30,32,31.0
1071,30,32,31.0
1071,30,32,31.0
1071,30,32,31.0
1071,30,32,31.0
1071,30,32,31.0
1071,30,32,31.0
1071,30,32,31.0
1071,30,32,31.0
1071,30,32,31.0
1071,30,32,31.0
1071,30,32,31.0
1072,30,32,31.0
1072,30,32,31.0
1072,30,32,31.0
1072,30,32,31.0
1072,30,32,31.0
1072,30,32,31.0
1072,30,32,31.0
1072,30,32,31.0
1072,30,32,31.0
1072,30,32,31.0
1072,30,32,31.0
1072,30,32,31.0
1073,30,32,31.0
1073,30,32,31.0
1073,30,32,31.0
1073,30,32,31.0
1073,30,32,31.0
1073,30,32,31.0
1074,30,32,31.0
1074,30,32,31.0
1074,30,32,31.0
1075,30,32,31.0
1075,30,32,31.0
1076,30,32,31.0
1076,30,32,31.0
1076,30,32,31.0
1076,30,32,31.0
1076,30,32,31.0
1076,30,32,31.0
1076,30,32,31.0
1076,30,32,31.0
1076,30,32,31.0
1076,30,32,31.0
1076,30,32,31.0
1076,30,32,31.0
1076,30,32,31.0
1076,30,32,31.0
1076,30,32,31.0
1076,30,32,31.0
1076,30,32,31.0
1076,30,32,31.0
1076,30,32,31.0
1076,30,32,31.0
1076,30,32,31.0
1077,30,32,31.0
1077,30,32,31.0
1078,30,32,31.0
1078,30,32,31.0
1079,30,32,31.0
1079,30,32,31.0
1079,30,32,31.0
1079,30,32,31.0
1079,30,32,31.0
1079,30,32,31.0
1079,30,32,31.0
1079,30,32,31.0
1079,30,32,31.0
1081,30,32,31.0
1081,31,32,31.5
1081,31,32,31.5
1081,31,32,31.5
1081,31,32,31.5
1081,31,32,31.5
1082,31,32,31.5
1083,31,32,31.5
1083,31,32,31.5
1083,31,32,31.5
1084,31,32,31.5
1084,31,32,31.5
1085,31,32,31.5
1085,31,32,31.5
1086,31,32,31.5
1086,31,32,31.5
1086,31,32,31.5
1086,31,32,31.5
1087,31,32,31.5
1087,31,32,31.5
1087,31,32,31.5
1087,31,32,31.5
1087,31,32,31.5
1087,30,32,31.0
1087,30,32,31.0
1087,30,32,31.0
1087,30,32,31.0
1087,30,32,31.0
1087,30,32,31.0
1087,30,32,31.0
1087,30,32,31.0
1087,30,32,31.0
1087,30,32,31.0
1087,30,32,31.0
1087,30,32,31.0
1087,30,32,31.0
1087,30,32,31.0
1087,30,32,31.0
1087,30,32,31.0
1087,30,32,31.0
1087,30,32,31.0
1087,30,32,31.0
1087,30,32,31.0
1087,30,32,31.0
1087,30,32,31.0
1087,30,32,31.0
1087,30,32,31.0
1087,30,32,31.0
1087,30,32,31.0
1087,30,32,31.0
1087,30,32,31.0
1087,30,32,31.0
1087,30,32,31.0
1087,30,32,31.0
1087,30,32,31.0
1087,30,32,31.0
1087,30,32,31.0
1087,30,32,31.0
1087,30,32,31.0
1087,30,32,31.0
1087,30,32,31.0
1087,30,32,31.0
1087,30,32,31.0
1087,30,32,31.0
1087,30,32,31.0
1087,30,32,31.0
1087,30,32,31.0
1087,30,32,31.0
1087,30,32,31.0
1087,30,32,31.0
1087,30,32,31.0
1087,30,32,31.0
1087,30,32,31.0
1087,30,32,31.0
1087,30,34,32.0
1087,30,33,31.5
1087,30,33,31.5
1087,30,33,31.5
1087,30,33,31.5
1087,30,33,31.5
1087,30,33,31.5
1087,30,33,31.5
1087,30,33,31.5
1087,30,33,31.5
1087,29,33,31.0
1087,29,33,31.0
1087,29,33,31.0
1087,29,33,31.0
1087,29,33,31.0
1087,26,33,29.5
1087,26,33,29.5
1087,26,33,29.5
1087,26,33,29.5
1087,26,33,29.5
1087,26,33,29.5
1087,26,33,29.5
1087,27,33,30.0
1087,27,34,30.5
1087,27,34,30.5
1087,27,34,30.5
1087,27,34,30.5
1087,27,34,30.5
1087,27,34,30.5
1087,27,34,30.5
1087,27,34,30.5
1087,27,34,30.5
1087,27,34,30.5
1087,27,34,30.5
1087,27,34,30.5
1087,27,34,30.5
1087,27,34,30.5
1087,27,34,30.5
1087,27,34,30.5
1088,27,34,30.5
1088,27,34,30.5
1088,27,34,30.5
1088,27,34,30.5
1088,27,34,30.5
1088,27,34,30.5
1088,27,34,30.5
1088,27,34,30.5
1088,27,34,30.5
1088,27,33,30.0
1088,27,33,30.0
1088,27,33,30.0
1088,27,33,30.0
1088,27,33,30.0
1088,27,33,30.0
1088,27,33,30.0
1088,27,33,30.0
1088,27,33,30.0
1088,27,33,30.0
1088,27,33,30.0
1088,27,33,30.0
1088,27,33,30.0
1088,27,33,30.0
1088,27,33,30.0
1088,27,33,30.0
1088,27,33,30.0
1088,27,33,30.0
1088,27,33,30.0
1088,27,33,30.0
1088,27,33,30.0
1088,27,33,30.0
1088,27,33,30.0
1088,27,33,30.0
1088,27,33,30.0
1088,27,33,30.0
1088,27,33,30.0
1088,27,33,30.0
1089,27,33,30.0
1089,27,33,30.0
1089,27,33,30.0
1089,27,33,30.0
1089,27,33,30.0
1089,27,33,30.0
1089,27,33,30.0
1089,27,33,30.0
1089,27,33,30.0
1089,27,33,30.0
1089,27,33,30.0
1089,27,33,30.0
1089,27,33,30.0
1089,27,33,30.0
1089,27,33,30.0
1089,27,33,30.0
1089,27,33,30.0
1089,27,33,30.0
1089,27,33,30.0
1089,27,33,30.0
1089,27,33,30.0
1090,27,33,30.0
1090,27,33,30.0
1090,27,33,30.0
1090,27,33,30.0
1090,27,33,30.0
1090,27,33,30.0
1090,27,33,30.0
1091,27,33,30.0
1091,27,33,30.0
1091,27,33,30.0
1091,27,33,30.0
1091,27,33,30.0
1091,27,33,30.0
1091,27,33,30.0
1091,27,33,30.0
1091,27,33,30.0
1091,27,33,30.0
1091,27,33,30.0
1091,27,33,30.0
1091,27,33,30.0
1092,27,33,30.0
1092,27,33,30.0
1092,27,33,30.0
1092,27,33,30.0
1092,27,33,30.0
1092,27,33,30.0
1092,27,33,30.0
1092,27,33,30.0
1092,27,33,30.0
1092,27,33,30.0
1092,27,33,30.0
1092,27,33,30.0
1092,27,33,30.0
1092,27,33,30.0
1092,27,33,30.0
1092,27,33,30.0
1092,27,33,30.0
1092,27,33,30.0
1093,27,33,30.0
1093,27,33,30.0
1093,27,33,30.0
1093,27,33,30.0
1093,27,33,30.0
1093,27,33,30.0
1094,27,33,30.0
1094,27,33,30.0
1094,27,33,30.0
1094,27,33,30.0
1094,27,33,30.0
1094,27,33,30.0
1094,27,33,30.0
1094,27,37,32.0
1094,27,37,32.0
1094,27,38,32.5
1094,27,38,32.5
1094,27,38,32.5
1094,27,38,32.5
1094,27,39,33.0
1094,27,39,33.0
1094,27,40,33.5
1094,27,40,33.5
1094,27,39,33.0
1094,27,39,33.0
1094,27,39,33.0
1094,27,40,33.5
1094,27,40,33.5
1094,27,40,33.5
1094,27,40,33.5
1094,27,40,33.5
1094,27,40,33.5
1094,27,40,33.5
1094,27,39,33.0
1094,27,39,33.0
1094,27,39,33.0
1094,27,39,33.0
1095,27,39,33.0
1095,27,39,33.0
1095,27,39,33.0
1095,27,39,33.0
1095,27,40,33.5
1095,27,40,33.5
1095,27,40,33.5
1095,27,40,33.5
1095,27,40,33.5
1095,27,39,33.0
1095,27,40,33.5
1095,27,39,33.0
1095,27,39,33.0
1095,27,39,33.0
1095,27,39,33.0
1095,33,39,36.0
1095,33,39,36.0
1095,33,39,36.0
1095,33,39,36.0
1095,33,39,36.0
1095,33,39,36.0
1095,33,39,36.0
1095,33,39,36.0
1095,33,39,36.0
1095,33,38,35.5
1095,33,38,35.5
1095,33,38,35.5
1095,33,38,35.5
1095,33,38,35.5
1095,33,38,35.5
1095,33,38,35.5
1095,33,38,35.5
1095,33,38,35.5
1095,33,38,35.5
1095,33,38,35.5
1095,33,37,35.0
1095,33,37,35.0
1095,33,37,35.0
1095,33,37,35.0
1095,33,37,35.0
1095,33,37,35.0
1095,33,37,35.0
1095,33,37,35.0
1095,33,37,35.0
1095,33,37,35.0
1095,33,37,35.0
1095,33,37,35.0
1095,33,37,35.0
1095,33,36,34.5
1095,33,36,34.5
1095,33,36,34.5
1095,33,37,35.0
1095,33,37,35.0
1095,33,37,35.0
1095,33,37,35.0
1096,33,37,35.0
1096,33,37,35.0
1096,33,37,35.0
1096,33,37,35.0
1096,33,39,36.0
1096,33,39,36.0
1096,33,39,36.0
1096,33,38,35.5
1096,33,38,35.5
1096,33,38,35.5
1096,33,38,35.5
1096,33,38,35.5
1096,33,38,35.5
1096,33,38,35.5
1096,33,38,35.5
1096,33,38,35.5
1096,33,38,35.5
1096,33,38,35.5
1096,33,38,35.5
1096,33,38,35.5
1096,33,38,35.5
1096,33,38,35.5
1096,33,38,35.5
1096,33,38,35.5
1096,33,38,35.5
1096,33,38,35.5
1096,33,38,35.5
1096,33,38,35.5
1096,33,38,35.5
1096,33,38,35.5
1096,33,38,35.5
1096,33,38,35.5
1096,33,38,35.5
1096,33,38,35.5
1096,34,38,36.0
1096,34,38,36.0
1096,34,38,36.0
1096,34,38,36.0
1096,34,38,36.0
1096,34,38,36.0
1096,34,37,35.5
1096,34,37,35.5
1096,34,37,35.5
1096,34,37,35.5
1096,34,37,35.5
1096,34,37,35.5
1096,34,37,35.5
1096,34,37,35.5
1096,34,37,35.5
1096,34,37,35.5
1096,34,37,35.5
1096,34,37,35.5
1096,34,37,35.5
1096,34,37,35.5
1096,34,37,35.5
1096,34,37,35.5
1096,34,37,35.5
1096,33,37,35.0
1096,33,37,35.0
1096,33,37,35.0
1096,33,37,35.0
1096,33,37,35.0
1096,33,37,35.0
1096,33,37,35.0
1096,33,37,35.0
1096,33,37,35.0
1096,33,37,35.0
1096,33,37,35.0
1096,33,37,35.0
1096,33,37,35.0
1096,33,37,35.0
1096,33,37,35.0
1096,33,37,35.0
1096,33,37,35.0
1096,33,37,35.0
1096,33,37,35.0
1097,33,37,35.0
1097,33,37,35.0
1097,33,37,35.0
1097,33,37,35.0
1097,34,37,35.5
1097,34,37,35.5
1097,34,37,35.5
1097,34,37,35.5
1097,34,37,35.5
1097,34,37,35.5
1097,34,37,35.5
1097,34,37,35.5
1097,34,37,35.5
1097,34,37,35.5
1097,34,37,35.5
1097,34,37,35.5
1097,34,37,35.5
1097,34,37,35.5
1097,34,37,35.5
1097,35,37,36.0
1097,35,37,36.0
1097,35,39,37.0
1097,35,39,37.0
1097,35,39,37.0
1097,35,39,37.0
1097,35,39,37.0
1097,35,39,37.0
1097,35,39,37.0
1097,35,39,37.0
1097,35,39,37.0
1097,35,39,37.0
1097,35,37,36.0
1097,35,37,36.0
1097,35,37,36.0
1097,35,37,36.0
1097,35,37,36.0
1097,35,37,36.0
1097,35,37,36.0
1097,35,37,36.0
1097,35,37,36.0
1097,35,37,36.0
1097,35,37,36.0
1097,36,37,36.5
1097,36,37,36.5
1097,36,37,36.5
1097,36,37,36.5
1097,36,37,36.5
1097,36,37,36.5
1097,36,37,36.5
1097,36,37,36.5
1097,36,37,36.5
1097,36,37,36.5
1097,36,37,36.5
1097,36,37,36.5
1097,36,37,36.5
1097,36,37,36.5
1097,36,37,36.5
1097,36,37,36.5
1097,36,37,36.5
1097,36,37,36.5
1097,36,37,36.5
1097,36,37,36.5
1097,36,37,36.5
1097,36,37,36.5
1098,36,39,37.5
1098,36,39,37.5
1098,36,39,37.5
1098,36,39,37.5
1098,36,39,37.5
1098,36,39,37.5
1098,36,39,37.5
1098,36,39,37.5
1098,36,37,36.5
1098,36,37,36.5
1098,36,37,36.5
1098,36,37,36.5
1098,36,37,36.5
1098,36,37,36.5
1098,36,37,36.5
1098,36,37,36.5
1098,36,37,36.5
1098,36,37,36.5
1098,36,37,36.5
1098,36,37,36.5
1098,36,37,36.5
1099,36,37,36.5
1099,36,37,36.5
1099,36,37,36.5
1099,36,37,36.5
1099,36,37,36.5
1099,36,37,36.5
1099,36,37,36.5
1099,36,37,36.5
1099,36,39,37.5
1099,36,39,37.5
1099,36,39,37.5
1099,36,39,37.5
1099,36,39,37.5
1099,36,39,37.5
1099,36,39,37.5
1099,36,39,37.5
1099,36,39,37.5
1099,36,39,37.5
1099,36,39,37.5
1099,36,39,37.5
1100,36,39,37.5
1100,36,39,37.5
1100,36,39,37.5
1100,36,39,37.5
1100,36,39,37.5
1100,36,39,37.5
1100,36,39,37.5
1100,36,39,37.5
1100,36,39,37.5
1100,36,39,37.5
1100,36,39,37.5
1100,36,39,37.5
1100,36,39,37.5
1100,36,39,37.5
1100,36,39,37.5
1100,36,39,37.5
1100,36,39,37.5
1100,36,39,37.5
1101,36,39,37.5
1101,36,39,37.5
1101,36,39,37.5
1101,36,39,37.5
1102,36,39,37.5
1102,36,39,37.5
1102,36,39,37.5
1102,36,39,37.5
1102,36,39,37.5
1102,36,39,37.5
1102,36,39,37.5
1102,36,39,37.5
1102,36,39,37.5
1103,36,39,37.5
1103,36,39,37.5
1103,36,39,37.5
1103,36,39,37.5
1103,36,39,37.5
1103,36,39,37.5
1103,36,39,37.5
1103,36,39,37.5
1103,36,39,37.5
1103,36,39,37.5
1103,36,39,37.5
1103,36,39,37.5
1103,36,39,37.5
1103,36,39,37.5
1104,36,39,37.5
1104,36,39,37.5
1104,36,39,37.5
1104,36,39,37.5
1104,36,39,37.5
1104,36,39,37.5
1104,36,39,37.5
1104,36,39,37.5
1105,36,39,37.5
1105,36,39,37.5
1105,36,39,37.5
1105,36,39,37.5
1105,36,39,37.5
1105,36,39,37.5
1105,36,39,37.5
1105,36,39,37.5
1105,36,39,37.5
1105,36,39,37.5
1105,36,39,37.5
1105,36,39,37.5
1105,36,39,37.5
1105,36,39,37.5
1105,36,39,37.5
1105,37,39,38.0
1105,37,39,38.0
1105,37,39,38.0
1105,37,39,38.0
1105,37,39,38.0
1105,37,39,38.0
1105,37,39,38.0
1105,37,39,38.0
1105,37,39,38.0
1105,37,39,38.0
1105,37,39,38.0
1106,37,39,38.0
1106,37,39,38.0
1106,37,39,38.0
1106,37,39,38.0
1106,37,39,38.0
1106,37,39,38.0
1106,37,39,38.0
1106,37,39,38.0
1106,37,39,38.0
1106,37,39,38.0
1106,37,39,38.0
1106,37,39,38.0
1106,37,39,38.0
1106,37,39,38.0
1106,37,39,38.0
1106,37,39,38.0
1106,37,39,38.0
1106,37,39,38.0
1107,37,39,38.0
1107,37,39,38.0
1107,37,39,38.0
1107,37,39,38.0
1107,37,39,38.0
1107,37,39,38.0
1107,37,39,38.0
1107,37,39,38.0
1107,37,39,38.0
1107,37,39,38.0
1107,37,39,38.0
1107,37,39,38.0
1107,37,39,38.0
1107,37,39,38.0
1108,37,39,38.0
1108,37,39,38.0
1108,37,39,38.0
1108,37,39,38.0
1108,37,39,38.0
1108,37,39,38.0
1108,37,39,38.0
1109,37,39,38.0
1109,37,39,38.0
1109,37,39,38.0
1110,37,39,38.0
1110,37,39,38.0
1110,37,39,38.0
1110,37,39,38.0
1110,37,39,38.0
1110,37,39,38.0
1110,37,39,38.0
1110,37,39,38.0
1110,37,39,38.0
1111,37,39,38.0
1111,37,39,38.0
1112,37,39,38.0
1112,37,39,38.0
1112,37,39,38.0
1113,37,39,38.0
1113,37,39,38.0
1113,37,39,38.0
1113,37,39,38.0
1113,37,39,38.0
1113,37,39,38.0
1113,37,39,38.0
1113,37,39,38.0
1113,37,39,38.0
1114,37,39,38.0
1114,37,39,38.0
1114,37,39,38.0
1114,37,39,38.0
1114,37,39,38.0
1114,37,39,38.0
1114,37,39,38.0
1114,37,39,38.0
1115,37,39,38.0
1115,37,39,38.0
1116,37,39,38.0
1116,37,38,37.5
1116,37,38,37.5
1116,37,38,37.5
1116,37,38,37.5
1116,37,38,37.5
1116,37,38,37.5
1116,37,38,37.5
1116,37,38,37.5
1116,37,38,37.5
1116,37,38,37.5
1116,37,38,37.5
1116,37,38,37.5
1116,37,38,37.5
1116,37,38,37.5
1117,37,38,37.5
1117,37,38,37.5
1117,37,38,37.5
1118,37,38,37.5
1118,37,38,37.5
1118,37,38,37.5
1119,37,38,37.5
1119,37,38,37.5
1119,37,38,37.5
1120,37,38,37.5
1120,37,38,37.5
1120,37,38,37.5
1120,37,38,37.5
1120,37,38,37.5
1120,37,38,37.5
1120,37,38,37.5
1120,37,38,37.5
1120,37,38,37.5
1120,37,38,37.5
1120,37,38,37.5
1120,37,38,37.5
1120,37,38,37.5
1121,37,38,37.5
1121,37,38,37.5
1121,37,38,37.5
1121,37,38,37.5
1121,37,38,37.5
1121,37,38,37.5
1122,37,38,37.5
1122,37,38,37.5
1122,37,38,37.5
1122,37,38,37.5
1122,37,38,37.5
1122,37,38,37.5
1123,37,38,37.5
1123,37,38,37.5
1124,37,38,37.5
1124,37,38,37.5
1124,37,38,37.5
1124,37,38,37.5
1125,37,38,37.5
1125,37,38,37.5
1126,37,38,37.5
1126,37,38,37.5
1126,37,38,37.5
1126,37,38,37.5
1126,37,38,37.5
1126,37,38,37.5
1126,37,38,37.5
1126,37,38,37.5
1126,37,38,37.5
1126,37,38,37.5
1126,37,38,37.5
1126,37,38,37.5
1126,37,38,37.5
1126,37,38,37.5
1126,37,38,37.5
1126,37,38,37.5
1126,36,38,37.0
1126,36,38,37.0
1126,36,38,37.0
1126,36,38,37.0
1126,36,39,37.5
1126,36,39,37.5
1126,36,39,37.5
1126,36,39,37.5
1126,36,39,37.5
1126,36,39,37.5
1126,36,39,37.5
1126,36,39,37.5
1126,36,38,37.0
1126,36,38,37.0
1126,36,38,37.0
1126,36,38,37.0
1126,36,38,37.0
1126,36,38,37.0
1126,36,38,37.0
1126,36,39,37.5
1126,36,39,37.5
1126,36,39,37.5
1126,36,39,37.5
1126,36,39,37.5
1126,36,39,37.5
1126,36,39,37.5
1126,36,39,37.5
1127,36,39,37.5
1127,36,39,37.5
1127,36,39,37.5
1127,36,39,37.5
1127,36,39,37.5
1127,36,39,37.5
1127,36,40,38.0
1127,36,40,38.0
1127,36,40,38.0
1127,36,40,38.0
1127,36,40,38.0
1127,36,40,38.0
1127,36,40,38.0
1127,36,40,38.0
1127,36,40,38.0
1127,36,40,38.0
1127,36,40,38.0
1127,36,40,38.0
1127,36,40,38.0
1127,36,40,38.0
1127,36,40,38.0
1127,36,40,38.0
1127,36,40,38.0
1127,36,40,38.0
1127,36,40,38.0
1127,36,40,38.0
1127,36,40,38.0
1127,36,40,38.0
1127,36,40,38.0
1127,36,40,38.0
1127,36,40,38.0
1127,36,41,38.5
1127,36,41,38.5
1127,36,41,38.5
1127,36,41,38.5
1127,36,41,38.5
1127,36,41,38.5
1127,36,41,38.5
1127,36,41,38.5
1127,36,41,38.5
1127,33,41,37.0
1127,33,41,37.0
1127,33,41,37.0
1127,33,41,37.0
1127,33,41,37.0
1127,33,41,37.0
1127,33,41,37.0
1127,33,41,37.0
1127,33,41,37.0
1127,33,41,37.0
1127,33,41,37.0
1127,33,41,37.0
1127,33,41,37.0
1127,33,41,37.0
1127,33,41,37.0
1127,36,41,38.5
1127,36,41,38.5
1127,36,41,38.5
1127,36,41,38.5
1127,36,41,38.5
1127,36,41,38.5
1127,36,41,38.5
1127,36,41,38.5
1127,36,41,38.5
1127,36,41,38.5
1127,36,41,38.5
1127,36,41,38.5
1127,36,41,38.5
1127,36,41,38.5
1127,36,41,38.5
1127,36,41,38.5
1127,36,41,38.5
1127,36,41,38.5
1127,36,41,38.5
1127,36,41,38.5
1127,36,41,38.5
1127,36,41,38.5
1127,36,41,38.5
1127,34,41,37.5
1127,34,41,37.5
1127,34,41,37.5
1127,34,41,37.5
1127,34,41,37.5
1127,34,41,37.5
1127,34,41,37.5
1127,34,41,37.5
1127,34,41,37.5
1127,34,41,37.5
1127,34,41,37.5
1127,34,41,37.5
1127,34,41,37.5
1127,34,41,37.5
1127,34,41,37.5
1127,34,41,37.5
1127,34,41,37.5
1127,34,41,37.5
1128,34,41,37.5
1128,34,41,37.5
1128,34,41,37.5
1128,34,41,37.5
1128,34,41,37.5
1128,34,41,37.5
1128,34,41,37.5
1128,34,41,37.5
1128,34,41,37.5
1128,34,41,37.5
1128,34,41,37.5
1128,34,41,37.5
1128,34,41,37.5
1128,34,41,37.5
1128,34,41,37.5
1128,34,41,37.5
1128,34,41,37.5
1128,34,41,37.5
1128,34,41,37.5
1128,34,41,37.5
1129,34,41,37.5
1129,34,41,37.5
1129,34,41,37.5
1129,34,41,37.5
1129,34,41,37.5
1129,34,41,37.5
1129,34,41,37.5
1129,34,41,37.5
1129,34,41,37.5
1129,34,41,37.5
1129,34,41,37.5
1129,34,41,37.5
1129,34,41,37.5
1129,34,41,37.5
1129,33,41,37.0
1129,33,41,37.0
1129,33,41,37.0
1129,33,41,37.0
1129,33,41,37.0
1129,33,41,37.0
1129,33,41,37.0
1129,33,41,37.0
1129,33,41,37.0
1129,33,41,37.0
1129,33,39,36.0
1129,33,39,36.0
1129,33,39,36.0
1129,33,39,36.0
1129,33,39,36.0
1129,33,39,36.0
1129,33,39,36.0
1129,33,39,36.0
1129,33,39,36.0
1129,33,39,36.0
1129,33,39,36.0
1129,34,39,36.5
1129,34,39,36.5
1129,34,39,36.5
1129,34,39,36.5
1129,34,39,36.5
1129,34,39,36.5
1129,34,39,36.5
1129,34,39,36.5
1129,34,39,36.5
1129,34,39,36.5
1129,34,39,36.5
1129,34,39,36.5
1129,34,39,36.5
1130,34,39,36.5
1130,34,39,36.5
1130,34,39,36.5
1130,34,39,36.5
1130,34,39,36.5
1130,34,39,36.5
1130,34,39,36.5
1130,34,39,36.5
1130,34,39,36.5
1130,34,39,36.5
1130,34,39,36.5
1130,34,39,36.5
1130,34,38,36.0
1130,34,38,36.0
1130,34,38,36.0
1130,34,38,36.0
1130,34,38,36.0
1130,34,38,36.0
1130,34,38,36.0
1130,34,38,36.0
1130,34,38,36.0
1130,34,38,36.0
1130,34,38,36.0
1130,34,38,36.0
1130,34,38,36.0
1130,34,37,35.5
1130,34,37,35.5
1130,34,37,35.5
1130,34,37,35.5
1130,34,38,36.0
1130,34,38,36.0
1130,34,38,36.0
1130,34,38,36.0
1130,34,38,36.0
1130,34,38,36.0
1131,34,38,36.0
1131,34,38,36.0
1131,34,38,36.0
1131,34,38,36.0
1131,34,38,36.0
1131,34,38,36.0
1131,34,38,36.0
1131,34,38,36.0
1131,34,38,36.0
1131,34,38,36.0
1131,34,38,36.0
1131,34,38,36.0
1131,34,38,36.0
1131,34,38,36.0
1131,34,38,36.0
1131,35,38,36.5
1131,35,38,36.5
1131,35,38,36.5
1131,35,38,36.5
1131,35,38,36.5
1131,35,38,36.5
1131,35,38,36.5
1131,35,38,36.5
1131,35,38,36.5
1131,35,38,36.5
1131,35,38,36.5
1131,35,38,36.5
1131,35,38,36.5
1131,35,38,36.5
1131,35,38,36.5
1131,35,38,36.5
1131,35,38,36.5
1131,35,38,36.5
1132,35,38,36.5
1132,35,38,36.5
1132,35,38,36.5
1132,35,38,36.5
1132,35,38,36.5
1132,35,38,36.5
1132,35,38,36.5
1132,35,38,36.5
1132,35,38,36.5
1132,35,38,36.5
1132,35,38,36.5
1132,35,38,36.5
1132,35,38,36.5
1132,35,38,36.5
1132,35,38,36.5
1133,35,38,36.5
1133,35,38,36.5
1133,35,38,36.5
1133,35,38,36.5
1133,35,38,36.5
1133,35,38,36.5
1133,35,38,36.5
1133,35,38,36.5
1133,35,38,36.5
1133,35,39,37.0
1133,35,39,37.0
1133,35,39,37.0
1133,35,39,37.0
1133,35,39,37.0
1133,35,39,37.0
1133,35,39,37.0
1133,35,39,37.0
1133,35,39,37.0
1133,35,39,37.0
1133,35,39,37.0
1133,35,39,37.0
1133,35,39,37.0
1133,35,39,37.0
1133,35,39,37.0
1133,35,39,37.0
1133,35,39,37.0
1133,35,39,37.0
1133,35,39,37.0
1133,35,39,37.0
1133,35,39,37.0
1133,35,39,37.0
1133,35,39,37.0
1133,35,39,37.0
1133,35,39,37.0
1133,35,39,37.0
1133,35,39,37.0
1133,35,39,37.0
1133,35,39,37.0
1133,35,39,37.0
1133,35,39,37.0
1133,35,39,37.0
1133,35,39,37.0
1133,35,39,37.0
1134,35,39,37.0
1134,35,39,37.0
1134,35,39,37.0
1134,35,39,37.0
1134,35,39,37.0
1134,35,39,37.0
1134,35,39,37.0
1134,35,39,37.0
1134,35,39,37.0
1134,35,39,37.0
1134,35,39,37.0
1134,35,39,37.0
1134,35,39,37.0
1134,35,39,37.0
1134,35,39,37.0
1134,35,39,37.0
1134,35,39,37.0
1134,35,39,37.0
1134,35,39,37.0
1134,35,39,37.0
1134,35,39,37.0
1134,35,39,37.0
1134,35,39,37.0
1134,35,39,37.0
1135,35,39,37.0
1135,35,39,37.0
1135,35,39,37.0
1135,35,39,37.0
1135,35,39,37.0
1135,35,39,37.0
1135,35,39,37.0
1135,35,39,37.0
1135,35,39,37.0
1135,35,39,37.0
1135,35,39,37.0
1135,35,39,37.0
1135,35,39,37.0
1135,35,39,37.0
1135,35,39,37.0
1135,36,39,37.5
1135,36,39,37.5
1135,36,39,37.5
1135,36,39,37.5
1135,36,39,37.5
1135,36,39,37.5
1135,36,39,37.5
1136,36,39,37.5
1136,36,39,37.5
1136,36,39,37.5
1136,36,39,37.5
1136,36,39,37.5
1136,36,39,37.5
1136,36,39,37.5
1136,36,39,37.5
1136,36,39,37.5
1136,36,39,37.5
1136,36,39,37.5
1136,36,39,37.5
1137,36,39,37.5
1137,36,39,37.5
1137,36,39,37.5
1137,36,39,37.5
1138,36,39,37.5
1138,36,39,37.5
1138,36,39,37.5
1138,36,40,38.0
1138,36,40,38.0
1138,36,41,38.5
1138,36,41,38.5
1138,36,41,38.5
1138,36,41,38.5
1138,36,41,38.5
1138,36,41,38.5
1138,36,41,38.5
1139,36,41,38.5
1139,36,41,38.5
1139,36,41,38.5
1139,36,41,38.5
1139,36,41,38.5
1139,36,41,38.5
1139,36,41,38.5
1140,36,41,38.5
1140,36,41,38.5
1140,36,41,38.5
1140,36,41,38.5
1140,36,41,38.5
1140,36,41,38.5
1140,34,41,37.5
1140,34,41,37.5
1140,34,41,37.5
1140,34,41,37.5
1140,34,41,37.5
1140,34,41,37.5
1140,34,41,37.5
1140,34,41,37.5
1140,34,41,37.5
1140,34,41,37.5
1140,34,41,37.5
1140,35,41,38.0
1140,35,41,38.0
1140,35,41,38.0
1140,35,41,38.0
1140,35,41,38.0
1140,35,41,38.0
1140,35,41,38.0
1140,35,41,38.0
1140,35,41,38.0
1140,35,41,38.0
1140,35,41,38.0
1140,35,41,38.0
1140,35,41,38.0
1140,35,41,38.0
1141,35,41,38.0
1141,35,41,38.0
1141,35,41,38.0
1141,35,41,38.0
1142,35,41,38.0
1142,35,41,38.0
1142,35,41,38.0
1142,35,41,38.0
1142,35,41,38.0
1142,35,41,38.0
1142,35,41,38.0
1142,35,41,38.0
1142,35,41,38.0
1142,35,41,38.0
1142,35,41,38.0
1142,35,41,38.0
1143,35,41,38.0
1143,35,41,38.0
1143,35,41,38.0
1143,35,41,38.0
1143,35,41,38.0
1143,35,41,38.0
1143,35,41,38.0
1144,35,41,38.0
1144,35,41,38.0
1144,35,41,38.0
1144,35,41,38.0
1145,35,41,38.0
1145,35,41,38.0
1145,35,41,38.0
1145,35,41,38.0
1146,35,41,38.0
1146,35,41,38.0
1146,35,41,38.0
1147,35,41,38.0
1147,35,41,38.0
1147,35,41,38.0
1147,35,41,38.0
1147,35,41,38.0
1148,35,41,38.0
1148,35,41,38.0
1148,34,41,37.5
1148,34,40,37.0
1148,34,40,37.0
1148,34,40,37.0
1148,34,40,37.0
1148,34,40,37.0
1148,34,40,37.0
1148,34,40,37.0
1148,34,40,37.0
1148,34,40,37.0
1148,34,40,37.0
1148,34,40,37.0
1148,34,40,37.0
1148,34,40,37.0
1148,34,40,37.0
1148,34,40,37.0
1148,34,40,37.0
1148,34,40,37.0
1148,34,39,36.5
1148,34,39,36.5
1148,34,39,36.5
1148,34,39,36.5
1148,34,39,36.5
1148,34,39,36.5
1148,34,39,36.5
1148,34,39,36.5
1148,34,39,36.5
1148,34,39,36.5
1148,34,39,36.5
1148,34,39,36.5
1148,34,39,36.5
1148,34,39,36.5
1148,34,39,36.5
1148,34,39,36.5
1148,34,39,36.5
1148,34,39,36.5
1148,34,39,36.5
1148,34,39,36.5
1148,34,39,36.5
1148,34,39,36.5
1148,34,39,36.5
1148,34,39,36.5
1148,34,39,36.5
1148,34,39,36.5
1148,34,39,36.5
1148,34,39,36.5
1148,35,39,37.0
1148,35,39,37.0
1148,35,39,37.0
1148,35,39,37.0
1148,35,39,37.0
1148,35,39,37.0
1148,35,39,37.0
1148,35,39,37.0
1148,35,39,37.0
1148,35,39,37.0
1148,35,39,37.0
1148,35,39,37.0
1148,34,39,36.5
1148,34,38,36.0
1148,34,38,36.0
1148,34,38,36.0
1148,34,38,36.0
1148,34,38,36.0
1148,34,38,36.0
1148,34,38,36.0
1148,34,38,36.0
1148,34,38,36.0
1148,34,38,36.0
1148,34,38,36.0
1148,34,38,36.0
1148,34,38,36.0
1148,34,38,36.0
1148,34,38,36.0
1148,34,38,36.0
1148,34,38,36.0
1148,34,37,35.5
1148,34,37,35.5
1148,34,37,35.5
1148,34,37,35.5
1149,34,37,35.5
1149,34,37,35.5
1149,34,37,35.5
1149,34,37,35.5
1149,34,37,35.5
1149,34,37,35.5
1149,34,37,35.5
1149,34,37,35.5
1149,34,37,35.5
1149,34,37,35.5
1149,34,37,35.5
1149,34,37,35.5
1149,34,36,35.0
1149,34,36,35.0
1149,34,36,35.0
1149,34,36,35.0
1149,34,36,35.0
1149,34,36,35.0
1149,34,36,35.0
1149,34,36,35.0
1149,34,36,35.0
1149,34,36,35.0
1149,34,36,35.0
1149,34,36,35.0
1149,34,36,35.0
1149,34,36,35.0
1149,34,36,35.0
1149,34,36,35.0
1149,34,36,35.0
1149,34,36,35.0
1149,34,36,35.0
1149,34,36,35.0
1149,34,36,35.0
1149,34,36,35.0
1149,34,36,35.0
1149,34,36,35.0
1149,34,36,35.0
1149,34,36,35.0
1149,34,36,35.0
1149,34,36,35.0
1149,34,36,35.0
1149,34,36,35.0
1149,34,36,35.0
1149,34,36,35.0
1149,34,36,35.0
1149,34,36,35.0
1149,34,36,35.0
1149,34,36,35.0
1149,34,36,35.0
1149,34,36,35.0
1149,34,36,35.0
1149,34,36,35.0
1149,34,36,35.0
1149,34,36,35.0
1149,34,36,35.0
1149,34,36,35.0
1149,34,36,35.0
1149,34,36,35.0
1149,34,36,35.0
1149,34,36,35.0
1149,34,36,35.0
1149,34,36,35.0
1149,34,36,35.0
1149,34,36,35.0
1149,34,36,35.0
1149,34,36,35.0
1149,34,36,35.0
1149,34,36,35.0
1149,34,36,35.0
1149,34,36,35.0
1149,34,36,35.0
1150,34,36,35.0
1150,34,36,35.0
1150,34,36,35.0
1150,34,36,35.0
1150,34,36,35.0
1150,34,36,35.0
1150,34,36,35.0
1150,34,36,35.0
1150,34,36,35.0
1150,34,36,35.0
1150,34,36,35.0
1150,34,36,35.0
1150,34,36,35.0
1150,34,36,35.0
1150,34,36,35.0
1150,34,36,35.0
1150,34,36,35.0
1150,34,36,35.0
1150,34,36,35.0
1150,34,36,35.0
1150,34,36,35.0
1150,34,36,35.0
1150,34,36,35.0
1150,34,36,35.0
1150,34,36,35.0
1150,34,36,35.0
1150,34,36,35.0
1150,34,36,35.0
1150,34,36,35.0
1150,34,36,35.0
1150,34,36,35.0
1150,34,36,35.0
1150,34,36,35.0
1150,34,36,35.0
1150,33,36,34.5
1150,33,36,34.5
1150,33,36,34.5
1150,33,36,34.5
1151,33,36,34.5
1151,33,36,34.5
1151,33,36,34.5
1151,33,36,34.5
1151,33,36,34.5
1151,33,36,34.5
1151,33,36,34.5
1151,33,36,34.5
1151,33,36,34.5
1151,33,36,34.5
1151,33,36,34.5
1151,33,36,34.5
1151,33,36,34.5
1151,33,36,34.5
1151,33,36,34.5
1151,33,36,34.5
1152,33,36,34.5
1152,33,36,34.5
1152,33,36,34.5
1152,33,36,34.5
1152,33,36,34.5
1152,33,36,34.5
1152,34,36,35.0
1152,34,36,35.0
1152,34,36,35.0
1152,34,36,35.0
1152,34,36,35.0
1152,34,36,35.0
1152,34,36,35.0
1152,34,36,35.0
1152,34,36,35.0
1152,34,36,35.0
1152,34,36,35.0
1152,34,36,35.0
1152,34,36,35.0
1152,34,36,35.0
1152,34,36,35.0
1152,34,36,35.0
1152,34,36,35.0
1152,34,36,35.0
1152,34,35,34.5
1152,34,35,34.5
1152,34,35,34.5
1152,34,35,34.5
1152,34,35,34.5
1152,34,35,34.5
1152,34,35,34.5
1152,34,35,34.5
1152,34,35,34.5
1152,34,35,34.5
1152,34,35,34.5
1152,34,35,34.5
1153,34,35,34.5
1153,34,35,34.5
1153,34,35,34.5
1153,34,35,34.5
1153,34,35,34.5
1153,34,35,34.5
1153,34,35,34.5
1153,34,35,34.5
1153,34,35,34.5
1153,34,35,34.5
1153,34,35,34.5
1153,34,35,34.5
1153,34,35,34.5
1153,34,35,34.5
1153,34,35,34.5
1153,34,35,34.5
1153,34,35,34.5
1153,34,35,34.5
1154,34,35,34.5
1154,34,35,34.5
1154,34,35,34.5
1154,34,35,34.5
1154,34,35,34.5
1154,34,35,34.5
1154,34,35,34.5
1154,34,35,34.5
1154,34,35,34.5
1155,34,35,34.5
1155,34,35,34.5
1155,34,35,34.5
1155,34,35,34.5
1155,34,35,34.5
1155,34,35,34.5
1155,34,35,34.5
1155,34,35,34.5
1155,34,35,34.5
1156,34,35,34.5
1156,34,35,34.5
1156,34,35,34.5
1156,34,35,34.5
1156,34,35,34.5
1156,34,35,34.5
1156,34,35,34.5
1156,34,35,34.5
1156,34,35,34.5
1156,34,35,34.5
1156,34,35,34.5
1156,34,35,34.5
1156,34,35,34.5
1156,34,35,34.5
1156,34,35,34.5
1156,34,35,34.5
1157,34,35,34.5
1157,34,35,34.5
1157,34,35,34.5
1157,34,35,34.5
1157,34,35,34.5
1157,34,35,34.5
1157,34,35,34.5
1157,34,35,34.5
1157,34,35,34.5
1157,34,35,34.5
1157,34,35,34.5
1158,34,35,34.5
1158,34,35,34.5
1158,34,35,34.5
1158,34,35,34.5
1158,34,35,34.5
1158,34,35,34.5
1158,34,35,34.5
1158,34,35,34.5
1158,34,35,34.5
1158,34,35,34.5
1158,34,35,34.5
1158,34,35,34.5
1159,34,35,34.5
1159,34,35,34.5
1159,34,35,34.5
1159,34,35,34.5
1159,34,35,34.5
1159,34,35,34.5
1159,34,35,34.5
1159,34,35,34.5
1159,34,35,34.5
1159,34,35,34.5
1159,34,35,34.5
1160,34,35,34.5
1160,34,35,34.5
1160,34,35,34.5
1160,34,35,34.5
1160,34,35,34.5
1160,34,35,34.5
1160,34,35,34.5
1161,34,35,34.5
1161,34,35,34.5
1161,34,35,34.5
1162,34,35,34.5
1162,34,35,34.5
1162,34,35,34.5
1162,34,35,34.5
1162,34,35,34.5
1162,34,35,34.5
1162,34,35,34.5
1163,34,35,34.5
1164,34,35,34.5
1164,34,35,34.5
1164,34,35,34.5
1164,34,35,34.5
1164,34,35,34.5
1165,34,35,34.5
1165,34,35,34.5
1165,34,35,34.5
1165,34,35,34.5
1165,34,35,34.5
1166,34,35,34.5
1166,34,35,34.5
1166,34,35,34.5
1166,34,35,34.5
1166,34,35,34.5
1166,34,35,34.5
1166,34,35,34.5
1166,34,35,34.5
1167,34,35,34.5
1167,34,35,34.5
1167,34,35,34.5
1167,34,35,34.5
1167,34,35,34.5
1168,34,35,34.5
1169,34,35,34.5
1169,34,35,34.5
1170,34,35,34.5
1170,34,35,34.5
1170,34,35,34.5
1170,34,35,34.5
1170,34,35,34.5
1170,34,35,34.5
1170,34,35,34.5
1170,34,35,34.5
1170,34,35,34.5
1170,34,35,34.5
1170,34,35,34.5
1170,34,35,34.5
1170,34,35,34.5
1170,34,35,34.5
1170,34,35,34.5
1171,34,35,34.5
1171,34,35,34.5
1171,34,35,34.5
1171,34,35,34.5
1171,34,35,34.5
1171,34,35,34.5
1171,34,35,34.5
1171,34,35,34.5
1171,34,35,34.5
1171,34,35,34.5
1171,34,35,34.5
1171,34,35,34.5
1171,34,35,34.5
1171,34,35,34.5
1171,34,36,35.0
1171,34,36,35.0
1171,34,36,35.0
1171,34,35,34.5
1171,34,35,34.5
1171,34,35,34.5
1171,34,35,34.5
1171,34,35,34.5
1171,34,35,34.5
1171,34,35,34.5
1171,33,35,34.0
1171,33,35,34.0
1171,33,35,34.0
1171,33,35,34.0
1171,33,35,34.0
1171,33,35,34.0
1171,33,35,34.0
1171,33,36,34.5
1171,33,36,34.5
1171,33,36,34.5
1171,33,36,34.5
1171,33,36,34.5
1171,33,36,34.5
1171,33,35,34.0
1171,33,35,34.0
1171,33,36,34.5
1171,33,37,35.0
1171,33,37,35.0
1171,33,37,35.0
1171,33,35,34.0
1171,33,35,34.0
1171,33,35,34.0
1171,33,35,34.0
1171,33,35,34.0
1171,33,35,34.0
1171,33,35,34.0
1171,33,35,34.0
1171,33,35,34.0
1171,33,35,34.0
1171,33,35,34.0
1171,33,35,34.0
1171,33,35,34.0
1171,33,35,34.0
1171,33,35,34.0
1171,33,35,34.0
1171,33,37,35.0
1171,33,37,35.0
1171,33,37,35.0
1171,33,37,35.0
1171,33,37,35.0
1171,33,36,34.5
1171,33,36,34.5
1171,33,36,34.5
1171,33,36,34.5
1171,33,36,34.5
1171,33,37,35.0
1171,33,37,35.0
1172,33,37,35.0
1172,33,37,35.0
1172,33,37,35.0
1172,33,37,35.0
1172,33,37,35.0
1172,33,36,34.5
1172,33,37,35.0
1172,33,36,34.5
1172,33,37,35.0
1172,33,37,35.0
1172,33,37,35.0
1172,33,37,35.0
1172,33,37,35.0
1172,33,37,35.0
1172,33,37,35.0
1172,33,37,35.0
1172,33,38,35.5
1172,33,38,35.5
1172,33,37,35.0
1172,33,37,35.0
1172,33,37,35.0
1172,33,37,35.0
1172,33,37,35.0
1172,33,37,35.0
1172,33,37,35.0
1172,33,37,35.0
1172,33,37,35.0
1172,33,37,35.0
1172,33,37,35.0
1172,33,37,35.0
1172,33,37,35.0
1172,33,37,35.0
1172,33,37,35.0
1172,31,37,34.0
1172,31,37,34.0
1172,31,37,34.0
1172,31,37,34.0
1172,31,37,34.0
1172,31,37,34.0
1172,31,37,34.0
1172,31,37,34.0
1172,31,37,34.0
1172,31,37,34.0
1172,31,37,34.0
1172,31,37,34.0
1172,31,37,34.0
1172,31,37,34.0
1172,31,37,34.0
1172,31,37,34.0
1172,31,37,34.0
1172,31,37,34.0
1172,31,37,34.0
1172,31,37,34.0
1172,31,37,34.0
1172,31,37,34.0
1172,31,37,34.0
1172,31,37,34.0
1172,31,37,34.0
1172,31,37,34.0
1172,31,37,34.0
1172,31,37,34.0
1172,31,37,34.0
1172,31,37,34.0
1172,31,37,34.0
1172,31,37,34.0
1172,31,37,34.0
1172,31,37,34.0
1172,31,37,34.0
1173,31,37,34.0
1173,31,37,34.0
1173,31,37,34.0
1173,31,37,34.0
1173,31,37,34.0
1173,31,37,34.0
1173,31,37,34.0
1173,31,37,34.0
1173,31,37,34.0
1173,31,37,34.0
1173,31,37,34.0
1173,31,37,34.0
1173,31,37,34.0
1173,31,37,34.0
1173,31,37,34.0
1173,31,37,34.0
1173,31,37,34.0
1173,31,38,34.5
1173,31,38,34.5
1173,31,38,34.5
1173,31,38,34.5
1173,31,38,34.5
1173,31,38,34.5
1173,31,38,34.5
1173,31,38,34.5
1173,31,38,34.5
1173,31,38,34.5
1173,31,38,34.5
1173,31,38,34.5
1173,31,38,34.5
1173,31,38,34.5
1173,31,38,34.5
1173,31,38,34.5
1173,31,38,34.5
1173,31,38,34.5
1173,31,38,34.5
1173,32,38,35.0
1173,32,38,35.0
1173,32,38,35.0
1173,32,38,35.0
1173,32,38,35.0
1173,32,38,35.0
1173,32,38,35.0
1173,32,38,35.0
1173,32,38,35.0
1173,32,38,35.0
1174,32,38,35.0
1174,32,38,35.0
1174,32,38,35.0
1174,32,38,35.0
1174,32,38,35.0
1174,32,38,35.0
1174,32,38,35.0
1174,32,38,35.0
1174,32,38,35.0
1174,32,38,35.0
1174,32,38,35.0
1174,32,38,35.0
1174,32,38,35.0
1174,32,38,35.0
1174,32,38,35.0
1174,32,38,35.0
1174,32,37,34.5
1174,32,37,34.5
1174,32,37,34.5
1174,32,37,34.5
1174,32,37,34.5
1174,32,37,34.5
1174,32,37,34.5
1174,32,37,34.5
1175,32,37,34.5
1175,32,37,34.5
1175,32,37,34.5
1175,32,37,34.5
1175,32,37,34.5
1175,32,37,34.5
1175,32,37,34.5
1175,32,37,34.5
1175,32,37,34.5
1175,29,37,33.0
1175,29,37,33.0
1175,30,37,33.5
1175,30,37,33.5
1175,30,37,33.5
1175,30,37,33.5
1175,30,37,33.5
1175,30,37,33.5
1175,30,37,33.5
1175,30,37,33.5
1175,30,37,33.5
1175,31,37,34.0
1175,31,37,34.0
1175,31,37,34.0
1175,31,37,34.0
1175,31,37,34.0
1175,31,37,34.0
1175,31,37,34.0
1175,32,37,34.5
1175,32,37,34.5
1175,32,37,34.5
1175,32,37,34.5
1175,32,37,34.5
1175,32,37,34.5
1175,32,37,34.5
1175,32,37,34.5
1175,32,37,34.5
1175,32,37,34.5
1175,32,37,34.5
1176,32,37,34.5
1176,32,37,34.5
1176,32,37,34.5
1176,32,37,34.5
1176,32,37,34.5
1176,32,37,34.5
1176,32,37,34.5
1176,32,37,34.5
1176,32,37,34.5
1176,32,37,34.5
1176,32,37,34.5
1176,32,37,34.5
1176,32,37,34.5
1176,32,37,34.5
1177,32,37,34.5
1177,32,37,34.5
1177,32,37,34.5
1177,32,37,34.5
1177,32,37,34.5
1177,32,37,34.5
1177,32,37,34.5
1177,32,37,34.5
1177,32,37,34.5
1177,32,37,34.5
1177,32,37,34.5
1177,32,37,34.5
1177,32,37,34.5
1177,32,37,34.5
1177,32,37,34.5
1177,32,37,34.5
1177,32,37,34.5
1177,32,37,34.5
1177,32,37,34.5
1177,32,37,34.5
1177,32,37,34.5
1178,32,37,34.5
1178,32,37,34.5
1178,32,37,34.5
1178,32,37,34.5
1178,32,38,35.0
1178,32,38,35.0
1178,32,38,35.0
1178,32,38,35.0
1178,32,38,35.0
1178,32,38,35.0
1179,32,38,35.0
1179,32,38,35.0
1179,32,38,35.0
1179,32,38,35.0
1179,32,38,35.0
1179,32,38,35.0
1179,32,38,35.0
1179,32,38,35.0
1179,32,38,35.0
1179,32,38,35.0
1179,32,38,35.0
1179,32,38,35.0
1179,32,38,35.0
1179,32,38,35.0
1179,33,38,35.5
1179,33,38,35.5
1179,33,38,35.5
1179,33,38,35.5
1179,33,38,35.5
1179,33,38,35.5
1179,33,38,35.5
1179,33,38,35.5
1179,33,38,35.5
1179,33,38,35.5
1179,33,38,35.5
1180,33,38,35.5
1180,33,38,35.5
1180,33,38,35.5
1180,33,38,35.5
1180,33,38,35.5
1180,33,38,35.5
1180,33,38,35.5
1180,33,38,35.5
1180,33,38,35.5
1180,33,38,35.5
1180,33,38,35.5
1180,33,38,35.5
1180,33,38,35.5
1180,33,38,35.5
1180,33,38,35.5
1180,33,38,35.5
1180,33,38,35.5
1180,33,38,35.5
1180,33,38,35.5
1180,33,38,35.5
1180,33,38,35.5
1180,33,38,35.5
1180,33,38,35.5
1180,33,38,35.5
1180,33,38,35.5
1180,33,38,35.5
1181,33,38,35.5
1181,33,38,35.5
1181,33,38,35.5
1181,33,38,35.5
1181,33,38,35.5
1181,33,38,35.5
1181,33,38,35.5
1181,33,38,35.5
1182,33,38,35.5
1182,33,38,35.5
1182,33,38,35.5
1182,33,38,35.5
1182,33,38,35.5
1182,33,38,35.5
1183,33,38,35.5
1183,33,38,35.5
1183,33,38,35.5
1183,33,38,35.5
1183,33,38,35.5
1183,33,38,35.5
1183,33,38,35.5
1183,33,38,35.5
1183,33,38,35.5
1183,33,38,35.5
1184,33,38,35.5
1184,33,38,35.5
1184,35,38,36.5
1184,35,38,36.5
1184,35,38,36.5
1184,35,38,36.5
1184,35,38,36.5
1184,35,38,36.5
1184,35,38,36.5
1184,35,38,36.5
1184,35,38,36.5
1184,35,38,36.5
1184,35,38,36.5
1184,35,38,36.5
1184,35,38,36.5
1184,35,38,36.5
1184,35,38,36.5
1184,35,38,36.5
1184,35,38,36.5
1184,35,38,36.5
1184,35,38,36.5
1184,35,38,36.5
1184,35,38,36.5
1184,35,38,36.5
1184,35,38,36.5
1184,35,37,36.0
1185,35,37,36.0
1185,35,37,36.0
1185,35,37,36.0
1185,35,37,36.0
1185,35,37,36.0
1185,35,37,36.0
1185,35,37,36.0
1185,35,38,36.5
1185,35,38,36.5
1185,35,38,36.5
1185,35,38,36.5
1185,35,38,36.5
1185,35,38,36.5
1185,35,38,36.5
1185,35,38,36.5
1186,35,38,36.5
1186,35,38,36.5
1186,35,38,36.5
1186,35,38,36.5
1186,35,38,36.5
1186,35,38,36.5
1187,35,38,36.5
1187,35,38,36.5
1187,35,38,36.5
1187,35,38,36.5
1187,35,38,36.5
1187,35,38,36.5
1187,35,38,36.5
1187,35,38,36.5
1187,35,38,36.5
1187,35,38,36.5
1187,35,38,36.5
1188,35,38,36.5
1188,35,38,36.5
1188,35,38,36.5
1188,35,38,36.5
1188,35,38,36.5
1188,35,38,36.5
1188,35,38,36.5
1188,35,38,36.5
1188,35,38,36.5
1188,35,38,36.5
1188,35,38,36.5
1188,35,38,36.5
1189,35,38,36.5
1189,35,38,36.5
1189,35,38,36.5
1189,35,38,36.5
1189,35,38,36.5
1189,35,38,36.5
1189,35,38,36.5
1189,35,38,36.5
1189,35,38,36.5
1189,35,38,36.5
1189,35,38,36.5
1189,35,38,36.5
1189,35,38,36.5
1190,35,37,36.0
1190,35,37,36.0
1190,35,37,36.0
1190,35,37,36.0
1190,35,37,36.0
1190,35,37,36.0
1190,35,37,36.0
1190,35,37,36.0
1190,35,37,36.0
1190,35,37,36.0
1190,35,37,36.0
1190,35,37,36.0
1190,35,37,36.0
1190,35,37,36.0
1190,35,37,36.0
1191,35,37,36.0
1191,35,37,36.0
1191,35,37,36.0
1191,35,37,36.0
1191,35,37,36.0
1191,35,37,36.0
1192,35,37,36.0
1192,35,37,36.0
1192,35,37,36.0
1192,35,37,36.0
1192,35,37,36.0
1192,35,37,36.0
1192,35,37,36.0
1192,35,37,36.0
1192,35,37,36.0
1192,35,37,36.0
1193,35,37,36.0
1193,35,37,36.0
1193,35,37,36.0
1193,35,37,36.0
1193,35,37,36.0
1193,35,37,36.0
1193,35,37,36.0
1194,35,37,36.0
1194,35,37,36.0
1194,35,37,36.0
1194,35,37,36.0
1194,35,37,36.0
1194,35,37,36.0
1194,35,37,36.0
1194,35,37,36.0
1194,35,37,36.0
1194,35,37,36.0
1194,35,37,36.0
1194,35,37,36.0
1194,35,37,36.0
1194,35,37,36.0
1194,35,37,36.0
1194,36,37,36.5
1194,36,37,36.5
1194,36,37,36.5
1194,36,37,36.5
1194,36,37,36.5
1194,36,37,36.5
1194,36,37,36.5
1194,36,37,36.5
1194,36,38,37.0
1194,36,38,37.0
1194,36,38,37.0
1194,36,38,37.0
1194,36,38,37.0
1194,36,38,37.0
1194,36,38,37.0
1194,36,38,37.0
1194,36,38,37.0
1194,36,38,37.0
1194,36,38,37.0
1194,36,38,37.0
1194,36,38,37.0
1194,36,38,37.0
1194,36,38,37.0
1194,36,38,37.0
1194,36,38,37.0
1194,36,38,37.0
1194,36,38,37.0
1194,36,38,37.0
1194,36,38,37.0
1194,36,38,37.0
1194,36,38,37.0
1194,36,38,37.0
1194,36,38,37.0
1194,36,38,37.0
1194,36,38,37.0
1194,36,38,37.0
1194,36,38,37.0
1194,36,38,37.0
1194,36,38,37.0
1194,36,38,37.0
1194,36,38,37.0
1194,36,38,37.0
1194,36,38,37.0
1194,36,38,37.0
1194,36,38,37.0
1194,36,38,37.0
1194,36,38,37.0
1194,36,38,37.0
1194,36,38,37.0
1194,36,38,37.0
1194,36,38,37.0
1194,36,38,37.0
1194,36,38,37.0
1194,36,38,37.0
1194,36,38,37.0
1194,36,38,37.0
1194,36,38,37.0
1194,36,38,37.0
1194,36,38,37.0
1195,36,38,37.0
1195,36,38,37.0
1195,36,38,37.0
1195,36,38,37.0
1195,36,38,37.0
1195,36,38,37.0
1195,36,38,37.0
1195,36,38,37.0
1195,36,38,37.0
1195,36,38,37.0
1195,36,38,37.0
1195,36,38,37.0
1195,36,38,37.0
1195,36,38,37.0
1195,36,38,37.0
1195,36,38,37.0
1195,36,38,37.0
1195,36,38,37.0
1195,36,38,37.0
1195,36,38,37.0
1195,36,38,37.0
1195,36,38,37.0
1195,36,38,37.0
1195,36,38,37.0
1195,36,38,37.0
1195,36,38,37.0
1195,36,38,37.0
1195,36,38,37.0
1195,36,38,37.0
1195,36,38,37.0
1195,36,38,37.0
1195,36,38,37.0
1195,36,38,37.0
1195,36,38,37.0
1195,36,38,37.0
1195,36,38,37.0
1195,36,38,37.0
1195,36,38,37.0
1195,36,38,37.0
1195,36,38,37.0
1195,36,38,37.0
1195,36,38,37.0
1195,36,38,37.0
1195,36,38,37.0
1195,36,38,37.0
1195,36,38,37.0
1195,36,38,37.0
1195,36,38,37.0
1195,36,38,37.0
1195,36,38,37.0
1196,36,38,37.0
1196,36,38,37.0
1196,36,38,37.0
1196,36,38,37.0
1196,36,38,37.0
1196,36,38,37.0
1196,36,38,37.0
1196,36,38,37.0
1196,36,38,37.0
1196,36,38,37.0
1196,36,38,37.0
1196,36,38,37.0
1196,36,38,37.0
1197,36,38,37.0
1197,36,38,37.0
1197,36,38,37.0
1197,36,38,37.0
1197,36,38,37.0
1197,36,38,37.0
1197,36,38,37.0
1197,36,38,37.0
1197,36,38,37.0
1197,36,38,37.0
1198,36,38,37.0
1198,36,38,37.0
1198,36,38,37.0
1198,36,38,37.0
1198,36,37,36.5
1198,36,37,36.5
1198,36,37,36.5
1198,36,37,36.5
1198,36,37,36.5
1198,36,37,36.5
1198,36,37,36.5
1198,36,37,36.5
1199,36,37,36.5
1199,36,37,36.5
1199,36,37,36.5
1199,36,37,36.5
1199,36,37,36.5
1199,36,37,36.5
1199,36,37,36.5
1199,36,37,36.5
1199,36,37,36.5
1199,36,37,36.5
1199,36,37,36.5
1199,36,37,36.5
1199,36,37,36.5
1199,36,37,36.5
1199,36,37,36.5
1199,36,37,36.5
1200,36,37,36.5
1200,36,37,36.5
1200,36,37,36.5
1200,36,37,36.5
1200,36,37,36.5
1200,36,37,36.5
1200,36,37,36.5
1200,36,37,36.5
1201,36,37,36.5
1201,36,37,36.5
1201,36,37,36.5
1201,36,37,36.5
1201,36,37,36.5
1201,36,37,36.5
1201,36,37,36.5
1201,36,37,36.5
1201,36,37,36.5
1201,36,37,36.5
1201,36,37,36.5
1201,36,37,36.5
1201,36,37,36.5
1202,36,37,36.5
1202,36,37,36.5
1202,36,37,36.5
1202,36,37,36.5
1202,36,37,36.5
1202,36,37,36.5
1202,36,37,36.5
1202,36,37,36.5
1202,36,37,36.5
1202,36,37,36.5
1202,36,37,36.5
1202,36,37,36.5
1203,36,37,36.5
1203,36,37,36.5
1203,36,37,36.5
1203,36,37,36.5
1203,36,37,36.5
1203,36,37,36.5
1203,36,37,36.5
1203,36,37,36.5
1203,36,37,36.5
1203,36,37,36.5
1203,36,37,36.5
1203,36,37,36.5
1203,36,37,36.5
1203,36,37,36.5
1204,36,37,36.5
1204,36,37,36.5
1204,36,37,36.5
1204,36,37,36.5
1204,36,37,36.5
1204,36,37,36.5
1204,36,37,36.5
1204,36,37,36.5
1204,36,37,36.5
1205,36,37,36.5
1205,36,37,36.5
1205,36,37,36.5
1205,36,37,36.5
1205,36,37,36.5
1205,36,37,36.5
1205,36,37,36.5
1206,36,37,36.5
1206,36,37,36.5
1206,36,37,36.5
1207,36,37,36.5
1207,36,37,36.5
1207,36,37,36.5
1207,36,37,36.5
1208,36,37,36.5
1208,36,37,36.5
1208,36,37,36.5
1209,36,37,36.5
1209,36,37,36.5
1209,36,37,36.5
1209,36,37,36.5
1209,36,37,36.5
1209,36,37,36.5
1209,36,37,36.5
1210,36,37,36.5
1210,36,37,36.5
1210,36,37,36.5
1210,36,37,36.5
1211,36,37,36.5
1211,36,37,36.5
1212,36,37,36.5
1212,36,37,36.5
1212,36,37,36.5
1213,36,37,36.5
1213,36,37,36.5
1213,36,37,36.5
1215,36,37,36.5
1215,36,37,36.5
1215,36,37,36.5
1215,36,37,36.5
1216,36,37,36.5
1216,36,37,36.5
1216,36,37,36.5
1217,36,37,36.5
1217,36,37,36.5
1217,36,37,36.5
1217,36,38,37.0
1217,36,38,37.0
1217,36,38,37.0
1217,36,38,37.0
1217,36,38,37.0
1217,36,38,37.0
1217,36,38,37.0
1217,36,38,37.0
1217,36,38,37.0
1217,36,38,37.0
1217,36,38,37.0
1217,36,38,37.0
1217,36,38,37.0
1217,36,38,37.0
1217,36,38,37.0
1217,36,38,37.0
1217,36,38,37.0
1217,36,38,37.0
1217,36,38,37.0
1217,36,38,37.0
1217,36,38,37.0
1217,36,38,37.0
1217,36,38,37.0
1217,36,38,37.0
1217,36,38,37.0
1217,36,38,37.0
1217,36,38,37.0
1217,36,38,37.0
1217,36,38,37.0
1217,36,38,37.0
1217,36,38,37.0
1217,36,38,37.0
1217,36,38,37.0
1217,36,38,37.0
1217,36,38,37.0
1217,36,40,38.0
1217,36,39,37.5
1217,36,39,37.5
1217,36,39,37.5
1217,36,39,37.5
1217,36,39,37.5
1217,36,39,37.5
1217,36,39,37.5
1217,36,39,37.5
1217,36,39,37.5
1217,35,39,37.0
1217,35,39,37.0
1217,35,39,37.0
1217,35,39,37.0
1217,35,39,37.0
1217,35,39,37.0
1217,35,39,37.0
1217,35,39,37.0
1217,35,39,37.0
1217,35,39,37.0
1217,35,39,37.0
1217,35,39,37.0
1217,35,39,37.0
1217,35,39,37.0
1217,35,39,37.0
1217,35,39,37.0
1217,35,39,37.0
1217,35,39,37.0
1217,35,39,37.0
1217,35,39,37.0
1217,35,39,37.0
1217,35,39,37.0
1217,35,39,37.0
1217,35,39,37.0
1217,35,39,37.0
1217,35,39,37.0
1217,35,39,37.0
1217,35,39,37.0
1217,35,39,37.0
1217,35,39,37.0
1217,35,39,37.0
1217,35,39,37.0
1217,35,39,37.0
1217,35,39,37.0
1217,35,39,37.0
1217,35,39,37.0
1217,35,39,37.0
1217,35,39,37.0
1217,35,39,37.0
1217,35,39,37.0
1217,35,39,37.0
1217,35,39,37.0
1217,35,39,37.0
1217,35,39,37.0
1217,35,39,37.0
1217,35,39,37.0
1217,35,39,37.0
1217,35,39,37.0
1217,35,39,37.0
1217,35,39,37.0
1217,35,39,37.0
1217,35,39,37.0
1217,35,39,37.0
1217,35,39,37.0
1217,35,39,37.0
1217,35,39,37.0
1217,35,40,37.5
1217,35,40,37.5
1218,35,40,37.5
1218,35,40,37.5
1218,35,40,37.5
1218,35,40,37.5
1218,35,40,37.5
1218,35,40,37.5
1218,35,40,37.5
1218,35,40,37.5
1218,35,40,37.5
1218,35,40,37.5
1218,35,40,37.5
1219,35,40,37.5
1219,35,40,37.5
1219,35,40,37.5
1220,35,40,37.5
1220,35,40,37.5
1220,35,40,37.5
1220,35,40,37.5
1220,35,40,37.5
1220,35,40,37.5
1220,35,41,38.0
1220,35,41,38.0
1220,35,40,37.5
1220,35,40,37.5
1220,35,40,37.5
1220,35,40,37.5
1220,35,40,37.5
1220,35,40,37.5
1220,35,40,37.5
1220,35,40,37.5
1220,35,40,37.5
1220,35,40,37.5
1220,35,40,37.5
1220,35,40,37.5
1220,35,40,37.5
1221,35,40,37.5
1221,35,40,37.5
1222,35,40,37.5
1222,35,40,37.5
1222,35,39,37.0
1222,35,39,37.0
1222,35,39,37.0
1222,35,39,37.0
1222,35,39,37.0
1222,35,39,37.0
1222,35,39,37.0
1222,35,39,37.0
1222,35,39,37.0
1222,35,39,37.0
1222,35,39,37.0
1222,35,39,37.0
1222,35,39,37.0
1222,35,39,37.0
1222,35,39,37.0
1222,35,39,37.0
1222,35,39,37.0
1222,35,39,37.0
1222,35,39,37.0
1222,35,39,37.0
1222,35,39,37.0
1222,35,39,37.0
1222,35,39,37.0
1222,35,39,37.0
1222,35,39,37.0
1222,35,39,37.0
1222,35,39,37.0
1222,35,38,36.5
1222,35,38,36.5
1222,35,38,36.5
1222,35,38,36.5
1222,35,38,36.5
1222,35,38,36.5
1222,35,38,36.5
1222,35,38,36.5
1222,35,38,36.5
1222,35,38,36.5
1222,35,38,36.5
1222,35,38,36.5
1222,35,38,36.5
1222,35,37,36.0
1222,35,37,36.0
1222,35,37,36.0
1222,35,37,36.0
1222,35,37,36.0
1222,35,37,36.0
1222,35,37,36.0
1222,35,37,36.0
1222,35,37,36.0
1222,35,37,36.0
1222,35,37,36.0
1222,35,37,36.0
1222,35,37,36.0
1222,35,36,35.5
1222,35,36,35.5
1222,35,36,35.5
1222,35,36,35.5
1222,35,36,35.5
1222,35,36,35.5
1222,35,36,35.5
1222,35,36,35.5
1222,35,36,35.5
1222,35,36,35.5
1222,35,36,35.5
1222,35,36,35.5
1222,35,36,35.5
1222,35,36,35.5
1222,35,36,35.5
1222,35,36,35.5
1223,35,36,35.5
1223,35,36,35.5
1223,35,36,35.5
1223,35,36,35.5
1223,35,36,35.5
1223,35,36,35.5
1223,35,36,35.5
1223,35,36,35.5
1223,35,36,35.5
1223,35,36,35.5
1223,35,36,35.5
1223,35,36,35.5
1223,35,36,35.5
1223,35,36,35.5
1223,35,36,35.5
1223,35,36,35.5
1223,35,36,35.5
1223,35,36,35.5
1223,35,36,35.5
1223,35,36,35.5
1223,35,36,35.5
1223,35,36,35.5
1223,35,36,35.5
1223,35,36,35.5
1223,35,36,35.5
1223,35,36,35.5
1223,35,36,35.5
1223,35,36,35.5
1223,35,36,35.5
1223,35,36,35.5
1223,35,36,35.5
1223,35,36,35.5
1223,35,36,35.5
1223,35,36,35.5
1223,35,36,35.5
1223,35,36,35.5
1223,35,36,35.5
1223,35,36,35.5
1223,35,36,35.5
1223,35,36,35.5
1223,35,36,35.5
1223,35,36,35.5
1223,35,36,35.5
1223,35,36,35.5
1223,35,36,35.5
1224,35,36,35.5
1224,35,36,35.5
1224,35,36,35.5
1224,35,36,35.5
1224,35,36,35.5
1224,35,36,35.5
1224,35,36,35.5
1224,35,36,35.5
1224,35,36,35.5
1225,35,36,35.5
1225,35,36,35.5
1225,35,36,35.5
1225,35,36,35.5
1225,35,36,35.5
1225,35,36,35.5
1225,35,36,35.5
1225,35,36,35.5
1225,35,36,35.5
1225,35,36,35.5
1225,35,36,35.5
1226,35,36,35.5
1226,35,36,35.5
1226,35,36,35.5
1226,35,36,35.5
1226,35,36,35.5
1226,35,36,35.5
1226,35,36,35.5
1226,35,36,35.5
1226,35,36,35.5
1226,35,36,35.5
1226,35,36,35.5
1226,35,36,35.5
1226,35,37,36.0
1226,35,37,36.0
1226,35,37,36.0
1226,35,37,36.0
1226,35,37,36.0
1226,35,37,36.0
1226,35,37,36.0
1226,35,37,36.0
1226,35,37,36.0
1226,35,37,36.0
1226,35,37,36.0
1226,35,37,36.0
1226,35,37,36.0
1226,35,37,36.0
1226,35,37,36.0
1226,35,37,36.0
1226,35,37,36.0
1226,35,37,36.0
1226,35,37,36.0
1226,35,37,36.0
1226,35,37,36.0
1226,35,37,36.0
1226,35,37,36.0
1226,35,37,36.0
1226,35,37,36.0
1226,35,37,36.0
1226,35,37,36.0
1226,35,37,36.0
1226,35,37,36.0
1226,35,37,36.0
1226,35,37,36.0
1226,35,37,36.0
1226,35,37,36.0
1226,35,39,37.0
1226,35,38,36.5
1226,35,38,36.5
1226,35,38,36.5
1226,35,38,36.5
1226,35,38,36.5
1226,35,38,36.5
1226,35,38,36.5
1226,35,38,36.5
1226,35,38,36.5
1226,35,38,36.5
1226,35,38,36.5
1226,35,38,36.5
1226,35,38,36.5
1226,35,38,36.5
1226,35,38,36.5
1226,35,38,36.5
1226,35,38,36.5
1226,35,38,36.5
1226,35,38,36.5
1226,35,38,36.5
1226,35,38,36.5
1226,35,38,36.5
1227,35,39,37.0
1227,35,39,37.0
1227,35,39,37.0
1227,35,39,37.0
1227,35,39,37.0
1227,35,39,37.0
1227,35,39,37.0
1227,35,39,37.0
1227,35,39,37.0
1227,35,39,37.0
1227,35,39,37.0
1227,35,39,37.0
1227,35,39,37.0
1227,35,39,37.0
1227,35,40,37.5
1227,35,40,37.5
1227,35,40,37.5
1227,35,40,37.5
1227,35,40,37.5
1227,35,40,37.5
1227,35,40,37.5
1227,35,40,37.5
1227,35,40,37.5
1227,35,40,37.5
1227,35,40,37.5
1227,35,40,37.5
1227,35,40,37.5
1227,35,40,37.5
1227,35,40,37.5
1227,35,40,37.5
1227,35,40,37.5
1227,35,40,37.5
1227,35,40,37.5
1227,35,40,37.5
1227,35,40,37.5
1227,35,40,37.5
1228,35,40,37.5
1228,35,40,37.5
1228,35,40,37.5
1228,35,40,37.5
1228,35,40,37.5
1228,35,40,37.5
1228,35,40,37.5
1228,35,40,37.5
1228,35,40,37.5
1228,35,40,37.5
1228,35,40,37.5
1229,35,40,37.5
1230,35,40,37.5
1230,35,40,37.5
1230,35,40,37.5
1230,35,40,37.5
1230,35,40,37.5
1230,35,40,37.5
1230,35,40,37.5
1230,35,40,37.5
1230,35,40,37.5
1230,35,40,37.5
1231,35,40,37.5
1231,35,40,37.5
1231,35,40,37.5
1231,35,40,37.5
1231,35,40,37.5
1232,35,40,37.5
1232,35,40,37.5
1232,35,40,37.5
1232,35,40,37.5
1233,35,40,37.5
1233,35,40,37.5
1233,35,40,37.5
1233,35,40,37.5
1233,35,40,37.5
1233,35,40,37.5
1233,35,40,37.5
1233,35,40,37.5
1233,35,40,37.5
1233,35,40,37.5
1233,35,40,37.5
1235,35,40,37.5
1235,35,40,37.5
1235,35,40,37.5
1235,35,40,37.5
1235,35,40,37.5
1235,35,40,37.5
1236,35,40,37.5
1236,35,40,37.5
1236,35,39,37.0
1236,35,39,37.0
1236,35,39,37.0
1237,35,39,37.0
1237,35,39,37.0
1237,35,39,37.0
1237,35,39,37.0
1237,35,39,37.0
1237,35,39,37.0
1237,35,39,37.0
1237,35,39,37.0
1237,35,39,37.0
1237,35,39,37.0
1237,35,39,37.0
1237,35,39,37.0
1237,35,39,37.0
1237,35,39,37.0
1237,35,39,37.0
1237,35,39,37.0
1237,35,39,37.0
1237,35,39,37.0
1237,35,39,37.0
1237,35,39,37.0
1237,35,39,37.0
1237,35,39,37.0
1237,35,39,37.0
1237,35,39,37.0
1237,35,39,37.0
1237,35,39,37.0
1237,35,39,37.0
1238,35,39,37.0
1238,35,40,37.5
1238,35,40,37.5
1238,35,40,37.5
1238,35,40,37.5
1238,35,40,37.5
1238,35,40,37.5
1238,35,40,37.5
1238,35,39,37.0
1238,35,39,37.0
1238,35,39,37.0
1238,35,39,37.0
1238,35,39,37.0
1238,35,39,37.0
1238,35,39,37.0
1238,35,39,37.0
1239,35,39,37.0
1239,35,39,37.0
1239,35,39,37.0
1239,35,39,37.0
1239,35,39,37.0
1239,35,39,37.0
1239,35,39,37.0
1239,35,39,37.0
1239,35,39,37.0
1239,35,39,37.0
1239,35,39,37.0
1239,35,39,37.0
1239,35,39,37.0
1239,35,39,37.0
1240,35,39,37.0
1240,35,39,37.0
1240,35,39,37.0
1240,35,39,37.0
1240,35,39,37.0
1240,35,39,37.0
1240,35,39,37.0
1240,37,39,38.0
1240,37,39,38.0
1240,37,39,38.0
1240,37,39,38.0
1240,37,39,38.0
1240,37,39,38.0
1240,37,39,38.0
1240,37,39,38.0
1240,37,39,38.0
1240,37,39,38.0
1240,37,39,38.0
1240,37,39,38.0
1240,37,39,38.0
1240,37,39,38.0
1240,37,39,38.0
1240,37,39,38.0
1240,37,39,38.0
1240,37,39,38.0
1240,37,39,38.0
1240,37,39,38.0
1240,37,39,38.0
1240,37,39,38.0
1240,37,39,38.0
1240,37,39,38.0
1240,37,39,38.0
1240,37,39,38.0
1240,37,39,38.0
1240,37,39,38.0
1240,37,39,38.0
1240,37,39,38.0
1240,37,39,38.0
1240,37,39,38.0
1240,37,39,38.0
1240,37,39,38.0
1240,37,39,38.0
1240,37,39,38.0
1240,37,39,38.0
1240,37,41,39.0
1240,37,41,39.0
1240,37,41,39.0
1240,37,41,39.0
1240,37,41,39.0
1240,37,41,39.0
1240,37,41,39.0
1240,37,41,39.0
1240,37,41,39.0
1240,37,41,39.0
1241,37,41,39.0
1241,37,41,39.0
1241,37,41,39.0
1241,37,41,39.0
1241,37,41,39.0
1241,37,41,39.0
1241,37,41,39.0
1241,37,41,39.0
1241,37,41,39.0
1241,37,40,38.5
1241,37,40,38.5
1241,37,40,38.5
1241,38,40,39.0
1241,38,40,39.0
1241,38,40,39.0
1241,38,40,39.0
1241,38,40,39.0
1241,38,40,39.0
1241,38,40,39.0
1241,38,40,39.0
1241,38,40,39.0
1241,38,40,39.0
1241,38,40,39.0
1241,38,40,39.0
1241,38,40,39.0
1241,38,40,39.0
1241,38,41,39.5
1241,38,41,39.5
1241,38,41,39.5
1241,38,41,39.5
1241,38,41,39.5
1241,38,41,39.5
1241,38,41,39.5
1241,38,41,39.5
1241,38,41,39.5
1241,38,41,39.5
1241,38,41,39.5
1241,38,41,39.5
1241,38,41,39.5
1242,38,41,39.5
1242,38,41,39.5
1242,38,41,39.5
1242,38,41,39.5
1242,38,41,39.5
1242,38,41,39.5
1242,38,41,39.5
1242,38,41,39.5
1242,38,41,39.5
1242,38,41,39.5
1242,38,41,39.5
1242,38,41,39.5
1242,38,41,39.5
1242,38,41,39.5
1242,38,41,39.5
1242,38,41,39.5
1242,38,41,39.5
1242,38,41,39.5
1242,38,41,39.5
1242,38,41,39.5
1242,38,41,39.5
1242,38,41,39.5
1242,38,41,39.5
1242,38,41,39.5
1243,38,41,39.5
1243,38,41,39.5
1243,38,41,39.5
1243,38,41,39.5
1243,38,41,39.5
1243,38,41,39.5
1243,38,41,39.5
1243,38,41,39.5
1243,38,41,39.5
1243,38,41,39.5
1243,38,41,39.5
1243,38,41,39.5
1243,38,41,39.5
1243,38,41,39.5
1243,38,41,39.5
1243,38,41,39.5
1243,38,41,39.5
1243,38,41,39.5
1243,38,41,39.5
1243,38,41,39.5
1243,38,41,39.5
1244,38,41,39.5
1244,38,41,39.5
1244,39,41,40.0
1244,39,40,39.5
1244,39,40,39.5
1244,39,40,39.5
1244,39,40,39.5
1244,39,40,39.5
1244,39,40,39.5
1244,39,40,39.5
1244,39,40,39.5
1244,39,40,39.5
1244,39,40,39.5
1244,39,40,39.5
1244,39,40,39.5
1244,39,40,39.5
1244,39,40,39.5
1245,39,40,39.5
1245,39,40,39.5
1245,39,40,39.5
1245,39,40,39.5
1245,39,40,39.5
1245,39,40,39.5
1245,39,40,39.5
1245,39,40,39.5
1245,39,40,39.5
1245,39,40,39.5
1245,39,40,39.5
1245,39,40,39.5
1245,39,40,39.5
1245,39,40,39.5
1245,39,40,39.5
1245,39,40,39.5
1245,39,40,39.5
1246,39,40,39.5
1246,39,40,39.5
1246,39,40,39.5
1246,39,40,39.5
1246,39,40,39.5
1246,39,40,39.5
1246,39,40,39.5
1246,39,40,39.5
1246,39,40,39.5
1246,39,40,39.5
1246,39,40,39.5
1246,39,40,39.5
1246,39,40,39.5
1246,39,40,39.5
1246,39,40,39.5
1247,39,40,39.5
1247,39,40,39.5
1247,39,40,39.5
1247,39,40,39.5
1247,39,40,39.5
1247,39,40,39.5
1247,39,40,39.5
1247,39,40,39.5
1247,39,40,39.5
1247,39,40,39.5
1247,39,40,39.5
1247,39,40,39.5
1247,39,40,39.5
1247,39,40,39.5
1247,39,40,39.5
1247,39,40,39.5
1247,39,40,39.5
1247,39,40,39.5
1247,39,40,39.5
1248,39,40,39.5
1248,39,40,39.5
1248,39,40,39.5
1248,39,40,39.5
1248,39,40,39.5
1248,39,40,39.5
1248,39,40,39.5
1248,39,40,39.5
1248,39,40,39.5
1248,39,40,39.5
1248,39,40,39.5
1249,39,40,39.5
1249,39,40,39.5
1249,39,40,39.5
1249,39,40,39.5
1249,39,40,39.5
1249,39,40,39.5
1249,39,40,39.5
1249,39,40,39.5
1249,39,40,39.5
1249,39,40,39.5
1249,39,40,39.5
1249,39,40,39.5
1249,39,40,39.5
1249,39,40,39.5
1249,39,40,39.5
1249,39,40,39.5
1250,39,40,39.5
1250,39,40,39.5
1250,39,40,39.5
1250,39,40,39.5
1250,39,40,39.5
1250,39,40,39.5
1250,39,40,39.5
1250,39,40,39.5
1250,39,40,39.5
1250,39,40,39.5
1250,39,40,39.5
1250,39,40,39.5
1250,39,40,39.5
1250,39,40,39.5
1250,39,40,39.5
1250,39,40,39.5
1250,39,40,39.5
1250,39,40,39.5
1250,39,40,39.5
1250,39,40,39.5
1250,39,40,39.5
1250,39,40,39.5
1250,39,40,39.5
1250,39,40,39.5
1250,39,40,39.5
1250,39,40,39.5
1250,39,40,39.5
1250,39,40,39.5
1250,39,40,39.5
1250,39,40,39.5
1250,39,40,39.5
1251,39,40,39.5
1251,39,40,39.5
1251,39,40,39.5
1251,39,40,39.5
1251,39,40,39.5
1251,39,40,39.5
1251,39,40,39.5
1251,39,40,39.5
1252,39,40,39.5
1252,39,40,39.5
1252,39,40,39.5
1252,39,40,39.5
1252,39,40,39.5
1252,39,40,39.5
1252,39,40,39.5
1253,39,40,39.5
1253,39,40,39.5
1253,39,40,39.5
1253,39,40,39.5
1253,39,40,39.5
1253,39,40,39.5
1253,39,40,39.5
1253,39,40,39.5
1253,39,40,39.5
1254,39,40,39.5
1254,39,40,39.5
1254,39,40,39.5
1254,39,40,39.5
1254,39,40,39.5
1255,39,40,39.5
1255,39,40,39.5
1255,39,40,39.5
1255,39,40,39.5
1255,39,40,39.5
1255,39,40,39.5
1256,39,40,39.5
1256,39,40,39.5
1256,39,40,39.5
1256,39,40,39.5
1256,39,40,39.5
1256,39,40,39.5
1256,39,40,39.5
1256,39,40,39.5
1256,39,40,39.5
1256,39,40,39.5
1257,39,40,39.5
1257,39,40,39.5
1258,39,40,39.5
1258,39,40,39.5
1258,39,40,39.5
1258,39,40,39.5
1258,39,40,39.5
1258,39,40,39.5
1258,39,40,39.5
1259,39,40,39.5
1259,39,40,39.5
1259,39,40,39.5
1259,39,40,39.5
1259,39,40,39.5
1259,39,40,39.5
1259,39,40,39.5
1259,39,40,39.5
1260,39,40,39.5
1261,39,40,39.5
1261,39,40,39.5
1263,39,40,39.5
1263,39,40,39.5
1263,39,40,39.5
1264,39,40,39.5
1264,39,40,39.5
1264,39,40,39.5
1264,39,40,39.5
1264,39,40,39.5
1264,39,40,39.5
1264,39,40,39.5
1264,39,40,39.5
1264,39,40,39.5
1264,39,40,39.5
1264,39,40,39.5
1264,38,40,39.0
1264,38,40,39.0
1264,38,40,39.0
1264,38,40,39.0
1264,38,40,39.0
1264,38,40,39.0
1264,38,40,39.0
1264,38,40,39.0
1264,38,40,39.0
1264,38,40,39.0
1264,38,40,39.0
1264,38,40,39.0
1264,38,40,39.0
1264,38,40,39.0
1264,38,40,39.0
1264,38,40,39.0
1264,38,40,39.0
1264,38,40,39.0
1264,38,40,39.0
1264,38,40,39.0
1264,38,40,39.0
1264,38,40,39.0
1264,38,40,39.0
1264,38,40,39.0
1264,38,40,39.0
1264,38,40,39.0
1264,38,40,39.0
1264,38,40,39.0
1264,38,40,39.0
1264,38,40,39.0
1264,38,40,39.0
1264,38,40,39.0
1264,38,40,39.0
1264,37,40,38.5
1264,37,40,38.5
1264,37,40,38.5
1264,37,40,38.5
1264,37,40,38.5
1264,37,40,38.5
1264,37,40,38.5
1264,37,40,38.5
1264,37,40,38.5
1264,37,40,38.5
1264,37,40,38.5
1264,37,40,38.5
1264,37,40,38.5
1264,37,40,38.5
1264,37,40,38.5
1264,37,40,38.5
1264,37,40,38.5
1264,37,40,38.5
1265,37,40,38.5
1265,37,40,38.5
1265,37,40,38.5
1265,37,40,38.5
1265,37,40,38.5
1265,37,40,38.5
1265,37,40,38.5
1265,37,40,38.5
1265,37,40,38.5
1265,37,40,38.5
1265,37,40,38.5
1265,37,40,38.5
1265,37,40,38.5
1265,37,40,38.5
1265,37,40,38.5
1265,37,40,38.5
1265,37,40,38.5
1265,37,41,39.0
1265,37,41,39.0
1265,37,41,39.0
1265,37,42,39.5
1265,37,42,39.5
1265,37,42,39.5
1265,37,42,39.5
1265,37,42,39.5
1265,37,42,39.5
1265,37,40,38.5
1265,37,40,38.5
1265,37,40,38.5
1265,37,40,38.5
1265,37,40,38.5
1265,37,40,38.5
1265,37,40,38.5
1265,37,40,38.5
1265,37,40,38.5
1265,37,40,38.5
1265,37,40,38.5
1265,37,42,39.5
1265,37,42,39.5
1265,37,42,39.5
1265,37,42,39.5
1265,37,42,39.5
1265,37,42,39.5
1265,37,42,39.5
1265,37,41,39.0
1265,37,41,39.0
1265,37,41,39.0
1265,37,41,39.0
1265,37,41,39.0
1266,37,41,39.0
1266,37,41,39.0
1266,37,41,39.0
1266,37,41,39.0
1266,37,41,39.0
1266,37,41,39.0
1266,37,41,39.0
1266,37,41,39.0
1266,37,41,39.0
1266,37,41,39.0
1266,37,41,39.0
1266,37,41,39.0
1266,35,41,38.0
1266,35,41,38.0
1266,35,41,38.0
1266,35,41,38.0
1266,35,41,38.0
1266,39,41,40.0
1266,39,41,40.0
1266,39,41,40.0
1266,39,41,40.0
1266,39,41,40.0
1266,37,41,39.0
1266,37,41,39.0
1266,35,41,38.0
1266,35,41,38.0
1266,35,41,38.0
1266,35,41,38.0
1267,35,41,38.0
1267,35,41,38.0
1267,35,41,38.0
1267,35,41,38.0
1267,35,41,38.0
1267,35,41,38.0
1267,35,41,38.0
1267,35,41,38.0
1267,35,41,38.0
1267,35,41,38.0
1267,35,41,38.0
1267,35,41,38.0
1267,35,41,38.0
1267,35,41,38.0
1267,35,41,38.0
1267,35,41,38.0
1267,35,41,38.0
1267,35,41,38.0
1267,35,41,38.0
1267,35,41,38.0
1267,35,41,38.0
1267,35,41,38.0
1267,35,41,38.0
1267,35,41,38.0
1267,35,41,38.0
1267,35,41,38.0
1267,35,41,38.0
1267,35,41,38.0
1267,35,41,38.0
1267,35,41,38.0
1267,35,41,38.0
1268,35,41,38.0
1268,35,41,38.0
1268,35,41,38.0
1268,35,41,38.0
1268,35,41,38.0
1268,35,41,38.0
1268,35,41,38.0
1268,35,41,38.0
1268,35,41,38.0
1268,35,41,38.0
1268,35,41,38.0
1268,35,41,38.0
1268,35,41,38.0
1268,35,41,38.0
1268,35,41,38.0
1268,35,41,38.0
1268,35,41,38.0
1268,35,41,38.0
1268,35,41,38.0
1268,35,41,38.0
1268,35,41,38.0
1268,35,41,38.0
1268,35,41,38.0
1268,35,41,38.0
1269,35,41,38.0
1269,35,41,38.0
1269,35,41,38.0
1269,35,41,38.0
1269,35,41,38.0
1269,35,41,38.0
1269,35,41,38.0
1269,35,41,38.0
1269,35,41,38.0
1269,35,41,38.0
1269,35,41,38.0
1269,35,41,38.0
1269,35,41,38.0
1269,35,41,38.0
1269,35,41,38.0
1269,35,41,38.0
1269,35,41,38.0
1269,35,41,38.0
1269,35,41,38.0
1269,35,41,38.0
1270,35,41,38.0
1270,35,41,38.0
1270,35,41,38.0
1270,35,41,38.0
1270,35,41,38.0
1270,35,41,38.0
1270,35,41,38.0
1270,35,41,38.0
1270,35,41,38.0
1270,35,41,38.0
1270,35,41,38.0
1270,35,41,38.0
1270,35,41,38.0
1270,35,41,38.0
1270,35,41,38.0
1270,35,41,38.0
1270,35,41,38.0
1270,35,41,38.0
1270,35,41,38.0
1270,35,41,38.0
1270,35,41,38.0
1270,35,41,38.0
1270,35,41,38.0
1270,35,41,38.0
1270,35,41,38.0
1270,35,41,38.0
1270,35,41,38.0
1270,35,41,38.0
1270,35,41,38.0
1270,35,41,38.0
1270,35,41,38.0
1270,35,41,38.0
1270,35,41,38.0
1270,35,41,38.0
1270,35,41,38.0
1270,35,41,38.0
1270,35,41,38.0
1270,35,41,38.0
1271,35,41,38.0
1271,35,41,38.0
1271,35,41,38.0
1271,35,41,38.0
1271,35,41,38.0
1271,35,41,38.0
1271,35,41,38.0
1271,35,41,38.0
1271,35,41,38.0
1271,35,41,38.0
1271,35,41,38.0
1271,35,41,38.0
1271,35,41,38.0
1271,35,41,38.0
1271,35,41,38.0
1272,35,41,38.0
1272,35,41,38.0
1272,35,41,38.0
1272,35,41,38.0
1272,35,41,38.0
1272,35,41,38.0
1272,35,41,38.0
1272,35,41,38.0
1272,39,41,40.0
1272,39,41,40.0
1272,39,41,40.0
1272,39,41,40.0
1272,39,41,40.0
1272,39,41,40.0
1272,39,41,40.0
1272,39,41,40.0
1272,39,41,40.0
1272,39,41,40.0
1272,39,41,40.0
1272,39,41,40.0
1272,39,41,40.0
1272,39,41,40.0
1272,39,41,40.0
1272,39,41,40.0
1272,39,41,40.0
1272,39,41,40.0
1272,39,41,40.0
1272,39,41,40.0
1272,38,41,39.5
1272,38,41,39.5
1272,38,41,39.5
1272,38,41,39.5
1272,38,41,39.5
1272,38,41,39.5
1272,38,41,39.5
1272,38,41,39.5
1272,38,41,39.5
1272,38,41,39.5
1272,38,41,39.5
1272,38,41,39.5
1272,38,41,39.5
1272,39,41,40.0
1272,39,41,40.0
1272,39,41,40.0
1272,39,41,40.0
1272,39,41,40.0
1272,39,41,40.0
1272,39,41,40.0
1272,39,41,40.0
1272,39,41,40.0
1272,39,41,40.0
1272,39,41,40.0
1272,39,41,40.0
1272,39,41,40.0
1272,39,41,40.0
1272,39,41,40.0
1272,39,41,40.0
1272,39,41,40.0
1272,39,41,40.0
1272,39,41,40.0
1272,39,41,40.0
1272,40,41,40.5
1272,40,41,40.5
1272,40,41,40.5
1272,40,41,40.5
1272,40,41,40.5
1272,40,41,40.5
1272,40,41,40.5
1272,40,41,40.5
1272,40,41,40.5
1272,40,41,40.5
1272,40,41,40.5
1272,40,41,40.5
1272,40,41,40.5
1272,40,41,40.5
1272,40,41,40.5
1272,40,41,40.5
1272,40,41,40.5
1272,40,41,40.5
1273,40,41,40.5
1273,40,41,40.5
1273,40,41,40.5
1273,40,41,40.5
1273,40,41,40.5
1273,40,41,40.5
1273,40,41,40.5
1273,40,41,40.5
1273,40,41,40.5
1273,40,41,40.5
1273,40,42,41.0
1273,41,42,41.5
1273,41,42,41.5
1273,41,42,41.5
1273,41,42,41.5
1273,41,42,41.5
1273,41,42,41.5
1273,41,42,41.5
1273,41,42,41.5
1273,41,42,41.5
1273,41,42,41.5
1273,41,42,41.5
1273,41,42,41.5
1273,41,42,41.5
1273,41,42,41.5
1273,41,42,41.5
1273,41,42,41.5
1273,41,42,41.5
1273,41,42,41.5
1273,41,42,41.5
1273,41,42,41.5
1273,41,42,41.5
1273,41,42,41.5
1273,41,42,41.5
1273,41,42,41.5
1273,41,42,41.5
1273,41,42,41.5
1273,41,42,41.5
1273,41,42,41.5
1273,41,42,41.5
1273,41,42,41.5
1273,41,42,41.5
1273,41,42,41.5
1273,41,42,41.5
1273,41,42,41.5
1274,41,42,41.5
1274,41,42,41.5
1274,41,42,41.5
1274,41,42,41.5
1274,41,42,41.5
1274,41,42,41.5
1274,41,42,41.5
1274,41,42,41.5
1274,41,42,41.5
1274,41,42,41.5
1274,41,42,41.5
1274,41,42,41.5
1274,41,42,41.5
1274,41,42,41.5
1274,41,42,41.5
1274,41,42,41.5
1274,41,42,41.5
1274,41,42,41.5
1274,41,42,41.5
1274,41,42,41.5
1275,41,42,41.5
1275,41,42,41.5
1275,41,42,41.5
1275,41,42,41.5
1275,41,42,41.5
1275,41,42,41.5
1275,41,42,41.5
1275,41,42,41.5
1275,41,42,41.5
1275,41,42,41.5
1276,41,42,41.5
1276,41,42,41.5
1276,41,42,41.5
1276,41,42,41.5
1276,41,42,41.5
1276,41,42,41.5
1276,41,42,41.5
1276,41,42,41.5
1276,41,42,41.5
1276,41,42,41.5
1276,41,42,41.5
1276,41,42,41.5
1276,41,42,41.5
1276,41,42,41.5
1276,41,42,41.5
1276,41,42,41.5
1276,41,42,41.5
1276,41,42,41.5
1276,41,42,41.5
1276,41,42,41.5
1276,41,42,41.5
1276,41,42,41.5
1276,41,42,41.5
1276,41,42,41.5
1276,41,42,41.5
1276,41,42,41.5
1276,41,42,41.5
1276,41,42,41.5
1276,41,42,41.5
1276,41,42,41.5
1277,41,42,41.5
1277,41,42,41.5
1277,41,42,41.5
1277,41,42,41.5
1277,41,42,41.5
1277,41,42,41.5
1277,41,42,41.5
1277,41,42,41.5
1277,41,42,41.5
1277,41,42,41.5
1277,41,42,41.5
1277,41,42,41.5
1277,41,42,41.5
1277,41,42,41.5
1277,41,42,41.5
1277,41,42,41.5
1277,41,42,41.5
1277,41,42,41.5
1277,41,42,41.5
1277,41,42,41.5
1277,41,42,41.5
1277,41,42,41.5
1277,41,42,41.5
1277,41,42,41.5
1278,41,42,41.5
1278,41,42,41.5
1278,41,42,41.5
1278,41,42,41.5
1278,41,42,41.5
1278,41,42,41.5
1278,41,42,41.5
1278,41,42,41.5
1278,41,42,41.5
1278,41,42,41.5
1278,41,42,41.5
1278,41,42,41.5
1278,41,42,41.5
1278,41,42,41.5
1278,41,42,41.5
1279,41,42,41.5
1279,41,42,41.5
1279,41,42,41.5
1279,41,42,41.5
1279,41,42,41.5
1279,41,42,41.5
1279,41,42,41.5
1279,41,42,41.5
1279,41,42,41.5
1279,41,42,41.5
1279,41,42,41.5
1279,41,42,41.5
1279,41,42,41.5
1279,41,42,41.5
1279,41,42,41.5
1279,41,42,41.5
1279,41,42,41.5
1279,41,42,41.5
1279,41,42,41.5
1280,41,42,41.5
1280,41,42,41.5
1281,41,42,41.5
1281,41,42,41.5
1281,41,42,41.5
1281,41,42,41.5
1281,41,42,41.5
1281,41,42,41.5
1281,41,42,41.5
1282,41,42,41.5
1282,41,42,41.5
1282,41,42,41.5
1282,41,42,41.5
1282,41,42,41.5
1282,41,42,41.5
1282,41,42,41.5
1282,41,42,41.5
1282,41,42,41.5
1282,41,42,41.5
1282,41,42,41.5
1282,41,42,41.5
1282,41,42,41.5
1282,41,42,41.5
1282,41,42,41.5
1282,41,42,41.5
1282,41,42,41.5
1282,41,42,41.5
1282,41,42,41.5
1282,41,42,41.5
1282,41,42,41.5
1282,41,42,41.5
1282,41,42,41.5
1282,41,42,41.5
1282,41,42,41.5
1282,41,42,41.5
1282,41,42,41.5
1282,41,42,41.5
1282,41,42,41.5
1282,41,42,41.5
1282,41,42,41.5
1282,41,42,41.5
1283,41,42,41.5
1283,41,42,41.5
1283,41,42,41.5
1284,41,42,41.5
1284,41,42,41.5
1284,41,42,41.5
1284,41,42,41.5
1284,41,42,41.5
1284,41,42,41.5
1284,41,42,41.5
1284,41,42,41.5
1284,41,42,41.5
1284,41,42,41.5
1285,41,42,41.5
1285,41,42,41.5
1285,41,42,41.5
1285,41,42,41.5
1285,41,42,41.5
1285,41,42,41.5
1286,41,42,41.5
1286,41,42,41.5
1286,41,42,41.5
1286,41,42,41.5
1286,41,42,41.5
1286,41,42,41.5
1286,41,42,41.5
1286,41,42,41.5
1286,41,42,41.5
1286,41,42,41.5
1286,41,42,41.5
1286,41,42,41.5
1287,41,42,41.5
1287,41,42,41.5
1287,41,42,41.5
1287,41,42,41.5
1287,41,42,41.5
1287,41,42,41.5
1287,41,42,41.5
1287,41,42,41.5
1287,41,42,41.5
1288,41,42,41.5
1289,41,42,41.5
1289,41,42,41.5
1289,41,42,41.5
1289,41,42,41.5
1289,41,42,41.5
1289,41,42,41.5
1289,41,42,41.5
1289,41,42,41.5
1289,41,42,41.5
1289,41,42,41.5
1289,41,42,41.5
1289,41,42,41.5
1289,41,42,41.5
1289,41,42,41.5
1290,41,42,41.5
1290,41,42,41.5
1290,41,42,41.5
1291,41,42,41.5
1291,41,42,41.5
1291,41,42,41.5
1291,41,42,41.5
1291,41,42,41.5
1291,41,42,41.5
1291,41,42,41.5
1291,41,42,41.5
1291,41,42,41.5
1292,41,42,41.5
1292,41,42,41.5
1292,41,42,41.5
1292,41,42,41.5
1292,41,42,41.5
1292,41,42,41.5
1292,41,42,41.5
1292,41,42,41.5
1292,41,42,41.5
1292,41,42,41.5
1292,41,42,41.5
1292,41,42,41.5
1292,41,42,41.5
1292,41,42,41.5
1292,41,42,41.5
1292,41,42,41.5
1292,41,42,41.5
1292,41,42,41.5
1292,41,42,41.5
1292,41,42,41.5
1292,41,42,41.5
1292,41,42,41.5
1292,41,42,41.5
1292,41,42,41.5
1292,40,42,41.0
1292,40,42,41.0
1292,40,42,41.0
1292,40,42,41.0
1292,40,42,41.0
1292,40,42,41.0
1292,40,42,41.0
1292,40,42,41.0
1292,40,42,41.0
1292,40,42,41.0
1292,40,42,41.0
1292,40,42,41.0
1292,40,42,41.0
1292,40,42,41.0
1292,40,42,41.0
1292,40,42,41.0
1292,40,42,41.0
1292,40,42,41.0
1292,40,42,41.0
1292,40,42,41.0
1292,40,42,41.0
1292,40,42,41.0
1292,40,42,41.0
1292,40,42,41.0
1292,40,42,41.0
1292,40,42,41.0
1292,40,42,41.0
1292,40,42,41.0
1292,40,42,41.0
1292,40,42,41.0
1292,40,42,41.0
1292,40,42,41.0
1292,40,42,41.0
1292,40,42,41.0
1292,40,42,41.0
1292,40,42,41.0
1292,40,42,41.0
1292,40,42,41.0
1292,40,42,41.0
1292,40,42,41.0
1292,40,42,41.0
1292,40,42,41.0
1292,40,42,41.0
1292,40,42,41.0
1292,40,42,41.0
1292,40,42,41.0
1292,40,42,41.0
1292,40,42,41.0
1293,40,42,41.0
1293,40,42,41.0
1293,40,42,41.0
1293,40,42,41.0
1293,40,42,41.0
1293,40,42,41.0
1293,40,42,41.0
1293,40,42,41.0
1293,40,42,41.0
1293,40,42,41.0
1293,40,42,41.0
1293,40,42,41.0
1293,40,42,41.0
1293,40,42,41.0
1293,40,42,41.0
1293,40,42,41.0
1293,40,42,41.0
1293,40,42,41.0
1293,39,42,40.5
1293,39,42,40.5
1293,39,42,40.5
1293,39,42,40.5
1293,39,42,40.5
1293,39,42,40.5
1293,39,42,40.5
1293,39,42,40.5
1293,39,42,40.5
1293,39,42,40.5
1293,39,42,40.5
1293,39,42,40.5
1293,39,42,40.5
1293,39,42,40.5
1293,39,42,40.5
1293,39,42,40.5
1293,39,42,40.5
1293,39,42,40.5
1293,39,42,40.5
1293,39,42,40.5
1293,39,42,40.5
1293,39,42,40.5
1293,39,42,40.5
1293,39,42,40.5
1293,39,42,40.5
1293,39,42,40.5
1293,39,42,40.5
1293,39,42,40.5
1293,39,42,40.5
1293,39,42,40.5
1293,39,42,40.5
1293,39,42,40.5
1293,39,42,40.5
1293,39,42,40.5
1293,39,42,40.5
1293,39,42,40.5
1293,39,42,40.5
1293,39,42,40.5
1293,39,42,40.5
1293,39,42,40.5
1293,39,42,40.5
1293,39,42,40.5
1293,39,42,40.5
1293,39,42,40.5
1293,39,43,41.0
1293,39,43,41.0
1293,39,43,41.0
1293,39,43,41.0
1293,39,43,41.0
1293,39,43,41.0
1293,39,43,41.0
1293,39,43,41.0
1293,39,43,41.0
1293,39,43,41.0
1293,39,43,41.0
1293,39,43,41.0
1293,39,43,41.0
1293,39,43,41.0
1293,39,43,41.0
1293,39,43,41.0
1293,39,43,41.0
1293,39,43,41.0
1293,39,43,41.0
1293,39,43,41.0
1293,39,43,41.0
1293,39,43,41.0
1293,39,43,41.0
1293,39,43,41.0
1293,39,43,41.0
1293,39,43,41.0
1293,39,43,41.0
1293,39,43,41.0
1293,39,43,41.0
1293,39,43,41.0
1293,39,43,41.0
1293,39,43,41.0
1293,39,43,41.0
1293,39,43,41.0
1293,39,43,41.0
1293,39,43,41.0
1293,39,43,41.0
1293,39,43,41.0
1293,39,43,41.0
1293,39,43,41.0
1293,39,43,41.0
1293,39,43,41.0
1293,39,43,41.0
1293,39,43,41.0
1293,39,43,41.0
1293,39,43,41.0
1293,39,43,41.0
1293,39,43,41.0
1293,39,43,41.0
1293,39,43,41.0
1293,39,43,41.0
1294,39,43,41.0
1294,39,43,41.0
1294,39,43,41.0
1294,39,43,41.0
1294,39,43,41.0
1294,39,43,41.0
1294,39,43,41.0
1294,39,43,41.0
1294,39,43,41.0
1294,39,43,41.0
1294,39,43,41.0
1294,39,43,41.0
1294,39,43,41.0
1294,39,43,41.0
1294,39,43,41.0
1294,39,43,41.0
1294,39,43,41.0
1294,39,43,41.0
1294,39,43,41.0
1294,39,43,41.0
1294,39,43,41.0
1294,39,43,41.0
1294,39,43,41.0
1294,39,43,41.0
1294,39,43,41.0
1294,39,43,41.0
1294,39,43,41.0
1294,39,43,41.0
1294,39,43,41.0
1294,39,43,41.0
1294,39,43,41.0
1294,39,43,41.0
1295,39,43,41.0
1295,39,43,41.0
1295,39,43,41.0
1295,39,43,41.0
1295,39,43,41.0
1295,39,43,41.0
1295,36,43,39.5
1295,35,43,39.0
1295,35,43,39.0
1295,35,43,39.0
1295,36,43,39.5
1295,36,43,39.5
1295,36,43,39.5
1295,36,43,39.5
1295,38,43,40.5
1295,38,43,40.5
1295,38,43,40.5
1295,38,43,40.5
1295,38,43,40.5
1295,38,43,40.5
1295,38,43,40.5
1295,38,43,40.5
1295,38,43,40.5
1295,38,43,40.5
1295,38,43,40.5
1295,36,43,39.5
1295,36,43,39.5
1295,36,43,39.5
1295,36,43,39.5
1295,36,43,39.5
1295,36,43,39.5
1295,36,43,39.5
1295,36,43,39.5
1295,36,43,39.5
1296,36,43,39.5
1296,36,43,39.5
1296,36,43,39.5
1296,36,43,39.5
1296,36,43,39.5
1296,36,43,39.5
1296,36,43,39.5
1296,36,43,39.5
1296,36,43,39.5
1296,36,43,39.5
1296,36,43,39.5
1296,36,43,39.5
1296,36,43,39.5
1296,36,43,39.5
1296,36,43,39.5
1296,36,43,39.5
1296,36,43,39.5
1297,36,43,39.5
1297,36,43,39.5
1297,36,43,39.5
1297,36,43,39.5
1297,36,43,39.5
1297,36,43,39.5
1297,36,43,39.5
1297,36,43,39.5
1297,36,43,39.5
1297,36,43,39.5
1297,36,43,39.5
1297,36,43,39.5
1297,36,43,39.5
1297,36,43,39.5
1297,36,43,39.5
1297,36,43,39.5
1297,36,43,39.5
1297,36,43,39.5
1297,36,43,39.5
1297,36,43,39.5
1297,36,43,39.5
1297,36,43,39.5
1297,36,43,39.5
1297,36,43,39.5
1297,36,43,39.5
1297,36,43,39.5
1297,36,43,39.5
1297,36,43,39.5
1297,36,43,39.5
1297,36,43,39.5
1297,36,43,39.5
1298,36,43,39.5
1298,36,43,39.5
1298,36,43,39.5
1298,36,43,39.5
1298,36,43,39.5
1298,36,43,39.5
1298,36,43,39.5
1298,36,43,39.5
1298,36,43,39.5
1298,36,43,39.5
1298,36,43,39.5
1298,36,43,39.5
1298,36,43,39.5
1298,36,43,39.5
1298,36,43,39.5
1298,36,43,39.5
1298,36,43,39.5
1298,36,43,39.5
1298,37,43,40.0
1298,37,42,39.5
1298,37,42,39.5
1298,37,42,39.5
1298,37,42,39.5
1298,37,42,39.5
1298,37,42,39.5
1298,37,42,39.5
1298,37,42,39.5
1298,37,42,39.5
1298,37,42,39.5
1298,37,42,39.5
1298,37,42,39.5
1298,37,42,39.5
1298,37,42,39.5
1298,37,42,39.5
1298,37,42,39.5
1298,37,42,39.5
1298,37,42,39.5
1298,37,42,39.5
1298,37,42,39.5
1298,37,42,39.5
1298,38,42,40.0
1298,38,42,40.0
1298,38,42,40.0
1298,38,42,40.0
1299,38,42,40.0
1299,38,42,40.0
1299,38,42,40.0
1299,38,42,40.0
1299,38,42,40.0
1299,38,42,40.0
1299,38,42,40.0
1299,38,42,40.0
1299,38,42,40.0
1299,38,42,40.0
1299,38,42,40.0
1299,38,42,40.0
1299,38,42,40.0
1299,38,42,40.0
1299,38,42,40.0
1299,38,42,40.0
1299,38,42,40.0
1299,38,42,40.0
1299,38,42,40.0
1299,38,42,40.0
1299,38,42,40.0
1299,38,42,40.0
1299,38,42,40.0
1299,38,42,40.0
1299,38,42,40.0
1299,38,42,40.0
1299,38,42,40.0
1299,38,42,40.0
1299,38,42,40.0
1299,38,42,40.0
1299,38,42,40.0
1299,38,42,40.0
1299,38,42,40.0
1299,38,42,40.0
1299,38,42,40.0
1299,38,42,40.0
1299,38,42,40.0
1299,38,42,40.0
1299,38,42,40.0
1299,38,42,40.0
1299,38,42,40.0
1299,38,42,40.0
1299,38,42,40.0
1299,38,42,40.0
1299,38,42,40.0
1299,38,42,40.0
1299,38,42,40.0
1299,38,42,40.0
1299,39,42,40.5
1299,39,42,40.5
1299,39,42,40.5
1299,39,42,40.5
1299,39,42,40.5
1299,39,42,40.5
1299,39,42,40.5
1299,39,42,40.5
1299,39,42,40.5
1299,39,42,40.5
1299,39,42,40.5
1299,39,42,40.5
1299,39,42,40.5
1299,39,42,40.5
1299,39,42,40.5
1299,39,42,40.5
1299,39,42,40.5
1300,39,42,40.5
1300,39,42,40.5
1300,39,42,40.5
1300,39,42,40.5
1300,39,42,40.5
1300,39,42,40.5
1300,39,42,40.5
1300,39,42,40.5
1300,39,42,40.5
1300,39,42,40.5
1300,39,42,40.5
1300,39,42,40.5
1300,39,42,40.5
1300,39,42,40.5
1300,39,42,40.5
1300,39,42,40.5
1300,39,42,40.5
1300,39,42,40.5
1300,39,42,40.5
1300,39,42,40.5
1300,39,42,40.5
1300,39,42,40.5
1300,39,42,40.5
1300,39,42,40.5
1301,39,42,40.5
1301,39,42,40.5
1301,39,42,40.5
1301,39,42,40.5
1301,39,42,40.5
1301,39,42,40.5
1301,39,42,40.5
1301,39,42,40.5
1301,39,42,40.5
1301,39,42,40.5
1301,39,42,40.5
1301,39,42,40.5
1301,39,42,40.5
1302,39,42,40.5
1302,39,42,40.5
1302,39,42,40.5
1302,39,42,40.5
1302,39,42,40.5
1302,39,42,40.5
1302,39,42,40.5
1302,39,42,40.5
1302,39,42,40.5
1302,39,42,40.5
1302,39,42,40.5
1302,39,42,40.5
1302,39,42,40.5
1302,39,42,40.5
1302,39,42,40.5
1302,39,42,40.5
1302,39,42,40.5
1302,39,42,40.5
1302,39,42,40.5
1302,39,42,40.5
1302,38,42,40.0
1302,38,42,40.0
1302,38,42,40.0
1302,38,42,40.0
1302,38,42,40.0
1302,38,42,40.0
1302,38,42,40.0
1302,38,42,40.0
1302,38,42,40.0
1302,38,42,40.0
1302,38,42,40.0
1302,38,42,40.0
1302,38,42,40.0
1302,38,42,40.0
1302,38,42,40.0
1302,38,42,40.0
1302,38,42,40.0
1302,38,42,40.0
1302,38,42,40.0
1302,38,42,40.0
1302,38,42,40.0
1302,38,42,40.0
1302,38,42,40.0
1302,38,42,40.0
1303,38,42,40.0
1303,38,42,40.0
1303,38,42,40.0
1303,38,42,40.0
1303,38,42,40.0
1303,38,42,40.0
1303,38,42,40.0
1303,38,42,40.0
1303,38,42,40.0
1303,38,42,40.0
1303,38,42,40.0
1303,38,42,40.0
1303,38,42,40.0
1303,38,42,40.0
1303,38,42,40.0
1303,38,42,40.0
1303,38,42,40.0
1303,38,42,40.0
1303,38,42,40.0
1303,38,42,40.0
1303,38,42,40.0
1303,38,42,40.0
1303,38,42,40.0
1303,38,42,40.0
1303,38,42,40.0
1303,38,42,40.0
1303,38,42,40.0
1303,38,42,40.0
1303,38,42,40.0
1303,38,42,40.0
1303,38,42,40.0
1303,38,42,40.0
1303,38,42,40.0
1303,38,42,40.0
1304,38,42,40.0
1304,38,42,40.0
1304,38,42,40.0
1304,38,42,40.0
1304,38,42,40.0
1304,38,42,40.0
1304,38,42,40.0
1304,38,42,40.0
1304,38,42,40.0
1304,38,42,40.0
1304,38,42,40.0
1304,38,42,40.0
1304,38,42,40.0
1304,38,42,40.0
1304,38,42,40.0
1304,38,42,40.0
1305,38,42,40.0
1305,38,42,40.0
1305,38,42,40.0
1305,38,42,40.0
1305,38,42,40.0
1305,38,42,40.0
1305,38,42,40.0
1305,38,42,40.0
1305,38,42,40.0
1305,38,42,40.0
1305,38,42,40.0
1305,38,42,40.0
1305,38,42,40.0
1305,38,42,40.0
1305,38,42,40.0
1305,38,42,40.0
1305,38,42,40.0
1305,38,42,40.0
1305,38,42,40.0
1305,38,42,40.0
1305,38,42,40.0
1305,38,42,40.0
1305,38,42,40.0
1305,38,42,40.0
1305,38,42,40.0
1305,38,42,40.0
1305,38,42,40.0
1305,38,42,40.0
1305,38,42,40.0
1306,38,42,40.0
1306,38,42,40.0
1306,38,42,40.0
1306,38,42,40.0
1306,38,42,40.0
1306,38,42,40.0
1306,38,42,40.0
1306,38,42,40.0
1306,38,42,40.0
1306,38,42,40.0
1307,38,42,40.0
1307,38,42,40.0
1307,38,42,40.0
1307,38,42,40.0
1307,38,42,40.0
1307,38,42,40.0
1307,38,42,40.0
1307,39,42,40.5
1307,39,42,40.5
1307,39,42,40.5
1307,39,42,40.5
1307,39,42,40.5
1307,39,42,40.5
1307,39,42,40.5
1307,39,42,40.5
1307,39,42,40.5
1307,39,42,40.5
1307,39,42,40.5
1307,39,42,40.5
1307,39,42,40.5
1307,39,42,40.5
1307,39,42,40.5
1307,39,42,40.5
1307,39,42,40.5
1307,39,42,40.5
1307,39,42,40.5
1307,39,42,40.5
1307,39,42,40.5
1307,39,42,40.5
1308,39,43,41.0
1308,39,43,41.0
1308,39,43,41.0
1308,39,43,41.0
1308,39,43,41.0
1308,39,42,40.5
1308,39,42,40.5
1308,39,42,40.5
1308,39,42,40.5
1308,39,42,40.5
1308,38,42,40.0
1308,38,42,40.0
1308,38,42,40.0
1308,38,42,40.0
1308,38,42,40.0
1308,38,42,40.0
1308,38,42,40.0
1308,38,42,40.0
1308,38,42,40.0
1308,38,42,40.0
1308,38,42,40.0
1308,38,42,40.0
1308,38,42,40.0
1308,38,42,40.0
1308,38,42,40.0
1308,38,42,40.0
1308,38,42,40.0
1308,38,42,40.0
1308,38,42,40.0
1308,38,42,40.0
1308,38,42,40.0
1309,38,42,40.0
1309,38,42,40.0
1309,38,42,40.0
1309,38,42,40.0
1309,38,42,40.0
1309,38,42,40.0
1309,38,42,40.0
1309,38,42,40.0
1309,38,42,40.0
1309,38,42,40.0
1309,38,42,40.0
1309,38,42,40.0
1309,38,42,40.0
1309,38,42,40.0
1309,38,42,40.0
1309,38,42,40.0
1309,38,42,40.0
1309,38,42,40.0
1309,38,42,40.0
1309,38,42,40.0
1309,38,42,40.0
1309,38,42,40.0
1309,38,42,40.0
1309,38,42,40.0
1309,38,42,40.0
1309,38,42,40.0
1310,38,42,40.0
1310,38,43,40.5
1310,38,43,40.5
1310,38,43,40.5
1310,38,43,40.5
1310,38,43,40.5
1310,38,43,40.5
1310,38,43,40.5
1310,38,43,40.5
1310,38,43,40.5
1310,38,43,40.5
1310,38,43,40.5
1311,38,43,40.5
1311,38,43,40.5
1311,38,43,40.5
1311,38,43,40.5
1311,38,43,40.5
1311,39,43,41.0
1311,39,43,41.0
1311,39,43,41.0
1311,39,43,41.0
1311,39,43,41.0
1311,39,43,41.0
1311,39,43,41.0
1311,39,43,41.0
1311,39,43,41.0
1311,39,43,41.0
1311,39,43,41.0
1311,39,43,41.0
1311,39,43,41.0
1311,39,43,41.0
1312,39,43,41.0
1312,39,43,41.0
1312,38,43,40.5
1312,38,43,40.5
1312,38,43,40.5
1312,38,43,40.5
1312,38,43,40.5
1312,38,43,40.5
1312,38,43,40.5
1312,38,43,40.5
1312,38,43,40.5
1312,38,43,40.5
1312,38,43,40.5
1312,38,43,40.5
1312,38,43,40.5
1312,38,43,40.5
1312,38,43,40.5
1312,38,43,40.5
1312,38,43,40.5
1312,38,43,40.5
1312,38,43,40.5
1312,38,43,40.5
1312,38,43,40.5
1312,38,43,40.5
1312,38,43,40.5
1312,38,43,40.5
1312,38,43,40.5
1312,38,43,40.5
1312,38,43,40.5
1312,38,43,40.5
1312,38,43,40.5
1312,38,43,40.5
1313,38,43,40.5
1313,38,43,40.5
1313,38,43,40.5
1313,38,43,40.5
1313,38,43,40.5
1313,38,43,40.5
1313,38,43,40.5
1313,38,43,40.5
1313,38,43,40.5
1313,38,43,40.5
1313,38,43,40.5
1313,38,43,40.5
1313,38,43,40.5
1313,38,43,40.5
1313,38,43,40.5
1313,38,43,40.5
1313,38,43,40.5
1313,38,43,40.5
1314,38,43,40.5
1314,38,43,40.5
1314,38,43,40.5
1314,38,43,40.5
1314,38,43,40.5
1314,38,43,40.5
1314,38,43,40.5
1314,38,43,40.5
1314,39,43,41.0
1315,39,43,41.0
1315,39,43,41.0
1315,39,43,41.0
1315,39,43,41.0
1315,39,43,41.0
1315,39,43,41.0
1315,39,43,41.0
1315,39,43,41.0
1315,39,43,41.0
1315,39,43,41.0
1315,39,43,41.0
1315,39,43,41.0
1315,39,43,41.0
1315,39,43,41.0
1315,39,43,41.0
1315,39,43,41.0
1315,39,43,41.0
1315,39,43,41.0
1315,39,43,41.0
1315,38,43,40.5
1315,38,43,40.5
1315,38,43,40.5
1315,36,43,39.5
1315,36,43,39.5
1315,36,43,39.5
1315,36,43,39.5
1315,36,43,39.5
1315,36,43,39.5
1315,36,43,39.5
1315,36,43,39.5
1315,36,43,39.5
1315,36,43,39.5
1315,36,43,39.5
1315,36,43,39.5
1315,36,43,39.5
1315,36,43,39.5
1315,38,43,40.5
1315,38,43,40.5
1315,38,43,40.5
1315,38,43,40.5
1315,38,43,40.5
1315,38,43,40.5
1315,36,43,39.5
1315,36,43,39.5
1315,36,43,39.5
1315,36,43,39.5
1315,36,43,39.5
1315,36,43,39.5
1315,36,43,39.5
1315,38,43,40.5
1315,38,43,40.5
1315,38,43,40.5
1316,38,43,40.5
1316,38,43,40.5
1316,38,43,40.5
1316,38,43,40.5
1316,38,43,40.5
1316,38,43,40.5
1316,38,43,40.5
1316,38,43,40.5
1316,38,43,40.5
1316,38,43,40.5
1316,38,43,40.5
1316,38,43,40.5
1316,38,43,40.5
1316,38,43,40.5
1316,38,43,40.5
1316,38,43,40.5
1316,38,43,40.5
1316,38,43,40.5
1316,38,43,40.5
1316,38,43,40.5
1316,38,42,40.0
1316,38,42,40.0
1316,38,42,40.0
1316,38,42,40.0
1316,38,42,40.0
1316,38,42,40.0
1316,38,42,40.0
1316,38,42,40.0
1316,38,42,40.0
1316,38,42,40.0
1316,38,42,40.0
1316,38,42,40.0
1316,38,42,40.0
1316,38,42,40.0
1316,38,42,40.0
1316,38,42,40.0
1316,38,42,40.0
1316,38,42,40.0
1316,38,42,40.0
1316,38,42,40.0
1316,38,42,40.0
1316,38,42,40.0
1316,38,42,40.0
1316,38,42,40.0
1316,38,42,40.0
1316,38,42,40.0
1316,38,42,40.0
1316,38,42,40.0
1316,38,42,40.0
1316,38,42,40.0
1316,38,42,40.0
1316,38,42,40.0
1316,38,42,40.0
1316,38,42,40.0
1316,38,42,40.0
1316,38,42,40.0
1316,38,42,40.0
1316,38,42,40.0
1316,38,42,40.0
1316,38,42,40.0
1316,38,42,40.0
1317,38,42,40.0
1317,38,42,40.0
1317,38,42,40.0
1317,38,42,40.0
1317,38,42,40.0
1317,38,42,40.0
1317,38,41,39.5
1317,38,41,39.5
1317,38,41,39.5
1317,38,41,39.5
1317,38,41,39.5
1317,38,41,39.5
1317,38,41,39.5
1317,38,41,39.5
1317,38,41,39.5
1317,38,41,39.5
1317,38,41,39.5
1317,38,41,39.5
1317,38,41,39.5
1317,38,41,39.5
1317,38,41,39.5
1317,38,41,39.5
1317,38,41,39.5
1317,38,41,39.5
1317,38,41,39.5
1317,38,41,39.5
1317,38,41,39.5
1317,38,41,39.5
1317,38,41,39.5
1317,38,41,39.5
1317,38,41,39.5
1317,38,41,39.5
1317,38,41,39.5
1317,38,41,39.5
1317,38,41,39.5
1317,38,41,39.5
1317,38,41,39.5
1317,38,41,39.5
1317,38,41,39.5
1317,38,41,39.5
1317,38,41,39.5
1317,38,41,39.5
1317,38,41,39.5
1317,38,41,39.5
1317,38,41,39.5
1317,38,41,39.5
1317,38,41,39.5
1317,38,41,39.5
1317,38,41,39.5
1317,38,41,39.5
1317,38,41,39.5
1317,38,41,39.5
1317,38,41,39.5
1317,38,41,39.5
1317,36,41,38.5
1317,36,41,38.5
1317,36,41,38.5
1317,36,41,38.5
1317,36,41,38.5
1317,36,41,38.5
1317,36,41,38.5
1318,36,41,38.5
1318,36,41,38.5
1318,36,41,38.5
1318,36,41,38.5
1318,36,41,38.5
1318,36,41,38.5
1318,36,41,38.5
1318,36,41,38.5
1318,36,41,38.5
1318,36,41,38.5
1318,36,41,38.5
1318,36,41,38.5
1318,36,41,38.5
1318,36,41,38.5
1318,36,41,38.5
1318,37,41,39.0
1318,37,40,38.5
1318,37,40,38.5
1318,37,40,38.5
1318,37,40,38.5
1318,37,40,38.5
1318,37,40,38.5
1318,37,40,38.5
1318,37,40,38.5
1318,37,40,38.5
1318,37,40,38.5
1318,37,40,38.5
1318,37,40,38.5
1318,37,40,38.5
1318,37,40,38.5
1318,37,40,38.5
1318,37,40,38.5
1318,37,40,38.5
1318,37,40,38.5
1318,37,40,38.5
1318,37,40,38.5
1318,37,40,38.5
1318,37,40,38.5
1318,37,40,38.5
1318,37,40,38.5
1318,37,40,38.5
1318,37,40,38.5
1318,37,40,38.5
1318,37,40,38.5
1318,37,40,38.5
1318,37,40,38.5
1318,37,40,38.5
1318,37,40,38.5
1318,37,40,38.5
1318,37,40,38.5
1318,37,40,38.5
1318,37,40,38.5
1318,37,40,38.5
1318,37,40,38.5
1318,37,40,38.5
1319,37,40,38.5
1319,37,40,38.5
1319,37,40,38.5
1319,37,40,38.5
1319,37,40,38.5
1319,37,40,38.5
1319,37,40,38.5
1319,37,40,38.5
1319,37,40,38.5
1319,37,40,38.5
1319,37,40,38.5
1319,37,40,38.5
1319,37,40,38.5
1319,37,40,38.5
1319,37,40,38.5
1319,37,40,38.5
1319,37,40,38.5
1319,37,40,38.5
1319,37,40,38.5
1319,37,40,38.5
1319,37,40,38.5
1319,37,40,38.5
1319,37,40,38.5
1319,37,40,38.5
1320,37,40,38.5
1320,37,40,38.5
1320,37,40,38.5
1320,37,40,38.5
1320,37,40,38.5
1320,37,40,38.5
1320,37,40,38.5
1320,37,40,38.5
1320,37,40,38.5
1320,37,40,38.5
1320,37,40,38.5
1320,37,40,38.5
1320,37,40,38.5
1320,37,40,38.5
1320,37,40,38.5
1320,37,40,38.5
1320,37,40,38.5
1320,37,40,38.5
1320,37,40,38.5
1320,37,40,38.5
1320,37,40,38.5
1320,38,40,39.0
1320,38,40,39.0
1320,38,40,39.0
1320,38,40,39.0
1320,38,40,39.0
1320,38,40,39.0
1320,38,40,39.0
1320,38,40,39.0
1320,38,40,39.0
1320,38,40,39.0
1320,38,40,39.0
1320,38,40,39.0
1320,38,40,39.0
1320,38,40,39.0
1320,38,40,39.0
1320,38,40,39.0
1320,38,40,39.0
1320,38,40,39.0
1320,38,40,39.0
1320,38,40,39.0
1320,38,40,39.0
1320,38,40,39.0
1320,38,40,39.0
1321,38,40,39.0
1321,38,40,39.0
1321,38,40,39.0
1321,38,40,39.0
1321,38,40,39.0
1321,38,40,39.0
1321,38,40,39.0
1321,38,40,39.0
1321,38,40,39.0
1322,38,40,39.0
1322,38,40,39.0
1322,38,40,39.0
1322,38,40,39.0
1322,38,40,39.0
1322,38,40,39.0
1322,38,40,39.0
1322,38,40,39.0
1322,38,40,39.0
1323,38,40,39.0
1323,38,40,39.0
1323,38,40,39.0
1323,38,40,39.0
1323,38,40,39.0
1323,38,40,39.0
1324,38,40,39.0
1324,38,40,39.0
1324,38,40,39.0
1324,38,40,39.0
1324,39,40,39.5
1324,39,40,39.5
1324,39,40,39.5
1324,39,40,39.5
1324,39,40,39.5
1324,39,40,39.5
1324,39,40,39.5
1324,39,40,39.5
1324,39,40,39.5
1325,39,40,39.5
1325,39,40,39.5
1325,39,40,39.5
1325,39,40,39.5
1325,39,40,39.5
1325,39,40,39.5
1326,39,40,39.5
1326,39,40,39.5
1326,39,40,39.5
1326,39,40,39.5
1326,39,40,39.5
1326,39,40,39.5
1326,39,40,39.5
1326,39,40,39.5
1326,39,40,39.5
1326,39,40,39.5
1326,39,40,39.5
1327,39,40,39.5
1327,39,40,39.5
1327,39,40,39.5
1327,39,40,39.5
1327,39,40,39.5
1327,39,40,39.5
1327,39,40,39.5
1327,39,40,39.5
1327,39,40,39.5
1327,39,40,39.5
1327,39,40,39.5
1327,39,40,39.5
1327,39,40,39.5
1327,39,40,39.5
1327,39,40,39.5
1327,39,40,39.5
1327,39,40,39.5
1327,39,40,39.5
1328,39,40,39.5
1328,39,40,39.5
1328,39,40,39.5
1328,39,40,39.5
1328,39,40,39.5
1328,39,40,39.5
1328,39,40,39.5
1328,39,40,39.5
1328,39,40,39.5
1328,39,40,39.5
1328,39,40,39.5
1329,39,40,39.5
1329,39,40,39.5
1330,39,40,39.5
1330,39,40,39.5
1330,39,40,39.5
1330,39,40,39.5
1330,39,40,39.5
1330,39,40,39.5
1330,39,40,39.5
1330,39,40,39.5
1331,39,40,39.5
1331,39,40,39.5
1331,39,40,39.5
1332,39,40,39.5
1332,39,40,39.5
1332,39,40,39.5
1332,39,40,39.5
1332,39,40,39.5
1332,39,40,39.5
1332,39,40,39.5
1332,39,40,39.5
1332,39,40,39.5
1333,39,40,39.5
1333,39,40,39.5
1333,39,40,39.5
1333,39,40,39.5
1333,39,40,39.5
1333,39,40,39.5
1333,39,40,39.5
1333,39,40,39.5
1333,39,40,39.5
1334,39,40,39.5
1335,39,40,39.5
1335,39,40,39.5
1335,39,40,39.5
1335,39,40,39.5
1335,39,40,39.5
1337,39,40,39.5
1337,39,40,39.5
1337,39,40,39.5
1337,39,40,39.5
1339,39,40,39.5
1339,39,40,39.5
1340,39,40,39.5
1340,39,40,39.5
1340,39,40,39.5
1340,39,40,39.5
1340,39,40,39.5
1340,39,40,39.5
1340,39,40,39.5
1341,39,40,39.5
1341,39,40,39.5
1341,39,40,39.5
1341,39,40,39.5
1341,39,40,39.5
1341,39,40,39.5
1341,39,40,39.5
1341,39,40,39.5
1341,39,40,39.5
1341,39,40,39.5
1341,38,40,39.0
1341,38,40,39.0
1341,38,40,39.0
1341,38,40,39.0
1341,38,40,39.0
1341,38,40,39.0
1341,38,40,39.0
1341,38,40,39.0
1341,38,40,39.0
1341,38,40,39.0
1341,38,40,39.0
1341,38,40,39.0
1341,38,40,39.0
1341,38,40,39.0
1341,38,40,39.0
1341,38,40,39.0
1341,38,40,39.0
1341,38,40,39.0
1341,38,40,39.0
1341,38,40,39.0
1341,38,40,39.0
1341,38,40,39.0
1341,38,40,39.0
1341,38,40,39.0
1341,38,40,39.0
1341,38,40,39.0
1341,38,40,39.0
1342,38,40,39.0
1342,38,40,39.0
1342,38,40,39.0
1342,38,40,39.0
1342,38,40,39.0
1342,38,40,39.0
1342,38,40,39.0
1342,38,40,39.0
1342,38,40,39.0
1342,38,40,39.0
1342,38,40,39.0
1342,38,40,39.0
1342,38,40,39.0
1342,38,40,39.0
1342,38,40,39.0
1342,38,40,39.0
1342,38,40,39.0
1342,38,40,39.0
1342,38,40,39.0
1342,38,40,39.0
1342,38,40,39.0
1342,38,40,39.0
1342,38,40,39.0
1342,38,40,39.0
1342,38,40,39.0
1342,38,40,39.0
1342,38,40,39.0
1342,38,40,39.0
1342,38,40,39.0
1342,38,40,39.0
1342,38,40,39.0
1342,38,40,39.0
1342,38,40,39.0
1342,38,40,39.0
1342,38,40,39.0
1342,38,40,39.0
1342,37,40,38.5
1342,37,40,38.5
1342,37,40,38.5
1342,37,40,38.5
1342,35,40,37.5
1342,35,40,37.5
1342,35,40,37.5
1342,35,40,37.5
1342,35,40,37.5
1342,35,40,37.5
1342,35,40,37.5
1342,35,40,37.5
1342,35,40,37.5
1342,35,40,37.5
1342,35,40,37.5
1342,35,40,37.5
1342,35,40,37.5
1342,35,40,37.5
1342,35,40,37.5
1342,35,40,37.5
1342,35,40,37.5
1342,35,40,37.5
1342,35,40,37.5
1342,35,40,37.5
1342,35,40,37.5
1342,35,40,37.5
1342,35,40,37.5
1342,35,40,37.5
1342,35,41,38.0
1342,37,41,39.0
1342,37,41,39.0
1342,37,41,39.0
1342,37,41,39.0
1342,37,43,40.0
1342,37,43,40.0
1342,37,43,40.0
1342,37,43,40.0
1342,37,43,40.0
1342,37,43,40.0
1342,37,43,40.0
1342,37,43,40.0
1342,37,43,40.0
1342,37,43,40.0
1342,37,43,40.0
1342,37,43,40.0
1342,37,43,40.0
1342,37,43,40.0
1342,37,43,40.0
1342,37,43,40.0
1342,37,43,40.0
1342,37,43,40.0
1342,37,43,40.0
1342,37,43,40.0
1342,37,43,40.0
1342,35,43,39.0
1342,35,43,39.0
1342,35,43,39.0
1342,35,43,39.0
1342,35,43,39.0
1342,35,43,39.0
1342,35,43,39.0
1342,35,43,39.0
1342,35,43,39.0
1342,35,43,39.0
1342,35,43,39.0
1342,35,43,39.0
1342,35,43,39.0
1342,35,43,39.0
1342,35,43,39.0
1342,35,43,39.0
1342,35,43,39.0
1342,35,43,39.0
1342,35,43,39.0
1342,35,43,39.0
1342,35,43,39.0
1342,35,43,39.0
1342,35,43,39.0
1342,37,43,40.0
1342,37,43,40.0
1342,37,43,40.0
1342,37,43,40.0
1342,37,43,40.0
1342,37,43,40.0
1342,37,43,40.0
1342,37,43,40.0
1342,37,43,40.0
1343,37,43,40.0
1343,37,43,40.0
1343,37,43,40.0
1343,37,42,39.5
1343,37,42,39.5
1343,37,42,39.5
1343,37,42,39.5
1343,37,42,39.5
1343,37,42,39.5
1343,37,42,39.5
1343,37,42,39.5
1343,37,42,39.5
1343,37,42,39.5
1343,37,42,39.5
1343,37,42,39.5
1343,37,42,39.5
1343,37,42,39.5
1343,37,42,39.5
1343,37,42,39.5
1343,37,42,39.5
1343,37,42,39.5
1343,37,42,39.5
1343,37,42,39.5
1343,37,42,39.5
1343,37,42,39.5
1343,37,42,39.5
1343,37,42,39.5
1343,37,42,39.5
1343,37,42,39.5
1343,37,42,39.5
1343,37,42,39.5
1343,37,42,39.5
1343,37,42,39.5
1343,37,42,39.5
1343,37,42,39.5
1343,37,42,39.5
1344,37,42,39.5
1344,37,42,39.5
1344,37,42,39.5
1344,37,42,39.5
1344,37,42,39.5
1344,37,42,39.5
1345,37,42,39.5
1345,37,42,39.5
1345,37,42,39.5
1345,37,42,39.5
1345,37,42,39.5
1345,37,42,39.5
1345,37,42,39.5
1345,37,42,39.5
1345,37,42,39.5
1345,37,42,39.5
1345,37,41,39.0
1345,37,41,39.0
1345,37,41,39.0
1345,37,41,39.0
1345,37,41,39.0
1345,37,41,39.0
1345,37,41,39.0
1345,37,41,39.0
1345,37,41,39.0
1345,37,41,39.0
1345,37,41,39.0
1345,37,41,39.0
1345,37,41,39.0
1345,37,41,39.0
1345,37,41,39.0
1345,37,41,39.0
1345,37,41,39.0
1345,37,41,39.0
1345,37,41,39.0
1345,37,41,39.0
1345,37,41,39.0
1345,37,41,39.0
1345,37,41,39.0
1345,37,41,39.0
1345,37,41,39.0
1345,37,41,39.0
1345,37,41,39.0
1345,37,41,39.0
1345,37,41,39.0
1345,37,41,39.0
1345,37,41,39.0
1346,37,41,39.0
1346,37,41,39.0
1346,37,41,39.0
1346,37,41,39.0
1346,37,41,39.0
1346,37,41,39.0
1346,37,41,39.0
1346,37,41,39.0
1346,37,41,39.0
1346,37,41,39.0
1346,37,41,39.0
1346,37,43,40.0
1346,37,43,40.0
1346,37,43,40.0
1346,37,43,40.0
1346,37,43,40.0
1346,37,43,40.0
1346,37,41,39.0
1346,37,41,39.0
1346,37,41,39.0
1346,37,41,39.0
1346,37,41,39.0
1346,37,41,39.0
1346,37,41,39.0
1346,37,41,39.0
1346,37,41,39.0
1346,37,41,39.0
1346,37,41,39.0
1346,37,41,39.0
1346,37,41,39.0
1346,37,41,39.0
1346,37,41,39.0
1346,37,41,39.0
1346,37,40,38.5
1346,37,40,38.5
1346,37,40,38.5
1346,37,40,38.5
1346,37,40,38.5
1346,37,40,38.5
1346,37,40,38.5
1346,37,40,38.5
1346,37,39,38.0
1346,37,39,38.0
1346,37,39,38.0
1346,37,39,38.0
1346,37,39,38.0
1346,37,39,38.0
1346,37,39,38.0
1346,37,39,38.0
1346,37,39,38.0
1346,37,39,38.0
1346,37,39,38.0
1346,37,39,38.0
1346,37,39,38.0
1346,37,39,38.0
1346,37,39,38.0
1346,37,39,38.0
1346,37,39,38.0
1346,37,39,38.0
1346,37,39,38.0
1346,37,39,38.0
1346,37,39,38.0
1346,37,39,38.0
1346,37,40,38.5
1346,37,40,38.5
1346,37,40,38.5
1346,37,40,38.5
1346,37,40,38.5
1346,37,40,38.5
1346,37,40,38.5
1346,37,40,38.5
1346,37,40,38.5
1346,37,39,38.0
1346,37,39,38.0
1346,37,39,38.0
1347,37,39,38.0
1347,37,39,38.0
1347,37,39,38.0
1347,37,39,38.0
1347,37,39,38.0
1347,37,39,38.0
1347,37,39,38.0
1347,37,39,38.0
1347,37,39,38.0
1347,37,39,38.0
1347,37,39,38.0
1347,37,39,38.0
1347,37,39,38.0
1347,37,40,38.5
1347,37,40,38.5
1347,37,40,38.5
1347,37,40,38.5
1347,37,40,38.5
1347,37,40,38.5
1347,37,40,38.5
1347,37,40,38.5
1347,37,40,38.5
1347,37,40,38.5
1347,37,40,38.5
1347,37,40,38.5
1347,37,40,38.5
1347,37,40,38.5
1347,37,40,38.5
1347,37,40,38.5
1347,37,40,38.5
1347,37,40,38.5
1347,37,40,38.5
1347,37,40,38.5
1347,37,40,38.5
1347,37,40,38.5
1347,37,39,38.0
1347,37,39,38.0
1347,37,39,38.0
1347,37,39,38.0
1347,37,39,38.0
1347,37,39,38.0
1347,37,39,38.0
1347,37,39,38.0
1347,37,39,38.0
1347,37,39,38.0
1347,37,39,38.0
1347,37,39,38.0
1347,37,39,38.0
1347,37,39,38.0
1347,37,39,38.0
1347,37,39,38.0
1347,37,39,38.0
1347,37,39,38.0
1347,37,39,38.0
1347,37,39,38.0
1347,37,39,38.0
1347,37,39,38.0
1347,37,39,38.0
1347,37,39,38.0
1347,37,39,38.0
1347,37,39,38.0
1347,37,39,38.0
1347,37,39,38.0
1347,37,39,38.0
1347,37,39,38.0
1347,37,39,38.0
1347,37,39,38.0
1347,37,39,38.0
1347,37,39,38.0
1347,37,39,38.0
1347,37,39,38.0
1347,37,39,38.0
1347,37,39,38.0
1347,37,39,38.0
1347,37,39,38.0
1347,37,39,38.0
1347,37,39,38.0
1347,37,39,38.0
1347,37,39,38.0
1347,37,39,38.0
1347,37,39,38.0
1347,37,39,38.0
1347,37,39,38.0
1347,37,39,38.0
1347,37,39,38.0
1347,37,39,38.0
1347,37,39,38.0
1347,37,39,38.0
1347,37,39,38.0
1347,37,39,38.0
1347,37,39,38.0
1347,37,39,38.0
1347,37,39,38.0
1347,37,39,38.0
1347,37,39,38.0
1348,37,39,38.0
1348,37,39,38.0
1348,37,39,38.0
1348,37,39,38.0
1348,37,39,38.0
1348,37,39,38.0
1348,37,39,38.0
1348,37,39,38.0
1348,37,39,38.0
1348,37,39,38.0
1348,37,39,38.0
1348,37,39,38.0
1348,37,39,38.0
1348,37,39,38.0
1348,37,39,38.0
1348,37,39,38.0
1348,37,39,38.0
1348,37,39,38.0
1348,37,39,38.0
1348,37,39,38.0
1348,37,39,38.0
1348,37,39,38.0
1348,37,39,38.0
1348,37,39,38.0
1348,37,39,38.0
1348,37,39,38.0
1348,37,39,38.0
1348,37,39,38.0
1348,37,39,38.0
1348,37,39,38.0
1348,37,39,38.0
1348,37,39,38.0
1348,37,39,38.0
1348,37,39,38.0
1348,37,39,38.0
1348,37,39,38.0
1348,37,39,38.0
1348,37,39,38.0
1348,37,39,38.0
1348,37,39,38.0
1348,37,39,38.0
1348,37,39,38.0
1348,37,39,38.0
1348,37,39,38.0
1348,37,39,38.0
1349,37,39,38.0
1349,37,39,38.0
1349,37,39,38.0
1349,37,39,38.0
1349,37,39,38.0
1349,37,39,38.0
1349,37,39,38.0
1349,37,39,38.0
1349,37,39,38.0
1349,37,39,38.0
1349,37,39,38.0
1349,37,40,38.5
1349,37,42,39.5
1349,37,42,39.5
1349,37,42,39.5
1349,37,42,39.5
1349,37,42,39.5
1349,37,42,39.5
1349,37,42,39.5
1349,37,42,39.5
1349,37,42,39.5
1349,37,42,39.5
1349,37,42,39.5
1349,37,42,39.5
1349,37,42,39.5
1349,37,42,39.5
1349,37,42,39.5
1349,37,42,39.5
1349,37,42,39.5
1349,37,42,39.5
1349,37,42,39.5
1349,37,42,39.5
1349,37,42,39.5
1349,37,42,39.5
1349,37,42,39.5
1349,37,42,39.5
1349,37,42,39.5
1349,37,42,39.5
1349,37,42,39.5
1349,37,42,39.5
1349,37,42,39.5
1349,37,42,39.5
1349,37,42,39.5
1349,37,42,39.5
1349,37,42,39.5
1349,37,42,39.5
1349,37,42,39.5
1349,37,42,39.5
1349,37,42,39.5
1349,37,42,39.5
1349,37,42,39.5
1349,37,42,39.5
1349,37,42,39.5
1349,37,42,39.5
1349,37,42,39.5
1349,37,42,39.5
1349,37,42,39.5
1349,37,42,39.5
1349,37,42,39.5
1349,37,42,39.5
1350,37,42,39.5
1350,37,42,39.5
1350,37,42,39.5
1350,37,42,39.5
1350,37,42,39.5
1350,37,42,39.5
1350,37,42,39.5
1350,37,42,39.5
1350,37,42,39.5
1350,37,42,39.5
1350,37,42,39.5
1350,37,42,39.5
1350,37,42,39.5
1350,37,42,39.5
1350,37,42,39.5
1350,37,42,39.5
1351,37,42,39.5
1351,37,42,39.5
1351,37,42,39.5
1351,37,42,39.5
1351,37,42,39.5
1351,37,42,39.5
1351,37,42,39.5
1351,37,42,39.5
1351,37,42,39.5
1351,37,42,39.5
1351,37,42,39.5
1351,37,42,39.5
1351,37,42,39.5
1352,37,42,39.5
1352,37,42,39.5
1352,37,41,39.0
1352,37,41,39.0
1352,37,41,39.0
1352,37,41,39.0
1352,37,42,39.5
1352,37,42,39.5
1352,37,42,39.5
1352,37,42,39.5
1352,37,42,39.5
1352,37,42,39.5
1352,37,42,39.5
1352,37,42,39.5
1353,37,42,39.5
1353,37,42,39.5
1353,37,42,39.5
1354,37,42,39.5
1354,37,42,39.5
1354,37,42,39.5
1354,37,42,39.5
1354,37,42,39.5
1354,37,42,39.5
1355,37,42,39.5
1355,37,42,39.5
1355,37,42,39.5
1355,37,42,39.5
1355,37,42,39.5
1355,37,42,39.5
1355,37,42,39.5
1355,37,42,39.5
1356,37,42,39.5
1356,37,42,39.5
1356,37,42,39.5
1356,37,42,39.5
1356,37,42,39.5
1356,37,42,39.5
1356,37,42,39.5
1356,37,42,39.5
1357,37,42,39.5
1357,37,42,39.5
1357,37,42,39.5
1358,37,42,39.5
1358,37,42,39.5
1358,37,42,39.5
1358,37,42,39.5
1358,37,42,39.5
1358,37,42,39.5
1358,37,42,39.5
1358,37,42,39.5
1358,37,42,39.5
1358,37,42,39.5
1358,37,42,39.5
1358,37,42,39.5
1358,37,42,39.5
1358,37,42,39.5
1358,37,42,39.5
1359,37,42,39.5
1359,37,42,39.5
1359,37,42,39.5
1359,37,42,39.5
1359,37,42,39.5
1360,37,42,39.5
1360,37,42,39.5
1360,37,42,39.5
1360,37,42,39.5
1360,37,42,39.5
1360,37,42,39.5
1360,37,42,39.5
1361,37,42,39.5
1361,37,42,39.5
1362,37,42,39.5
1362,37,42,39.5
1362,37,42,39.5
1362,37,42,39.5
1362,37,42,39.5
1362,37,42,39.5
1363,37,42,39.5
1364,37,42,39.5
1364,37,42,39.5
1364,37,42,39.5
1364,37,42,39.5
1364,39,42,40.5
1364,39,42,40.5
1364,39,42,40.5
1364,39,42,40.5
1364,39,42,40.5
1364,39,42,40.5
1364,39,42,40.5
1364,39,42,40.5
1364,39,42,40.5
1364,39,42,40.5
1364,39,42,40.5
1364,39,42,40.5
1364,39,42,40.5
1364,39,42,40.5
1364,39,42,40.5
1364,39,42,40.5
1364,39,42,40.5
1364,39,42,40.5
1364,39,42,40.5
1364,39,42,40.5
1365,39,42,40.5
1365,39,42,40.5
1365,39,42,40.5
1365,39,42,40.5
1365,39,42,40.5
1365,39,42,40.5
1365,39,42,40.5
1365,38,42,40.0
1365,38,42,40.0
1365,38,42,40.0
1365,38,42,40.0
1365,38,42,40.0
1365,38,42,40.0
1365,38,42,40.0
1365,38,42,40.0
1365,37,42,39.5
1365,37,42,39.5
1365,37,42,39.5
1365,37,42,39.5
1365,37,42,39.5
1365,37,42,39.5
1365,37,42,39.5
1365,38,42,40.0
1365,38,42,40.0
1365,38,42,40.0
1365,38,42,40.0
1365,38,42,40.0
1365,38,42,40.0
1365,38,42,40.0
1365,38,42,40.0
1365,38,42,40.0
1365,38,42,40.0
1365,38,42,40.0
1365,38,42,40.0
1365,38,42,40.0
1365,38,42,40.0
1365,38,42,40.0
1365,38,42,40.0
1365,38,42,40.0
1365,38,42,40.0
1365,38,42,40.0
1365,38,42,40.0
1365,38,42,40.0
1365,38,42,40.0
1365,38,42,40.0
1365,38,42,40.0
1365,38,42,40.0
1365,38,42,40.0
1365,38,42,40.0
1365,38,42,40.0
1365,38,42,40.0
1365,38,42,40.0
1365,38,42,40.0
1365,38,42,40.0
1365,38,42,40.0
1366,38,42,40.0
1366,38,43,40.5
1366,38,43,40.5
1366,38,43,40.5
1366,38,43,40.5
1366,38,43,40.5
1366,38,43,40.5
1366,38,43,40.5
1366,38,43,40.5
1366,38,43,40.5
1366,38,43,40.5
1366,38,43,40.5
1366,38,43,40.5
1366,38,43,40.5
1366,38,43,40.5
1366,38,43,40.5
1366,38,43,40.5
1366,38,43,40.5
1366,38,43,40.5
1366,38,43,40.5
1366,38,43,40.5
1366,38,43,40.5
1366,38,43,40.5
1366,38,43,40.5
1366,38,43,40.5
1366,38,43,40.5
1366,38,43,40.5
1366,38,43,40.5
1366,40,43,41.5
1366,40,43,41.5
1366,40,43,41.5
1366,40,43,41.5
1366,40,43,41.5
1366,40,43,41.5
1366,40,43,41.5
1366,40,43,41.5
1366,40,43,41.5
1366,40,43,41.5
1366,40,43,41.5
1366,40,43,41.5
1366,40,43,41.5
1366,40,43,41.5
1366,40,43,41.5
1366,40,43,41.5
1366,40,43,41.5
1366,40,43,41.5
1366,40,43,41.5
1366,40,43,41.5
1366,40,43,41.5
1366,40,43,41.5
1366,40,43,41.5
1366,40,43,41.5
1366,40,43,41.5
1366,40,43,41.5
1366,40,43,41.5
1366,40,43,41.5
1366,40,43,41.5
1367,40,43,41.5
1367,40,43,41.5
1367,40,43,41.5
1367,40,43,41.5
1367,40,43,41.5
1367,40,43,41.5
1367,40,43,41.5
1367,40,43,41.5
1367,40,43,41.5
1367,40,43,41.5
1367,40,43,41.5
1367,40,43,41.5
1367,40,43,41.5
1367,40,43,41.5
1367,40,43,41.5
1367,40,43,41.5
1367,40,43,41.5
1367,40,43,41.5
1368,40,43,41.5
1368,40,43,41.5
1368,41,43,42.0
1368,41,43,42.0
1368,41,43,42.0
1368,41,43,42.0
1368,41,43,42.0
1368,41,43,42.0
1368,41,43,42.0
1368,41,43,42.0
1368,41,43,42.0
1368,41,43,42.0
1368,41,43,42.0
1368,41,43,42.0
1368,41,43,42.0
1368,41,43,42.0
1368,41,43,42.0
1368,41,43,42.0
1368,41,43,42.0
1368,41,43,42.0
1368,41,43,42.0
1368,41,43,42.0
1368,41,43,42.0
1368,41,43,42.0
1368,41,43,42.0
1368,41,43,42.0
1368,41,43,42.0
1369,41,43,42.0
1369,41,43,42.0
1369,41,43,42.0
1369,41,43,42.0
1369,41,43,42.0
1369,41,43,42.0
1369,41,43,42.0
1369,41,43,42.0
1369,41,43,42.0
1369,41,43,42.0
1369,41,43,42.0
1369,41,43,42.0
1369,41,43,42.0
1369,41,43,42.0
1369,41,43,42.0
1369,41,43,42.0
1369,41,43,42.0
1369,41,43,42.0
1369,41,43,42.0
1369,41,43,42.0
1369,41,43,42.0
1369,41,43,42.0
1369,41,43,42.0
1369,41,43,42.0
1369,41,43,42.0
1369,41,43,42.0
1369,41,43,42.0
1369,41,43,42.0
1369,41,43,42.0
1369,41,43,42.0
1369,41,43,42.0
1369,41,43,42.0
1369,41,43,42.0
1369,41,43,42.0
1369,41,43,42.0
1369,41,43,42.0
1369,41,43,42.0
1369,41,43,42.0
1369,41,43,42.0
1369,41,43,42.0
1370,41,43,42.0
1370,41,43,42.0
1370,41,43,42.0
1370,41,43,42.0
1370,41,43,42.0
1370,41,43,42.0
1370,41,43,42.0
1371,41,43,42.0
1371,41,43,42.0
1371,41,43,42.0
1371,41,43,42.0
1371,41,43,42.0
1371,41,43,42.0
1371,41,43,42.0
1371,41,43,42.0
1371,41,43,42.0
1371,41,43,42.0
1371,41,43,42.0
1372,41,43,42.0
1372,41,43,42.0
1372,41,43,42.0
1372,41,43,42.0
1372,41,43,42.0
1372,41,43,42.0
1372,41,43,42.0
1372,41,43,42.0
1372,41,42,41.5
1372,41,42,41.5
1372,41,42,41.5
1372,41,42,41.5
1372,41,42,41.5
1372,41,42,41.5
1372,41,42,41.5
1372,41,42,41.5
1372,41,42,41.5
1372,41,42,41.5
1372,41,42,41.5
1372,41,42,41.5
1372,41,42,41.5
1372,41,42,41.5
1372,41,42,41.5
1372,41,42,41.5
1372,41,42,41.5
1372,41,42,41.5
1372,41,42,41.5
1372,41,42,41.5
1372,41,42,41.5
1372,41,42,41.5
1372,41,42,41.5
1372,41,42,41.5
1374,41,42,41.5
1374,41,42,41.5
1374,41,42,41.5
1374,41,42,41.5
1374,41,42,41.5
1374,41,42,41.5
1374,41,42,41.5
1374,41,42,41.5
1374,41,42,41.5
1374,41,42,41.5
1374,41,42,41.5
1374,41,42,41.5
1374,41,42,41.5
1374,41,42,41.5
1374,41,42,41.5
1374,41,42,41.5
1374,41,42,41.5
1374,41,42,41.5
1375,41,42,41.5
1375,41,42,41.5
1375,41,42,41.5
1375,41,42,41.5
1375,41,42,41.5
1375,41,42,41.5
1375,41,42,41.5
1375,41,42,41.5
1375,41,42,41.5
1375,41,42,41.5
1375,41,42,41.5
1375,41,42,41.5
1375,41,42,41.5
1375,41,42,41.5
1375,41,42,41.5
1376,41,42,41.5
1376,41,42,41.5
1376,40,42,41.0
1376,40,42,41.0
1376,40,42,41.0
1376,40,42,41.0
1376,40,42,41.0
1376,40,42,41.0
1376,40,42,41.0
1376,40,42,41.0
1376,40,42,41.0
1376,40,42,41.0
1376,40,42,41.0
1376,40,42,41.0
1376,40,42,41.0
1376,40,42,41.0
1376,40,42,41.0
1376,40,42,41.0
1376,40,42,41.0
1376,40,42,41.0
1376,40,42,41.0
1376,40,42,41.0
1376,40,42,41.0
1376,40,42,41.0
1376,40,41,40.5
1376,40,41,40.5
1376,40,41,40.5
1376,40,41,40.5
1376,40,41,40.5
1376,40,41,40.5
1376,40,41,40.5
1376,40,41,40.5
1376,40,41,40.5
1376,40,41,40.5
1376,40,41,40.5
1376,40,41,40.5
1376,40,41,40.5
1376,40,41,40.5
1376,40,41,40.5
1376,40,41,40.5
1376,40,41,40.5
1376,40,41,40.5
1376,40,41,40.5
1376,40,41,40.5
1376,40,41,40.5
1376,40,41,40.5
1376,40,41,40.5
1376,40,41,40.5
1377,40,41,40.5
1377,40,41,40.5
1377,40,41,40.5
1377,40,41,40.5
1377,40,41,40.5
1377,40,41,40.5
1377,40,41,40.5
1377,40,41,40.5
1377,40,41,40.5
1377,40,41,40.5
1377,40,41,40.5
1377,40,41,40.5
1377,40,41,40.5
1377,40,41,40.5
1377,40,41,40.5
1377,40,41,40.5
1377,40,41,40.5
1377,40,41,40.5
1377,40,41,40.5
1377,40,41,40.5
1377,40,41,40.5
1377,40,41,40.5
1377,40,41,40.5
1377,40,41,40.5
1377,40,41,40.5
1377,40,41,40.5
1377,40,41,40.5
1377,40,41,40.5
1377,40,41,40.5
1377,40,41,40.5
1377,40,41,40.5
1377,40,41,40.5
1377,40,41,40.5
1377,40,41,40.5
1377,40,41,40.5
1377,40,41,40.5
1377,40,41,40.5
1377,40,41,40.5
1377,40,41,40.5
1377,40,41,40.5
1377,40,41,40.5
1377,40,41,40.5
1377,40,41,40.5
1377,40,41,40.5
1377,40,41,40.5
1377,40,41,40.5
1377,40,41,40.5
1378,40,41,40.5
1378,40,41,40.5
1378,40,41,40.5
1378,40,41,40.5
1378,40,41,40.5
1378,40,41,40.5
1378,40,41,40.5
1378,40,41,40.5
1378,40,41,40.5
1378,40,41,40.5
1378,40,41,40.5
1378,40,41,40.5
1379,40,41,40.5
1379,40,41,40.5
1379,40,41,40.5
1379,40,41,40.5
1379,40,41,40.5
1379,40,41,40.5
1379,40,41,40.5
1379,40,41,40.5
1379,40,41,40.5
1380,40,41,40.5
1380,40,41,40.5
1380,40,41,40.5
1380,40,41,40.5
1381,40,41,40.5
1381,40,41,40.5
1381,40,41,40.5
1381,40,41,40.5
1382,40,41,40.5
1382,40,41,40.5
1382,40,41,40.5
1382,40,41,40.5
1382,40,41,40.5
1382,40,41,40.5
1382,40,41,40.5
1382,40,41,40.5
1382,40,41,40.5
1382,40,41,40.5
1382,40,41,40.5
1382,40,41,40.5
1382,40,41,40.5
1382,40,41,40.5
1382,40,41,40.5
1382,40,41,40.5
1382,40,41,40.5
1382,40,41,40.5
1382,40,41,40.5
1382,40,41,40.5
1382,40,41,40.5
1382,40,41,40.5
1382,40,41,40.5
1382,40,41,40.5
1383,40,41,40.5
1383,40,41,40.5
1384,40,41,40.5
1384,40,41,40.5
1384,40,41,40.5
1384,40,41,40.5
1384,40,41,40.5
1384,40,41,40.5
1384,40,41,40.5
1384,40,41,40.5
1384,40,41,40.5
1384,40,41,40.5
1384,40,41,40.5
1384,40,41,40.5
1384,40,41,40.5
1384,40,41,40.5
1384,40,41,40.5
1384,40,41,40.5
1385,40,41,40.5
1385,40,41,40.5
1385,40,41,40.5
1385,40,41,40.5
1385,40,41,40.5
1385,40,41,40.5
1385,40,41,40.5
1385,40,41,40.5
1385,40,41,40.5
1385,40,41,40.5
1385,40,41,40.5
1385,40,41,40.5
1385,40,41,40.5
1385,40,41,40.5
1385,40,41,40.5
1386,40,41,40.5
1386,40,41,40.5
1387,40,41,40.5
1387,40,41,40.5
1387,40,41,40.5
1387,40,41,40.5
1387,40,41,40.5
1387,40,41,40.5
1387,40,41,40.5
1387,40,41,40.5
1389,40,41,40.5
1389,40,41,40.5
1389,40,41,40.5
1389,40,41,40.5
1389,40,41,40.5
1390,40,41,40.5
1390,40,41,40.5
1390,40,41,40.5
1390,40,41,40.5
1391,40,41,40.5
1391,40,41,40.5
1393,40,41,40.5
1393,40,41,40.5
1393,40,41,40.5
1393,40,41,40.5
1393,40,41,40.5
1393,40,41,40.5
1393,40,41,40.5
1394,40,41,40.5
1394,40,41,40.5
1394,40,41,40.5
1394,40,41,40.5
1394,40,41,40.5
1394,40,41,40.5
1394,40,41,40.5
1394,40,41,40.5
1394,40,41,40.5
1395,40,41,40.5
1396,40,41,40.5
1398,40,41,40.5
1398,40,41,40.5
1398,40,41,40.5
1398,40,41,40.5
1398,40,41,40.5
1398,40,41,40.5
1399,40,41,40.5
1400,40,41,40.5
1400,40,41,40.5
1402,40,41,40.5
1402,40,41,40.5
1402,40,41,40.5
1402,40,41,40.5
1402,40,41,40.5
1402,40,41,40.5
1402,40,41,40.5
1402,40,41,40.5
1402,40,41,40.5
1404,40,41,40.5
1406,40,41,40.5
1406,40,41,40.5
1406,40,41,40.5
1406,40,41,40.5
1406,40,41,40.5
1406,40,41,40.5
1406,40,41,40.5
1406,40,41,40.5
1406,40,41,40.5
1406,40,41,40.5
1406,40,41,40.5
1406,40,41,40.5
1407,40,41,40.5
1407,40,41,40.5
1407,40,41,40.5
1408,40,41,40.5
1409,40,41,40.5
1409,40,41,40.5
1409,40,41,40.5
1410,40,41,40.5
1410,40,41,40.5
1410,40,41,40.5
1410,40,41,40.5
1410,40,41,40.5
1410,40,41,40.5
1410,40,41,40.5
1410,40,41,40.5
1410,40,41,40.5
1411,40,41,40.5
1411,40,41,40.5
1411,40,41,40.5
1411,40,41,40.5
1411,40,41,40.5
1411,40,41,40.5
1411,40,41,40.5
1411,40,41,40.5
1411,40,41,40.5
1411,40,41,40.5
1411,40,41,40.5
1411,40,41,40.5
1411,40,41,40.5
1411,40,41,40.5
1411,40,41,40.5
1411,40,41,40.5
1411,40,41,40.5
1411,40,41,40.5
1412,40,41,40.5
1412,40,41,40.5
1412,40,41,40.5
1412,40,41,40.5
1412,40,41,40.5
1414,40,41,40.5
1414,40,41,40.5
1414,40,41,40.5
1414,40,41,40.5
1414,40,41,40.5
1414,40,41,40.5
1414,40,41,40.5
1414,40,41,40.5
1414,40,41,40.5
1417,40,41,40.5
1417,40,41,40.5
1418,40,41,40.5
1418,40,41,40.5
1418,40,41,40.5
1418,40,41,40.5
1418,40,41,40.5
1418,40,41,40.5
1418,40,41,40.5
1418,40,41,40.5
1418,40,41,40.5
1422,40,41,40.5
1422,40,41,40.5
1422,40,41,40.5
1422,40,41,40.5
1422,40,41,40.5
1424,40,41,40.5
1424,40,41,40.5
1424,40,41,40.5
1424,40,41,40.5
1426,40,41,40.5
1426,40,41,40.5
1427,40,41,40.5
1427,40,41,40.5
1427,40,41,40.5
1427,40,41,40.5
1427,40,41,40.5
1427,40,41,40.5
1427,40,41,40.5
1427,40,41,40.5
1427,40,41,40.5
1430,40,41,40.5
1430,40,41,40.5
1430,40,41,40.5
1430,40,41,40.5
1430,40,41,40.5
1430,40,41,40.5
1430,40,41,40.5
1430,40,41,40.5
1430,40,41,40.5
1430,40,41,40.5
1432,40,41,40.5
1432,40,42,41.0
1432,40,42,41.0
1432,40,42,41.0
1432,40,42,41.0
1432,40,42,41.0
1432,40,42,41.0
1432,40,42,41.0
1432,40,42,41.0
1433,40,42,41.0
1433,40,42,41.0
1433,40,42,41.0
1433,40,42,41.0
1433,40,42,41.0
1433,40,42,41.0
1433,40,42,41.0
1434,40,42,41.0
1434,40,42,41.0
1434,40,42,41.0
1434,40,42,41.0
1434,40,42,41.0
1434,40,42,41.0
1434,40,42,41.0
1434,40,42,41.0
1434,40,42,41.0
1434,40,42,41.0
1435,40,42,41.0
1435,40,42,41.0
1435,40,42,41.0
1435,40,42,41.0
1435,40,42,41.0
1435,40,42,41.0
1437,40,42,41.0
1437,40,42,41.0
1437,40,42,41.0
1437,40,42,41.0
1437,40,42,41.0
1438,40,42,41.0
1438,40,42,41.0
1439,40,42,41.0
1439,40,42,41.0
1439,40,42,41.0
1439,40,42,41.0
1439,40,42,41.0
1439,40,42,41.0
1440,40,42,41.0
1440,40,42,41.0
1440,40,42,41.0
1440,40,42,41.0
1440,40,42,41.0
1440,40,42,41.0
1441,40,42,41.0
1442,40,42,41.0
1442,40,42,41.0
1442,40,42,41.0
1442,40,42,41.0
1442,40,42,41.0
1443,40,42,41.0
1444,40,42,41.0
1444,40,42,41.0
1444,40,42,41.0
1445,40,42,41.0
1447,40,42,41.0
1449,40,42,41.0
1451,40,42,41.0
1451,40,42,41.0
1451,40,42,41.0
1451,40,42,41.0
1451,40,42,41.0
1451,40,42,41.0
1454,40,42,41.0
1454,40,42,41.0
1454,40,42,41.0
1454,40,42,41.0
1454,40,42,41.0
1454,40,42,41.0
1455,40,42,41.0
1456,40,42,41.0
1456,40,42,41.0
1456,40,42,41.0
1457,40,42,41.0
1457,40,42,41.0
1457,40,42,41.0
1457,40,42,41.0
1458,40,42,41.0
1458,40,42,41.0
1458,40,42,41.0
1459,40,42,41.0
1459,40,42,41.0
1459,40,42,41.0
1459,40,42,41.0
1460,40,42,41.0
1460,40,42,41.0
1460,40,42,41.0
1462,40,42,41.0
1462,40,42,41.0
1462,40,42,41.0
1462,40,42,41.0
1462,40,42,41.0
1462,40,42,41.0
1464,40,42,41.0
1464,40,42,41.0
1464,40,42,41.0
1464,40,42,41.0
1464,40,42,41.0
1466,40,42,41.0
1466,40,42,41.0
1466,40,42,41.0
1466,40,42,41.0
1466,40,42,41.0
1472,40,42,41.0
1472,40,42,41.0
1472,40,42,41.0
1472,40,42,41.0
1472,40,42,41.0
1472,40,42,41.0
1472,40,42,41.0
1472,40,42,41.0
1472,40,42,41.0
1472,40,42,41.0
1473,40,42,41.0
1473,40,42,41.0
1473,40,42,41.0
1473,40,42,41.0
1473,40,42,41.0
1473,40,42,41.0
1474,40,42,41.0
1474,40,42,41.0
1476,40,42,41.0
1476,40,42,41.0
1476,40,42,41.0
1476,40,42,41.0
1476,40,42,41.0
1476,40,42,41.0
1476,40,42,41.0
1476,40,42,41.0
1476,40,42,41.0
1476,40,42,41.0
1476,40,42,41.0
1476,40,42,41.0
1476,40,42,41.0
1476,40,42,41.0
1476,40,42,41.0
1476,40,42,41.0
1476,40,42,41.0
1476,40,42,41.0
1476,40,42,41.0
1476,40,42,41.0
1476,40,42,41.0
1476,40,42,41.0
1476,40,42,41.0
1476,40,42,41.0
1476,40,42,41.0
1476,40,42,41.0
1476,40,42,41.0
1476,40,42,41.0
1476,40,42,41.0
1476,40,42,41.0
1476,40,42,41.0
1476,40,42,41.0
1476,40,42,41.0
1476,40,42,41.0
1476,40,42,41.0
1476,40,42,41.0
1476,40,42,41.0
1476,39,42,40.5
1476,39,42,40.5
1476,39,42,40.5
1476,39,42,40.5
1476,39,42,40.5
1476,39,42,40.5
1476,39,42,40.5
1476,39,42,40.5
1476,39,42,40.5
1476,39,42,40.5
1476,39,42,40.5
1476,39,42,40.5
1476,39,42,40.5
1476,39,42,40.5
1476,39,42,40.5
1476,39,42,40.5
1476,39,42,40.5
1476,39,42,40.5
1476,39,42,40.5
1476,39,42,40.5
1476,39,42,40.5
1476,39,42,40.5
1476,39,42,40.5
1476,39,42,40.5
1476,39,42,40.5
1476,39,42,40.5
1476,39,42,40.5
1476,39,42,40.5
1476,39,42,40.5
1476,39,42,40.5
1476,39,42,40.5
1476,39,42,40.5
1476,39,42,40.5
1476,39,42,40.5
1476,39,42,40.5
1476,39,42,40.5
1476,39,42,40.5
1476,39,42,40.5
1476,39,42,40.5
1476,39,42,40.5
1476,39,42,40.5
1476,39,42,40.5
1476,39,42,40.5
1476,39,42,40.5
1476,39,42,40.5
1476,39,42,40.5
1477,39,42,40.5
1477,39,42,40.5
1477,39,42,40.5
1477,39,42,40.5
1477,39,42,40.5
1477,39,42,40.5
1477,39,42,40.5
1477,39,42,40.5
1477,39,42,40.5
1477,39,42,40.5
1477,39,42,40.5
1477,39,42,40.5
1477,39,42,40.5
1477,39,42,40.5
1477,39,42,40.5
1477,39,42,40.5
1477,39,42,40.5
1477,39,42,40.5
1477,39,42,40.5
1477,39,42,40.5
1477,39,42,40.5
1477,39,42,40.5
1477,39,42,40.5
1477,39,42,40.5
1477,39,42,40.5
1477,39,42,40.5
1477,39,42,40.5
1477,39,42,40.5
1477,39,42,40.5
1477,39,42,40.5
1477,39,42,40.5
1477,39,42,40.5
1477,39,42,40.5
1477,39,42,40.5
1477,39,42,40.5
1477,39,42,40.5
1477,39,42,40.5
1477,39,42,40.5
1477,39,42,40.5
1477,39,43,41.0
1477,39,43,41.0
1477,39,43,41.0
1477,39,43,41.0
1477,39,43,41.0
1477,39,43,41.0
1477,39,43,41.0
1477,39,43,41.0
1477,39,43,41.0
1477,39,43,41.0
1477,39,43,41.0
1477,39,43,41.0
1477,39,43,41.0
1477,39,43,41.0
1477,39,43,41.0
1477,39,43,41.0
1477,39,43,41.0
1477,39,43,41.0
1477,39,43,41.0
1477,39,43,41.0
1477,39,43,41.0
1477,39,43,41.0
1477,39,43,41.0
1477,39,43,41.0
1477,39,43,41.0
1478,39,43,41.0
1478,39,43,41.0
1478,39,43,41.0
1478,39,43,41.0
1478,39,43,41.0
1478,39,43,41.0
1478,39,43,41.0
1478,39,43,41.0
1478,39,43,41.0
1478,39,43,41.0
1478,39,43,41.0
1478,39,43,41.0
1478,39,43,41.0
1478,39,43,41.0
1478,39,43,41.0
1478,39,43,41.0
1478,39,43,41.0
1478,39,43,41.0
1478,39,43,41.0
1478,39,43,41.0
1478,39,43,41.0
1478,39,43,41.0
1478,39,43,41.0
1478,39,43,41.0
1478,39,43,41.0
1478,39,43,41.0
1478,39,43,41.0
1478,39,43,41.0
1478,39,43,41.0
1478,39,43,41.0
1478,39,43,41.0
1478,39,43,41.0
1478,39,43,41.0
1478,39,43,41.0
1478,39,43,41.0
1478,39,43,41.0
1478,39,43,41.0
1478,39,43,41.0
1478,39,43,41.0
1478,39,43,41.0
1478,39,43,41.0
1478,39,43,41.0
1478,39,43,41.0
1478,39,43,41.0
1478,39,43,41.0
1478,39,43,41.0
1478,39,43,41.0
1478,39,43,41.0
1478,39,43,41.0
1478,39,43,41.0
1478,39,43,41.0
1478,39,43,41.0
1478,39,43,41.0
1478,39,43,41.0
1478,39,43,41.0
1478,39,43,41.0
1479,39,43,41.0
1479,39,43,41.0
1479,39,43,41.0
1480,39,43,41.0
1480,39,43,41.0
1480,39,43,41.0
1480,39,43,41.0
1480,39,43,41.0
1480,39,43,41.0
1480,39,43,41.0
1480,39,43,41.0
1480,39,43,41.0
1480,39,43,41.0
1480,39,43,41.0
1480,39,43,41.0
1480,39,43,41.0
1480,39,43,41.0
1480,39,43,41.0
1480,39,43,41.0
1480,39,43,41.0
1480,39,43,41.0
1480,39,43,41.0
1481,39,43,41.0
1481,39,43,41.0
1481,39,43,41.0
1481,39,43,41.0
1481,39,43,41.0
1481,39,43,41.0
1481,39,43,41.0
1481,39,43,41.0
1481,39,43,41.0
1482,39,43,41.0
1482,39,43,41.0
1482,39,43,41.0
1482,39,43,41.0
1482,39,43,41.0
1482,39,43,41.0
1482,39,43,41.0
1482,39,43,41.0
1482,39,43,41.0
1482,39,43,41.0
1483,39,43,41.0
1483,39,43,41.0
1483,39,43,41.0
1483,39,43,41.0
1483,39,43,41.0
1483,39,43,41.0
1483,39,43,41.0
1483,39,43,41.0
1483,39,43,41.0
1483,39,43,41.0
1484,39,43,41.0
1484,39,43,41.0
1484,39,43,41.0
1484,39,43,41.0
1484,39,43,41.0
1484,39,43,41.0
1484,39,43,41.0
1484,39,43,41.0
1484,39,44,41.5
1484,39,44,41.5
1484,39,44,41.5
1484,39,44,41.5
1484,39,44,41.5
1484,39,44,41.5
1484,39,44,41.5
1484,39,44,41.5
1484,39,44,41.5
1484,39,44,41.5
1484,39,44,41.5
1484,39,44,41.5
1484,39,44,41.5
1484,39,44,41.5
1484,39,44,41.5
1484,39,44,41.5
1484,39,44,41.5
1484,39,44,41.5
1484,39,44,41.5
1484,39,44,41.5
1484,39,44,41.5
1484,39,44,41.5
1484,39,44,41.5
1484,39,44,41.5
1484,39,44,41.5
1484,39,44,41.5
1484,39,44,41.5
1484,39,44,41.5
1484,39,44,41.5
1484,39,44,41.5
1484,39,44,41.5
1484,39,44,41.5
1484,39,44,41.5
1484,39,44,41.5
1484,39,44,41.5
1484,39,44,41.5
1484,39,44,41.5
1484,39,44,41.5
1484,39,44,41.5
1484,39,44,41.5
1484,39,44,41.5
1484,39,44,41.5
1484,39,44,41.5
1484,39,44,41.5
1484,40,44,42.0
1484,40,44,42.0
1484,40,44,42.0
1484,40,44,42.0
1484,40,44,42.0
1484,40,44,42.0
1484,40,44,42.0
1484,40,44,42.0
1484,40,44,42.0
1484,40,44,42.0
1484,40,44,42.0
1484,40,44,42.0
1484,40,44,42.0
1484,40,44,42.0
1484,40,44,42.0
1484,40,44,42.0
1484,40,44,42.0
1484,40,44,42.0
1484,40,44,42.0
1484,40,44,42.0
1484,40,44,42.0
1484,40,44,42.0
1484,40,44,42.0
1484,40,44,42.0
1484,40,44,42.0
1484,40,44,42.0
1484,40,44,42.0
1484,40,44,42.0
1484,40,44,42.0
1484,40,44,42.0
1484,40,44,42.0
1484,39,44,41.5
1484,39,44,41.5
1484,39,44,41.5
1484,40,44,42.0
1484,40,44,42.0
1484,40,44,42.0
1484,40,44,42.0
1484,40,44,42.0
1484,40,44,42.0
1484,40,44,42.0
1484,40,44,42.0
1484,40,44,42.0
1484,40,44,42.0
1484,40,44,42.0
1484,40,44,42.0
1484,40,44,42.0
1484,40,44,42.0
1484,40,44,42.0
1484,40,44,42.0
1484,40,44,42.0
1484,40,44,42.0
1484,40,44,42.0
1484,40,44,42.0
1484,40,44,42.0
1485,40,44,42.0
1485,40,44,42.0
1485,40,44,42.0
1485,40,44,42.0
1485,40,44,42.0
1485,40,44,42.0
1485,40,44,42.0
1485,40,44,42.0
1485,40,44,42.0
1485,40,44,42.0
1485,40,44,42.0
1485,40,44,42.0
1485,40,44,42.0
1485,40,44,42.0
1485,40,44,42.0
1485,40,44,42.0
1485,40,44,42.0
1485,40,44,42.0
1485,40,44,42.0
1485,40,44,42.0
1485,40,44,42.0
1485,40,44,42.0
1485,40,44,42.0
1485,40,44,42.0
1485,40,44,42.0
1485,40,44,42.0
1485,40,44,42.0
1485,40,44,42.0
1485,40,44,42.0
1485,41,44,42.5
1485,41,44,42.5
1485,41,44,42.5
1485,41,44,42.5
1485,41,44,42.5
1485,41,44,42.5
1485,41,44,42.5
1485,41,44,42.5
1485,41,44,42.5
1485,41,44,42.5
1485,41,44,42.5
1485,41,44,42.5
1485,41,44,42.5
1485,41,44,42.5
1485,41,44,42.5
1485,41,44,42.5
1485,41,44,42.5
1485,42,44,43.0
1485,42,44,43.0
1485,42,44,43.0
1485,42,44,43.0
1485,42,44,43.0
1485,42,44,43.0
1485,42,44,43.0
1485,42,44,43.0
1485,43,44,43.5
1485,43,44,43.5
1485,43,44,43.5
1485,43,44,43.5
1485,43,44,43.5
1485,43,44,43.5
1485,43,44,43.5
1485,43,44,43.5
1485,43,44,43.5
1485,43,44,43.5
1485,43,44,43.5
1485,43,44,43.5
1485,43,44,43.5
1485,43,44,43.5
1485,43,44,43.5
1485,43,44,43.5
1485,43,44,43.5
1485,43,44,43.5
1485,43,44,43.5
1485,43,44,43.5
1485,43,44,43.5
1485,43,45,44.0
1485,43,45,44.0
1485,43,45,44.0
1485,43,45,44.0
1485,43,45,44.0
1485,43,45,44.0
1485,43,45,44.0
1485,43,45,44.0
1485,43,45,44.0
1485,43,45,44.0
1485,43,45,44.0
1485,43,45,44.0
1485,43,45,44.0
1485,43,45,44.0
1485,43,45,44.0
1485,43,45,44.0
1485,43,45,44.0
1485,43,45,44.0
1485,43,45,44.0
1485,43,45,44.0
1485,43,45,44.0
1485,43,45,44.0
1485,43,45,44.0
1485,43,45,44.0
1485,43,45,44.0
1485,43,45,44.0
1485,43,45,44.0
1485,43,45,44.0
1485,43,45,44.0
1485,43,45,44.0
1485,43,45,44.0
1485,43,45,44.0
1485,43,45,44.0
1485,43,45,44.0
1485,43,45,44.0
1485,43,45,44.0
1485,43,45,44.0
1485,43,45,44.0
1485,43,45,44.0
1485,43,45,44.0
1485,43,45,44.0
1485,43,45,44.0
1485,43,45,44.0
1485,43,45,44.0
1485,43,45,44.0
1485,43,45,44.0
1485,43,45,44.0
1485,43,45,44.0
1485,43,45,44.0
1485,43,45,44.0
1486,43,45,44.0
1486,43,45,44.0
1486,43,45,44.0
1486,43,45,44.0
1486,43,45,44.0
1486,43,45,44.0
1486,43,45,44.0
1486,43,45,44.0
1486,43,45,44.0
1486,43,45,44.0
1486,43,45,44.0
1486,43,45,44.0
1486,43,45,44.0
1486,43,45,44.0
1486,43,45,44.0
1486,43,45,44.0
1486,43,45,44.0
1486,43,45,44.0
1486,43,45,44.0
1486,43,45,44.0
1486,43,45,44.0
1486,43,45,44.0
1486,43,45,44.0
1486,43,45,44.0
1486,43,45,44.0
1486,43,45,44.0
1486,43,45,44.0
1486,43,45,44.0
1486,43,45,44.0
1486,43,45,44.0
1486,43,45,44.0
1486,43,45,44.0
1486,43,45,44.0
1486,43,45,44.0
1486,43,45,44.0
1486,43,45,44.0
1486,43,45,44.0
1486,43,45,44.0
1486,43,45,44.0
1486,43,45,44.0
1486,43,45,44.0
1486,43,45,44.0
1486,43,45,44.0
1486,43,45,44.0
1486,43,45,44.0
1486,43,45,44.0
1486,43,45,44.0
1486,43,45,44.0
1487,43,45,44.0
1487,43,45,44.0
1487,43,45,44.0
1487,43,45,44.0
1487,43,45,44.0
1487,43,45,44.0
1487,43,45,44.0
1487,43,45,44.0
1487,43,45,44.0
1487,43,45,44.0
1487,43,45,44.0
1487,43,45,44.0
1487,43,45,44.0
1487,43,45,44.0
1487,43,45,44.0
1487,43,45,44.0
1487,43,45,44.0
1487,43,45,44.0
1487,43,45,44.0
1488,43,45,44.0
1488,43,45,44.0
1488,43,45,44.0
1488,43,45,44.0
1488,43,45,44.0
1488,43,45,44.0
1488,43,45,44.0
1488,43,45,44.0
1488,43,45,44.0
1488,44,45,44.5
1488,44,45,44.5
1488,44,45,44.5
1488,44,45,44.5
1488,44,45,44.5
1488,44,45,44.5
1488,44,45,44.5
1488,44,45,44.5
1488,44,45,44.5
1488,44,45,44.5
1488,44,45,44.5
1488,44,45,44.5
1488,44,45,44.5
1488,44,45,44.5
1488,44,45,44.5
1488,44,45,44.5
1488,44,45,44.5
1488,44,45,44.5
1488,44,45,44.5
1488,44,45,44.5
1488,44,45,44.5
1488,44,45,44.5
1488,44,45,44.5
1488,44,45,44.5
1489,44,45,44.5
1489,44,45,44.5
1489,44,45,44.5
1489,44,45,44.5
1489,44,45,44.5
1489,44,45,44.5
1489,44,45,44.5
1489,44,45,44.5
1489,44,45,44.5
1489,44,45,44.5
1489,44,45,44.5
1489,44,45,44.5
1489,44,45,44.5
1490,44,45,44.5
1490,44,45,44.5
1490,44,45,44.5
1490,44,45,44.5
1490,44,45,44.5
1490,44,45,44.5
1490,44,45,44.5
1490,44,45,44.5
1490,44,45,44.5
1490,44,45,44.5
1490,44,45,44.5
1490,44,45,44.5
1490,44,45,44.5
1490,44,45,44.5
1490,44,45,44.5
1490,44,45,44.5
1490,44,45,44.5
1491,44,45,44.5
1491,44,45,44.5
1491,44,45,44.5
1491,44,45,44.5
1491,44,45,44.5
1491,44,45,44.5
1491,44,45,44.5
1491,44,45,44.5
1491,44,45,44.5
1491,44,45,44.5
1491,44,45,44.5
1491,44,45,44.5
1491,44,45,44.5
1491,44,45,44.5
1491,44,45,44.5
1491,44,45,44.5
1492,44,45,44.5
1492,44,45,44.5
1492,44,45,44.5
1492,44,45,44.5
1493,44,45,44.5
1493,44,45,44.5
1493,44,45,44.5
1493,44,45,44.5
1493,44,45,44.5
1493,44,45,44.5
1493,44,45,44.5
1493,44,45,44.5
1493,44,45,44.5
1493,44,45,44.5
1493,44,45,44.5
1493,44,45,44.5
1493,44,45,44.5
1493,44,45,44.5
1493,44,45,44.5
1493,44,45,44.5
1493,44,45,44.5
1494,44,45,44.5
1494,44,45,44.5
1494,44,45,44.5
1494,44,45,44.5
1494,44,45,44.5
1494,44,45,44.5
1494,44,45,44.5
1494,44,45,44.5
1494,44,45,44.5
1494,44,45,44.5
1494,44,45,44.5
1495,44,45,44.5
1495,44,45,44.5
1495,44,45,44.5
1495,44,45,44.5
1495,44,45,44.5
1495,44,45,44.5
1495,44,45,44.5
1495,44,45,44.5
1496,44,45,44.5
1496,44,45,44.5
1496,44,45,44.5
1496,44,45,44.5
1496,44,45,44.5
1496,44,45,44.5
1496,44,45,44.5
1496,44,45,44.5
1496,44,45,44.5
1496,44,45,44.5
1496,44,45,44.5
1497,44,45,44.5
1497,44,45,44.5
1497,44,45,44.5
1497,44,45,44.5
1497,44,45,44.5
1498,44,45,44.5
1498,44,45,44.5
1498,44,45,44.5
1498,44,45,44.5
1498,44,45,44.5
1499,44,45,44.5
1499,44,45,44.5
1499,44,45,44.5
1499,44,45,44.5
1499,44,45,44.5
1499,44,45,44.5
1499,44,45,44.5
1499,44,45,44.5
1499,43,45,44.0
1499,43,45,44.0
1499,43,45,44.0
1499,43,45,44.0
1499,43,45,44.0
1499,43,45,44.0
1499,43,45,44.0
1499,43,45,44.0
1499,43,45,44.0
1499,43,45,44.0
1499,43,45,44.0
1499,43,45,44.0
1499,43,45,44.0
1499,43,45,44.0
1499,43,45,44.0
1499,43,45,44.0
1499,43,45,44.0
1499,43,45,44.0
1499,43,45,44.0
1499,43,45,44.0
1499,43,45,44.0
1499,43,45,44.0
1499,44,45,44.5
1499,44,45,44.5
1499,44,45,44.5
1499,44,45,44.5
1499,44,45,44.5
1499,44,45,44.5
1499,44,45,44.5
1499,44,45,44.5
1499,44,45,44.5
1499,44,45,44.5
1499,44,45,44.5
1499,44,45,44.5
1499,44,45,44.5
1499,44,45,44.5
1499,44,45,44.5
1499,44,45,44.5
1499,42,45,43.5
1499,42,45,43.5
1499,42,45,43.5
1499,42,45,43.5
1499,42,45,43.5
1499,42,45,43.5
1499,42,45,43.5
1499,42,45,43.5
1499,42,46,44.0
1499,42,46,44.0
1499,42,46,44.0
1499,42,46,44.0
1499,42,46,44.0
1499,42,46,44.0
1499,42,46,44.0
1499,42,46,44.0
1499,42,46,44.0
1499,42,46,44.0
1499,42,45,43.5
1499,42,45,43.5
1499,42,45,43.5
1499,42,45,43.5
1499,42,45,43.5
1499,42,45,43.5
1499,42,45,43.5
1499,42,45,43.5
1499,42,45,43.5
1499,42,45,43.5
1499,42,45,43.5
1499,42,45,43.5
1499,42,45,43.5
1499,42,45,43.5
1499,42,45,43.5
1499,42,45,43.5
1499,42,45,43.5
1499,42,45,43.5
1499,42,45,43.5
1499,42,45,43.5
1499,42,45,43.5
1499,42,45,43.5
1499,42,45,43.5
1499,42,45,43.5
1499,42,45,43.5
1499,42,45,43.5
1499,42,45,43.5
1499,42,45,43.5
1499,42,45,43.5
1499,42,45,43.5
1499,42,45,43.5
1499,42,45,43.5
1499,42,45,43.5
1499,42,45,43.5
1499,42,45,43.5
1499,42,45,43.5
1499,42,45,43.5
1499,42,45,43.5
1499,42,45,43.5
1499,42,45,43.5
1499,42,45,43.5
1499,42,45,43.5
1499,42,45,43.5
1499,42,45,43.5
1499,42,45,43.5
1499,42,45,43.5
1499,42,45,43.5
1499,42,45,43.5
1499,42,45,43.5
1499,42,45,43.5
1499,42,45,43.5
1499,42,45,43.5
1499,42,45,43.5
1499,42,45,43.5
1499,42,45,43.5
1499,42,45,43.5
1499,42,45,43.5
1499,42,45,43.5
1499,42,45,43.5
1499,42,45,43.5
1499,42,45,43.5
1499,42,45,43.5
1499,42,45,43.5
1499,42,45,43.5
1499,42,45,43.5
1499,42,45,43.5
1500,42,45,43.5
1500,42,45,43.5
1500,42,45,43.5
1500,42,45,43.5
1500,42,45,43.5
1500,42,45,43.5
1500,42,45,43.5
1500,42,45,43.5
1500,42,45,43.5
1500,42,45,43.5
1500,42,45,43.5
1500,42,45,43.5
1500,42,45,43.5
1500,42,45,43.5
1500,42,45,43.5
1500,42,45,43.5
1500,42,45,43.5
1500,42,45,43.5
1500,42,45,43.5
1500,42,45,43.5
1500,42,45,43.5
1500,42,45,43.5
1500,39,45,42.0
1500,39,45,42.0
1500,39,45,42.0
1500,39,45,42.0
1500,39,45,42.0
1500,39,45,42.0
1500,39,45,42.0
1500,39,45,42.0
1500,39,45,42.0
1500,39,45,42.0
1500,39,46,42.5
1500,39,46,42.5
1500,41,46,43.5
1500,41,46,43.5
1500,41,46,43.5
1500,41,46,43.5
1500,41,46,43.5
1500,41,46,43.5
1500,41,46,43.5
1500,41,46,43.5
1500,41,46,43.5
1500,41,46,43.5
1500,41,46,43.5
1500,41,46,43.5
1500,41,46,43.5
1500,41,46,43.5
1500,41,46,43.5
1500,41,46,43.5
1500,41,46,43.5
1500,41,46,43.5
1500,41,46,43.5
1500,41,46,43.5
1500,41,46,43.5
1500,41,46,43.5
1500,41,46,43.5
1500,41,46,43.5
1500,41,46,43.5
1500,41,46,43.5
1500,41,46,43.5
1500,41,46,43.5
1500,41,46,43.5
1500,41,46,43.5
1500,41,46,43.5
1500,41,46,43.5
1500,41,46,43.5
1500,41,46,43.5
1500,41,46,43.5
1501,41,46,43.5
1501,41,46,43.5
1501,41,46,43.5
1501,41,46,43.5
1501,41,46,43.5
1501,41,46,43.5
1501,41,46,43.5
1501,41,46,43.5
1501,41,46,43.5
1501,41,46,43.5
1501,41,46,43.5
1501,41,46,43.5
1501,41,46,43.5
1501,41,46,43.5
1501,41,46,43.5
1501,41,46,43.5
1502,41,46,43.5
1502,41,46,43.5
1502,41,46,43.5
1503,41,46,43.5
1503,41,46,43.5
1503,41,46,43.5
1503,41,46,43.5
1503,41,46,43.5
1503,41,46,43.5
1503,41,46,43.5
1504,41,46,43.5
1504,41,46,43.5
1504,41,46,43.5
1505,41,46,43.5
1505,41,46,43.5
1505,41,46,43.5
1505,41,46,43.5
1505,41,46,43.5
1505,41,46,43.5
1505,41,46,43.5
1505,41,46,43.5
1505,41,46,43.5
1505,41,46,43.5
1505,41,46,43.5
1505,41,46,43.5
1505,41,46,43.5
1505,41,46,43.5
1505,41,46,43.5
1505,41,46,43.5
1506,41,46,43.5
1506,41,46,43.5
1506,41,46,43.5
1506,41,46,43.5
1506,41,46,43.5
1506,41,47,44.0
1506,41,47,44.0
1506,41,47,44.0
1506,41,47,44.0
1506,41,46,43.5
1507,41,46,43.5
1507,41,46,43.5
1507,41,46,43.5
1507,41,46,43.5
1507,41,46,43.5
1507,41,46,43.5
1507,41,45,43.0
1507,41,45,43.0
1507,41,45,43.0
1507,41,45,43.0
1507,41,45,43.0
1507,41,45,43.0
1507,41,45,43.0
1507,41,45,43.0
1507,41,45,43.0
1507,41,45,43.0
1507,41,45,43.0
1507,41,45,43.0
1507,41,45,43.0
1507,41,45,43.0
1507,41,45,43.0
1507,41,45,43.0
1507,41,45,43.0
1507,41,45,43.0
1507,41,45,43.0
1507,41,45,43.0
1507,41,45,43.0
1507,41,45,43.0
1507,41,45,43.0
1507,41,45,43.0
1507,41,45,43.0
1507,41,45,43.0
1507,41,45,43.0
1507,41,45,43.0
1507,41,44,42.5
1507,41,44,42.5
1507,41,44,42.5
1507,41,44,42.5
1507,41,44,42.5
1507,41,44,42.5
1507,41,44,42.5
1507,41,44,42.5
1507,41,44,42.5
1507,41,44,42.5
1507,41,44,42.5
1507,41,44,42.5
1507,41,44,42.5
1507,41,44,42.5
1507,41,44,42.5
1507,41,44,42.5
1507,41,44,42.5
1507,41,44,42.5
1507,41,44,42.5
1507,41,44,42.5
1507,41,44,42.5
1507,41,44,42.5
1507,41,44,42.5
1507,41,44,42.5
1507,41,44,42.5
1507,41,43,42.0
1507,41,43,42.0
1507,41,43,42.0
1507,41,43,42.0
1507,41,43,42.0
1507,41,43,42.0
1507,41,43,42.0
1507,41,43,42.0
1507,41,43,42.0
1507,41,43,42.0
1507,41,43,42.0
1507,41,43,42.0
1507,41,43,42.0
1507,41,43,42.0
1507,41,43,42.0
1507,41,43,42.0
1507,41,43,42.0
1507,41,43,42.0
1507,41,44,42.5
1507,41,44,42.5
1507,41,44,42.5
1507,41,44,42.5
1507,41,44,42.5
1508,41,44,42.5
1508,41,44,42.5
1508,41,44,42.5
1508,41,44,42.5
1508,41,44,42.5
1508,41,44,42.5
1508,41,44,42.5
1508,41,44,42.5
1508,41,44,42.5
1508,41,44,42.5
1508,41,44,42.5
1508,41,44,42.5
1508,41,44,42.5
1508,41,44,42.5
1508,41,44,42.5
1508,41,43,42.0
1508,41,43,42.0
1508,41,43,42.0
1508,41,43,42.0
1508,41,43,42.0
1508,41,43,42.0
1508,41,43,42.0
1508,41,43,42.0
1508,41,43,42.0
1508,41,43,42.0
1508,41,43,42.0
1508,41,43,42.0
1508,41,43,42.0
1508,41,43,42.0
1508,41,43,42.0
1508,41,43,42.0
1508,41,43,42.0
1508,41,43,42.0
1508,41,43,42.0
1508,41,43,42.0
1508,41,43,42.0
1508,41,43,42.0
1508,41,43,42.0
1508,41,43,42.0
1508,41,43,42.0
1508,41,43,42.0
1508,41,43,42.0
1508,41,43,42.0
1508,41,43,42.0
1508,41,43,42.0
1508,41,43,42.0
1508,41,43,42.0
1508,41,43,42.0
1508,41,43,42.0
1508,41,43,42.0
1508,41,43,42.0
1508,41,43,42.0
1508,41,43,42.0
1508,41,43,42.0
1508,41,43,42.0
1508,41,43,42.0
1508,41,43,42.0
1508,41,43,42.0
1508,41,43,42.0
1508,41,43,42.0
1508,41,43,42.0
1508,41,43,42.0
1508,41,43,42.0
1508,41,43,42.0
1508,41,43,42.0
1508,41,43,42.0
1508,41,43,42.0
1508,41,43,42.0
1508,41,43,42.0
1508,41,43,42.0
1508,41,43,42.0
1508,41,43,42.0
1508,41,43,42.0
1508,41,43,42.0
1508,41,43,42.0
1508,41,43,42.0
1508,41,43,42.0
1508,41,43,42.0
1508,41,43,42.0
1508,41,43,42.0
1508,41,43,42.0
1508,41,43,42.0
1508,41,43,42.0
1508,41,43,42.0
1508,41,43,42.0
1508,41,43,42.0
1508,41,43,42.0
1508,41,43,42.0
1508,41,43,42.0
1508,41,43,42.0
1508,41,43,42.0
1508,41,43,42.0
1508,41,43,42.0
1508,41,44,42.5
1508,41,44,42.5
1508,41,44,42.5
1508,41,44,42.5
1508,41,44,42.5
1508,41,44,42.5
1508,41,44,42.5
1508,41,44,42.5
1508,41,44,42.5
1508,41,44,42.5
1508,41,44,42.5
1508,41,44,42.5
1508,41,44,42.5
1508,41,44,42.5
1508,41,44,42.5
1508,41,44,42.5
1508,41,44,42.5
1508,41,44,42.5
1508,41,44,42.5
1508,41,44,42.5
1508,41,43,42.0
1508,41,43,42.0
1508,41,43,42.0
1508,41,43,42.0
1508,41,43,42.0
1508,41,43,42.0
1508,41,43,42.0
1508,41,43,42.0
1508,41,43,42.0
1508,41,43,42.0
1508,41,43,42.0
1508,41,43,42.0
1508,41,43,42.0
1508,41,44,42.5
1508,41,44,42.5
1509,41,44,42.5
1509,41,44,42.5
1509,41,44,42.5
1509,41,44,42.5
1509,41,44,42.5
1509,41,44,42.5
1509,41,44,42.5
1509,41,44,42.5
1509,41,44,42.5
1509,41,44,42.5
1509,41,44,42.5
1509,41,44,42.5
1509,41,44,42.5
1509,41,44,42.5
1509,41,44,42.5
1509,41,43,42.0
1509,41,43,42.0
1509,41,43,42.0
1509,41,43,42.0
1509,41,43,42.0
1509,41,43,42.0
1509,41,43,42.0
1509,41,43,42.0
1509,41,43,42.0
1509,41,43,42.0
1509,41,43,42.0
1509,41,43,42.0
1509,41,43,42.0
1509,41,43,42.0
1509,41,43,42.0
1509,41,43,42.0
1509,41,43,42.0
1509,41,43,42.0
1509,41,43,42.0
1509,41,43,42.0
1509,41,43,42.0
1509,41,43,42.0
1509,41,43,42.0
1509,41,43,42.0
1509,41,43,42.0
1509,41,43,42.0
1509,41,43,42.0
1509,41,44,42.5
1509,41,44,42.5
1509,41,44,42.5
1509,41,44,42.5
1509,41,44,42.5
1509,41,44,42.5
1509,41,44,42.5
1509,41,44,42.5
1509,41,44,42.5
1509,41,44,42.5
1509,41,44,42.5
1509,41,43,42.0
1509,41,43,42.0
1509,41,43,42.0
1509,41,43,42.0
1509,41,43,42.0
1509,41,43,42.0
1509,41,43,42.0
1509,41,43,42.0
1509,41,43,42.0
1509,41,43,42.0
1509,41,43,42.0
1509,41,43,42.0
1509,41,43,42.0
1509,41,43,42.0
1509,41,43,42.0
1509,41,43,42.0
1509,41,43,42.0
1509,41,44,42.5
1509,41,44,42.5
1509,41,44,42.5
1509,41,44,42.5
1509,41,44,42.5
1509,41,44,42.5
1509,41,44,42.5
1509,41,44,42.5
1509,41,44,42.5
1509,41,43,42.0
1509,41,43,42.0
1509,41,43,42.0
1509,41,43,42.0
1509,41,43,42.0
1509,41,43,42.0
1509,41,43,42.0
1509,41,43,42.0
1509,41,43,42.0
1509,41,43,42.0
1509,41,43,42.0
1509,41,43,42.0
1509,41,43,42.0
1509,41,43,42.0
1509,41,43,42.0
1509,41,43,42.0
1509,41,43,42.0
1509,41,43,42.0
1509,41,43,42.0
1510,41,43,42.0
1510,41,43,42.0
1510,41,43,42.0
1510,41,43,42.0
1510,41,43,42.0
1510,41,43,42.0
1510,41,42,41.5
1510,41,42,41.5
1510,41,42,41.5
1510,41,42,41.5
1510,41,42,41.5
1510,41,42,41.5
1510,41,42,41.5
1510,41,42,41.5
1510,41,42,41.5
1510,41,42,41.5
1510,41,42,41.5
1510,41,42,41.5
1510,41,42,41.5
1510,41,42,41.5
1510,41,42,41.5
1510,41,42,41.5
1510,41,42,41.5
1510,41,42,41.5
1510,41,42,41.5
1510,41,42,41.5
1510,41,42,41.5
1510,41,42,41.5
1510,41,42,41.5
1510,41,42,41.5
1510,41,42,41.5
1510,41,42,41.5
1510,41,42,41.5
1510,41,42,41.5
1511,41,42,41.5
1511,41,42,41.5
1511,41,42,41.5
1511,41,42,41.5
1511,41,42,41.5
1511,41,42,41.5
1511,41,42,41.5
1511,41,42,41.5
1511,41,42,41.5
1511,41,42,41.5
1511,41,42,41.5
1511,41,42,41.5
1511,41,42,41.5
1511,41,42,41.5
1511,41,42,41.5
1511,41,42,41.5
1511,41,42,41.5
1511,41,42,41.5
1511,41,42,41.5
1511,41,42,41.5
1511,41,42,41.5
1511,41,42,41.5
1511,41,42,41.5
1511,41,42,41.5
1512,41,42,41.5
1512,41,42,41.5
1512,41,42,41.5
1512,41,42,41.5
1512,41,42,41.5
1512,41,42,41.5
1512,41,42,41.5
1512,41,42,41.5
1512,41,42,41.5
1512,41,42,41.5
1512,41,42,41.5
1512,41,42,41.5
1512,41,42,41.5
1513,41,42,41.5
1513,41,42,41.5
1513,41,42,41.5
1513,41,42,41.5
1513,41,42,41.5
1513,41,42,41.5
1513,41,42,41.5
1513,41,42,41.5
1513,41,42,41.5
1513,41,42,41.5
1513,41,42,41.5
1513,41,42,41.5
1513,41,42,41.5
1513,41,42,41.5
1513,41,42,41.5
1514,41,42,41.5
1514,41,42,41.5
1514,41,42,41.5
1514,41,42,41.5
1514,41,42,41.5
1514,41,42,41.5
1514,41,42,41.5
1515,41,42,41.5
1515,41,42,41.5
1515,41,42,41.5
1515,41,42,41.5
1515,41,42,41.5
1515,41,42,41.5
1515,41,42,41.5
1516,41,42,41.5
1516,41,42,41.5
1516,41,42,41.5
1516,41,42,41.5
1516,41,42,41.5
1516,41,42,41.5
1516,41,42,41.5
1516,41,42,41.5
1516,41,42,41.5
1516,41,42,41.5
1516,41,42,41.5
1516,41,42,41.5
1516,41,42,41.5
1516,41,42,41.5
1516,41,42,41.5
1516,41,42,41.5
1516,41,42,41.5
1516,41,42,41.5
1517,41,42,41.5
1517,41,42,41.5
1517,41,42,41.5
1517,41,42,41.5
1517,41,42,41.5
1517,41,42,41.5
1517,41,42,41.5
1517,41,42,41.5
1517,41,42,41.5
1517,41,42,41.5
1517,41,42,41.5
1517,41,42,41.5
1517,41,42,41.5
1517,41,42,41.5
1517,41,42,41.5
1517,41,42,41.5
1518,41,42,41.5
1518,41,42,41.5
1518,41,42,41.5
1518,41,42,41.5
1518,41,42,41.5
1518,41,42,41.5
1518,41,42,41.5
1518,41,42,41.5
1518,41,42,41.5
1519,41,42,41.5
1520,41,42,41.5
1520,41,42,41.5
1521,41,42,41.5
1521,41,42,41.5
1521,41,42,41.5
1521,41,42,41.5
1521,41,42,41.5
1521,41,42,41.5
1522,41,42,41.5
1522,41,42,41.5
1522,41,42,41.5
1522,41,42,41.5
1522,41,42,41.5
1523,41,42,41.5
1523,41,42,41.5
1523,41,42,41.5
1523,41,42,41.5
1523,41,42,41.5
1523,41,42,41.5
1523,41,42,41.5
1523,41,42,41.5
1523,41,42,41.5
1523,41,42,41.5
1523,41,42,41.5
1523,41,42,41.5
1523,41,42,41.5
1523,41,42,41.5
1523,41,42,41.5
1523,41,42,41.5
1523,41,42,41.5
1523,41,42,41.5
1523,41,42,41.5
1523,41,42,41.5
1523,40,42,41.0
1523,40,42,41.0
1523,40,42,41.0
1523,40,42,41.0
1523,40,42,41.0
1523,40,42,41.0
1523,40,42,41.0
1523,40,42,41.0
1523,40,42,41.0
1523,40,42,41.0
1523,40,42,41.0
1523,40,42,41.0
1523,40,42,41.0
1523,40,42,41.0
1523,39,42,40.5
1523,39,42,40.5
1523,39,42,40.5
1523,39,42,40.5
1523,39,42,40.5
1523,39,42,40.5
1523,40,42,41.0
1523,40,42,41.0
1523,40,42,41.0
1523,40,42,41.0
1523,40,42,41.0
1523,40,42,41.0
1523,40,42,41.0
1523,40,42,41.0
1523,40,42,41.0
1523,40,42,41.0
1523,40,42,41.0
1523,40,42,41.0
1523,40,42,41.0
1523,40,42,41.0
1523,40,42,41.0
1523,40,42,41.0
1523,40,42,41.0
1523,40,42,41.0
1523,40,42,41.0
1523,40,42,41.0
1523,40,42,41.0
1523,40,42,41.0
1523,40,42,41.0
1523,40,42,41.0
1523,40,42,41.0
1523,40,42,41.0
1523,40,42,41.0
1523,40,42,41.0
1523,40,42,41.0
1523,40,44,42.0
1523,40,44,42.0
1523,40,44,42.0
1523,40,44,42.0
1523,40,44,42.0
1523,40,44,42.0
1523,40,44,42.0
1523,40,44,42.0
1523,40,44,42.0
1523,40,44,42.0
1523,40,44,42.0
1523,40,44,42.0
1523,40,44,42.0
1523,40,44,42.0
1523,40,44,42.0
1523,40,44,42.0
1523,40,44,42.0
1523,40,44,42.0
1523,40,44,42.0
1523,40,44,42.0
1523,40,44,42.0
1523,40,44,42.0
1523,40,44,42.0
1523,40,44,42.0
1523,40,44,42.0
1523,40,44,42.0
1523,40,44,42.0
1523,40,44,42.0
1523,40,44,42.0
1523,40,44,42.0
1523,40,44,42.0
1523,40,44,42.0
1523,40,44,42.0
1523,40,44,42.0
1523,40,44,42.0
1523,40,44,42.0
1523,40,44,42.0
1523,40,44,42.0
1523,40,44,42.0
1523,40,44,42.0
1523,40,44,42.0
1523,40,44,42.0
1523,40,44,42.0
1523,40,44,42.0
1523,40,44,42.0
1523,40,44,42.0
1523,40,44,42.0
1523,40,44,42.0
1523,40,44,42.0
1523,40,44,42.0
1523,40,44,42.0
1523,40,44,42.0
1523,40,44,42.0
1523,40,44,42.0
1523,40,44,42.0
1523,40,44,42.0
1523,40,44,42.0
1523,40,44,42.0
1523,40,44,42.0
1523,40,44,42.0
1523,40,44,42.0
1523,40,44,42.0
1523,40,44,42.0
1523,40,44,42.0
1523,40,45,42.5
1523,40,45,42.5
1523,40,45,42.5
1524,40,45,42.5
1524,40,45,42.5
1524,40,45,42.5
1524,40,45,42.5
1524,40,45,42.5
1524,40,45,42.5
1524,40,45,42.5
1524,40,45,42.5
1524,40,45,42.5
1524,40,45,42.5
1524,40,45,42.5
1524,40,45,42.5
1524,40,45,42.5
1524,40,45,42.5
1524,40,45,42.5
1524,40,45,42.5
1524,40,45,42.5
1524,40,45,42.5
1524,40,45,42.5
1524,40,45,42.5
1524,40,45,42.5
1524,40,45,42.5
1524,40,45,42.5
1524,40,45,42.5
1525,40,45,42.5
1525,40,45,42.5
1525,40,45,42.5
1525,40,45,42.5
1525,40,45,42.5
1525,40,45,42.5
1525,40,45,42.5
1525,40,45,42.5
1525,40,45,42.5
1525,40,45,42.5
1525,40,45,42.5
1525,40,45,42.5
1525,40,45,42.5
1525,40,45,42.5
1525,40,45,42.5
1525,40,45,42.5
1525,40,45,42.5
1525,40,45,42.5
1525,40,45,42.5
1525,40,45,42.5
1525,40,45,42.5
1525,40,45,42.5
1525,40,45,42.5
1525,40,45,42.5
1525,40,45,42.5
1525,40,45,42.5
1525,40,45,42.5
1525,40,45,42.5
1525,40,45,42.5
1525,40,45,42.5
1525,40,45,42.5
1525,40,45,42.5
1525,40,45,42.5
1525,40,45,42.5
1526,40,45,42.5
1526,40,45,42.5
1526,40,45,42.5
1526,40,45,42.5
1526,40,45,42.5
1526,40,45,42.5
1527,40,45,42.5
1527,40,45,42.5
1527,40,45,42.5
1527,40,45,42.5
1527,40,45,42.5
1527,40,45,42.5
1527,40,45,42.5
1527,40,45,42.5
1527,40,45,42.5
1527,40,45,42.5
1527,40,45,42.5
1527,40,45,42.5
1527,40,45,42.5
1527,40,45,42.5
1527,40,45,42.5
1527,40,45,42.5
1527,40,45,42.5
1527,40,45,42.5
1527,40,45,42.5
1527,40,45,42.5
1527,40,45,42.5
1527,40,45,42.5
1527,40,45,42.5
1527,40,45,42.5
1527,40,44,42.0
1527,40,43,41.5
1527,40,43,41.5
1527,40,43,41.5
1527,40,43,41.5
1527,40,43,41.5
1527,40,43,41.5
1527,40,43,41.5
1527,40,43,41.5
1527,40,43,41.5
1527,40,43,41.5
1527,40,43,41.5
1527,40,43,41.5
1527,40,43,41.5
1527,40,43,41.5
1527,40,43,41.5
1527,40,43,41.5
1527,40,43,41.5
1527,40,43,41.5
1527,40,43,41.5
1527,40,42,41.0
1527,39,42,40.5
1527,39,42,40.5
1527,39,42,40.5
1527,39,42,40.5
1527,39,42,40.5
1527,39,42,40.5
1527,39,42,40.5
1527,39,42,40.5
1527,39,42,40.5
1527,39,42,40.5
1527,39,42,40.5
1527,39,42,40.5
1527,39,42,40.5
1527,39,42,40.5
1527,39,42,40.5
1527,39,42,40.5
1527,39,42,40.5
1527,39,42,40.5
1527,40,42,41.0
1527,40,42,41.0
1527,40,42,41.0
1527,40,42,41.0
1527,40,42,41.0
1527,40,42,41.0
1527,40,42,41.0
1527,40,42,41.0
1527,40,42,41.0
1527,40,42,41.0
1527,40,42,41.0
1527,40,42,41.0
1527,40,42,41.0
1527,40,41,40.5
1527,40,41,40.5
1527,40,41,40.5
1527,40,41,40.5
1527,40,41,40.5
1527,40,41,40.5
1527,40,41,40.5
1527,40,41,40.5
1527,40,41,40.5
1527,40,41,40.5
1527,40,41,40.5
1527,40,41,40.5
1527,40,41,40.5
1527,40,41,40.5
1527,40,41,40.5
1527,40,41,40.5
1527,40,41,40.5
1527,40,41,40.5
1527,40,41,40.5
1527,40,41,40.5
1527,40,41,40.5
1527,39,41,40.0
1527,39,40,39.5
1527,39,40,39.5
1527,39,40,39.5
1527,39,40,39.5
1527,39,40,39.5
1527,39,40,39.5
1527,39,40,39.5
1527,39,40,39.5
1527,39,40,39.5
1527,39,40,39.5
1527,39,40,39.5
1527,39,40,39.5
1527,39,40,39.5
1527,39,40,39.5
1527,39,40,39.5
1527,39,40,39.5
1527,39,40,39.5
1527,39,40,39.5
1528,39,40,39.5
1528,39,40,39.5
1528,39,40,39.5
1528,39,40,39.5
1528,39,40,39.5
1528,39,40,39.5
1528,39,40,39.5
1528,39,40,39.5
1528,39,40,39.5
1528,39,40,39.5
1528,39,40,39.5
1528,39,40,39.5
1528,39,40,39.5
1528,39,40,39.5
1528,39,40,39.5
1528,39,40,39.5
1528,39,40,39.5
1528,39,40,39.5
1528,39,40,39.5
1528,39,40,39.5
1528,39,40,39.5
1528,39,40,39.5
1528,39,40,39.5
1528,39,40,39.5
1528,39,40,39.5
1528,39,40,39.5
1528,39,40,39.5
1528,39,40,39.5
1528,39,40,39.5
1528,39,40,39.5
1528,39,40,39.5
1528,39,40,39.5
1528,39,40,39.5
1528,39,40,39.5
1528,39,40,39.5
1528,39,40,39.5
1528,39,40,39.5
1528,39,40,39.5
1528,39,40,39.5
1528,39,40,39.5
1528,39,40,39.5
1528,39,40,39.5
1528,39,40,39.5
1528,39,40,39.5
1528,39,40,39.5
1528,39,40,39.5
1528,39,40,39.5
1528,39,40,39.5
1528,39,40,39.5
1528,39,40,39.5
1528,39,40,39.5
1528,39,40,39.5
1528,39,40,39.5
1528,39,40,39.5
1528,39,40,39.5
1528,39,40,39.5
1528,39,40,39.5
1528,39,40,39.5
1528,39,40,39.5
1528,39,40,39.5
1528,39,40,39.5
1528,39,40,39.5
1528,39,40,39.5
1528,39,40,39.5
1528,39,40,39.5
1528,39,40,39.5
1528,39,40,39.5
1528,39,40,39.5
1528,39,40,39.5
1528,39,40,39.5
1528,39,40,39.5
1528,39,40,39.5
1528,39,40,39.5
1528,39,40,39.5
1528,39,40,39.5
1528,39,40,39.5
1528,39,40,39.5
1528,39,40,39.5
1528,39,40,39.5
1528,39,40,39.5
1528,39,40,39.5
1529,39,40,39.5
1529,39,40,39.5
1529,39,40,39.5
1529,39,40,39.5
1529,39,40,39.5
1529,39,40,39.5
1529,39,40,39.5
1529,39,40,39.5
1529,39,40,39.5
1529,39,40,39.5
1529,39,40,39.5
1529,39,40,39.5
1529,39,40,39.5
1529,39,40,39.5
1529,39,40,39.5
1529,39,40,39.5
1529,39,40,39.5
1529,39,40,39.5
1529,39,40,39.5
1529,39,40,39.5
1529,39,40,39.5
1529,39,40,39.5
1529,39,40,39.5
1529,39,40,39.5
1529,39,40,39.5
1529,39,40,39.5
1529,39,40,39.5
1529,39,40,39.5
1529,39,40,39.5
1529,39,40,39.5
1529,39,40,39.5
1529,39,40,39.5
1529,39,40,39.5
1529,39,40,39.5
1529,39,40,39.5
1529,39,40,39.5
1529,39,40,39.5
1530,39,40,39.5
1530,39,40,39.5
1530,39,40,39.5
1530,39,40,39.5
1530,39,40,39.5
1530,39,40,39.5
1530,39,40,39.5
1530,39,40,39.5
1530,39,40,39.5
1530,39,40,39.5
1530,39,40,39.5
1530,39,40,39.5
1530,39,40,39.5
1530,39,40,39.5
1530,39,40,39.5
1530,39,40,39.5
1530,39,40,39.5
1530,39,40,39.5
1530,39,40,39.5
1530,39,40,39.5
1530,39,40,39.5
1531,39,40,39.5
1531,39,40,39.5
1531,39,40,39.5
1531,39,40,39.5
1531,39,40,39.5
1531,39,40,39.5
1531,39,40,39.5
1531,39,40,39.5
1531,39,40,39.5
1531,39,40,39.5
1531,39,40,39.5
1531,39,40,39.5
1531,39,40,39.5
1531,39,40,39.5
1531,39,40,39.5
1531,39,40,39.5
1532,39,40,39.5
1532,39,40,39.5
1532,39,40,39.5
1532,39,40,39.5
1532,39,40,39.5
1532,39,40,39.5
1533,39,40,39.5
1533,39,40,39.5
1533,39,40,39.5
1533,39,40,39.5
1533,39,40,39.5
1533,39,40,39.5
1533,39,40,39.5
1533,39,40,39.5
1533,39,40,39.5
1533,39,40,39.5
1533,39,40,39.5
1533,39,40,39.5
1533,39,40,39.5
1533,39,40,39.5
1533,39,40,39.5
1534,39,40,39.5
1534,39,40,39.5
1534,39,40,39.5
1534,39,40,39.5
1534,39,40,39.5
1534,39,40,39.5
1534,39,40,39.5
1534,39,40,39.5
1534,39,40,39.5
1534,39,40,39.5
1534,39,40,39.5
1534,39,40,39.5
1534,39,40,39.5
1534,39,40,39.5
1534,39,40,39.5
1535,39,40,39.5
1535,39,40,39.5
1535,39,40,39.5
1535,39,40,39.5
1535,39,40,39.5
1535,39,40,39.5
1535,39,40,39.5
1535,39,40,39.5
1535,39,40,39.5
1535,39,40,39.5
1536,39,40,39.5
1536,39,40,39.5
1536,39,40,39.5
1536,39,40,39.5
1536,39,40,39.5
1536,39,40,39.5
1536,39,40,39.5
1536,39,40,39.5
1536,39,40,39.5
1537,39,40,39.5
1537,39,40,39.5
1537,39,40,39.5
1537,39,40,39.5
1537,39,40,39.5
1537,39,40,39.5
1537,39,40,39.5
1537,39,40,39.5
1537,39,40,39.5
1537,39,40,39.5
1537,39,40,39.5
1537,39,40,39.5
1537,39,40,39.5
1537,39,40,39.5
1537,39,40,39.5
1537,39,40,39.5
1537,39,40,39.5
1537,39,40,39.5
1537,39,40,39.5
1537,39,40,39.5
1537,39,40,39.5
1538,39,40,39.5
1538,39,40,39.5
1538,39,40,39.5
1538,39,40,39.5
1538,39,40,39.5
1538,39,40,39.5
1538,39,40,39.5
1538,39,40,39.5
1538,39,40,39.5
1538,39,40,39.5
1538,39,40,39.5
1538,39,40,39.5
1538,39,40,39.5
1538,39,40,39.5
1538,39,40,39.5
1538,39,40,39.5
1538,39,40,39.5
1538,39,40,39.5
1538,39,40,39.5
1538,39,40,39.5
1538,39,40,39.5
1538,39,40,39.5
1538,39,40,39.5
1538,39,40,39.5
1538,39,40,39.5
1538,39,40,39.5
1538,39,40,39.5
1538,39,40,39.5
1539,39,40,39.5
1539,39,40,39.5
1539,39,40,39.5
1540,39,40,39.5
1540,39,40,39.5
1541,39,40,39.5
1541,39,40,39.5
1541,39,40,39.5
1541,39,40,39.5
1541,39,40,39.5
1541,39,40,39.5
1541,39,40,39.5
1541,39,40,39.5
1541,39,40,39.5
1542,39,40,39.5
1542,39,40,39.5
1542,39,40,39.5
1542,39,40,39.5
1542,39,40,39.5
1542,39,40,39.5
1542,39,40,39.5
1542,39,40,39.5
1542,39,40,39.5
1542,39,40,39.5
1542,39,40,39.5
1542,39,40,39.5
1542,39,40,39.5
1542,39,40,39.5
1542,39,40,39.5
1542,39,40,39.5
1542,39,40,39.5
1542,39,40,39.5
1542,39,40,39.5
1542,39,40,39.5
1542,39,40,39.5
1542,39,40,39.5
1542,39,40,39.5
1542,39,40,39.5
1542,39,40,39.5
1542,39,40,39.5
1542,39,40,39.5
1542,39,40,39.5
1542,39,40,39.5
1542,39,40,39.5
1542,39,40,39.5
1542,39,40,39.5
1542,39,40,39.5
1542,39,40,39.5
1542,39,40,39.5
1542,39,40,39.5
1542,39,40,39.5
1542,39,40,39.5
1542,39,40,39.5
1542,39,40,39.5
1542,39,40,39.5
1542,39,40,39.5
1542,39,40,39.5
1542,39,40,39.5
1542,39,40,39.5
1542,39,40,39.5
1542,39,40,39.5
1542,39,40,39.5
1542,39,40,39.5
1542,39,40,39.5
1542,39,40,39.5
1542,39,40,39.5
1542,39,40,39.5
1542,39,40,39.5
1542,39,40,39.5
1542,39,40,39.5
1542,39,40,39.5
1542,39,40,39.5
1542,39,40,39.5
1542,39,40,39.5
1542,39,40,39.5
1542,39,40,39.5
1542,39,40,39.5
1542,39,40,39.5
1542,39,40,39.5
1542,39,40,39.5
1542,39,40,39.5
1542,39,40,39.5
1542,39,40,39.5
1542,39,40,39.5
1542,39,40,39.5
1542,39,40,39.5
1542,39,40,39.5
1542,39,40,39.5
1542,39,40,39.5
1542,39,40,39.5
1542,39,40,39.5
1542,39,40,39.5
1542,39,40,39.5
1542,39,40,39.5
1542,39,40,39.5
1542,39,40,39.5
1542,39,40,39.5
1542,39,40,39.5
1542,39,40,39.5
1542,39,40,39.5
1542,39,40,39.5
1542,39,40,39.5
1542,39,40,39.5
1542,39,40,39.5
1542,39,40,39.5
1542,39,40,39.5
1542,39,40,39.5
1542,39,40,39.5
1542,39,40,39.5
1542,39,40,39.5
1542,39,40,39.5
1542,39,40,39.5
1542,39,40,39.5
1542,39,40,39.5
1542,39,40,39.5
1542,39,40,39.5
1542,39,40,39.5
1542,39,40,39.5
1542,39,40,39.5
1542,39,40,39.5
1542,39,40,39.5
1542,39,40,39.5
1542,39,42,40.5
1542,39,42,40.5
1542,39,42,40.5
1542,39,42,40.5
1542,39,42,40.5
1542,39,42,40.5
1542,39,42,40.5
1542,39,42,40.5
1542,39,42,40.5
1542,39,42,40.5
1542,39,42,40.5
1542,39,42,40.5
1542,39,42,40.5
1543,39,42,40.5
1543,39,42,40.5
1543,39,42,40.5
1543,39,42,40.5
1543,39,42,40.5
1543,39,42,40.5
1543,39,42,40.5
1543,39,42,40.5
1543,39,42,40.5
1543,39,42,40.5
1543,39,42,40.5
1543,39,42,40.5
1543,39,42,40.5
1543,39,42,40.5
1543,39,42,40.5
1543,39,42,40.5
1543,39,42,40.5
1543,39,42,40.5
1543,39,42,40.5
1543,39,42,40.5
1543,39,42,40.5
1543,39,42,40.5
1543,39,42,40.5
1543,39,42,40.5
1543,39,42,40.5
1543,39,42,40.5
1543,39,42,40.5
1544,39,42,40.5
1544,39,42,40.5
1544,39,42,40.5
1544,39,42,40.5
1544,39,42,40.5
1544,39,42,40.5
1544,39,42,40.5
1544,39,42,40.5
1544,39,42,40.5
1544,39,42,40.5
1544,39,42,40.5
1544,39,42,40.5
1544,39,42,40.5
1544,39,42,40.5
1544,39,42,40.5
1544,39,42,40.5
1544,39,42,40.5
1544,39,42,40.5
1544,39,42,40.5
1544,39,42,40.5
1544,39,42,40.5
1544,39,42,40.5
1544,39,42,40.5
1544,39,42,40.5
1544,39,42,40.5
1544,39,42,40.5
1544,39,42,40.5
1544,39,42,40.5
1544,39,42,40.5
1544,39,42,40.5
1544,39,42,40.5
1544,39,42,40.5
1544,39,42,40.5
1544,39,42,40.5
1544,39,42,40.5
1544,39,42,40.5
1544,39,42,40.5
1544,39,42,40.5
1544,39,42,40.5
1544,39,42,40.5
1544,39,42,40.5
1544,39,43,41.0
1544,39,43,41.0
1544,39,43,41.0
1544,39,43,41.0
1544,39,43,41.0
1544,39,43,41.0
1544,39,43,41.0
1544,39,43,41.0
1544,39,43,41.0
1544,39,43,41.0
1544,39,43,41.0
1544,39,43,41.0
1544,39,43,41.0
1544,39,43,41.0
1545,39,43,41.0
1545,39,43,41.0
1546,39,43,41.0
1546,39,43,41.0
1546,39,43,41.0
1546,39,43,41.0
1546,39,43,41.0
1546,39,43,41.0
1546,39,43,41.0
1547,39,43,41.0
1547,39,43,41.0
1547,39,43,41.0
1548,39,43,41.0
1548,39,43,41.0
1548,39,43,41.0
1548,39,43,41.0
1548,39,43,41.0
1548,39,43,41.0
1548,39,43,41.0
1549,39,43,41.0
1549,39,43,41.0
1549,39,43,41.0
1549,39,43,41.0
1549,39,43,41.0
1549,39,43,41.0
1549,39,43,41.0
1549,39,43,41.0
1549,39,43,41.0
1549,39,43,41.0
1549,39,43,41.0
1549,39,43,41.0
1549,39,43,41.0
1549,39,43,41.0
1549,39,43,41.0
1549,39,43,41.0
1549,39,43,41.0
1549,39,43,41.0
1549,39,43,41.0
1549,39,43,41.0
1549,39,43,41.0
1549,39,43,41.0
1549,39,43,41.0
1549,39,43,41.0
1549,39,43,41.0
1549,39,43,41.0
1549,39,43,41.0
1549,39,43,41.0
1549,39,43,41.0
1549,39,43,41.0
1549,39,43,41.0
1549,39,43,41.0
1550,39,43,41.0
1550,39,43,41.0
1550,39,43,41.0
1550,39,43,41.0
1550,39,43,41.0
1550,39,43,41.0
1550,39,43,41.0
1550,39,43,41.0
1550,39,43,41.0
1550,39,43,41.0
1550,39,43,41.0
1550,39,43,41.0
1550,39,43,41.0
1550,39,43,41.0
1550,39,43,41.0
1550,39,43,41.0
1550,39,43,41.0
1550,39,43,41.0
1550,39,43,41.0
1550,39,43,41.0
1550,39,43,41.0
1550,39,43,41.0
1550,39,43,41.0
1550,39,43,41.0
1550,39,43,41.0
1550,39,43,41.0
1550,39,43,41.0
1550,39,43,41.0
1550,39,43,41.0
1550,39,43,41.0
1550,39,43,41.0
1551,39,43,41.0
1551,39,43,41.0
1551,39,43,41.0
1551,39,43,41.0
1551,39,43,41.0
1551,39,43,41.0
1551,39,43,41.0
1551,39,43,41.0
1551,39,43,41.0
1551,39,43,41.0
1551,39,43,41.0
1551,39,42,40.5
1551,39,42,40.5
1551,39,42,40.5
1551,39,42,40.5
1551,39,42,40.5
1551,39,42,40.5
1551,39,42,40.5
1551,39,42,40.5
1551,39,42,40.5
1551,39,42,40.5
1551,39,42,40.5
1551,39,41,40.0
1551,39,41,40.0
1551,39,41,40.0
1552,39,41,40.0
1552,39,41,40.0
1552,39,41,40.0
1552,39,41,40.0
1552,39,41,40.0
1552,39,41,40.0
1552,39,41,40.0
1552,39,41,40.0
1552,39,42,40.5
1552,40,42,41.0
1552,40,42,41.0
1552,40,42,41.0
1552,40,42,41.0
1552,40,42,41.0
1552,40,42,41.0
1552,40,42,41.0
1552,40,42,41.0
1552,40,42,41.0
1552,40,42,41.0
1552,40,42,41.0
1552,40,42,41.0
1552,40,42,41.0
1552,40,42,41.0
1552,40,42,41.0
1552,40,42,41.0
1552,40,42,41.0
1552,40,42,41.0
1552,40,42,41.0
1552,40,42,41.0
1552,40,42,41.0
1552,40,42,41.0
1552,40,42,41.0
1553,40,42,41.0
1553,40,42,41.0
1553,40,42,41.0
1553,40,42,41.0
1553,40,42,41.0
1553,40,42,41.0
1553,40,42,41.0
1553,40,42,41.0
1553,40,42,41.0
1553,40,42,41.0
1553,40,42,41.0
1553,40,42,41.0
1553,40,42,41.0
1553,40,42,41.0
1553,40,42,41.0
1553,40,42,41.0
1553,40,42,41.0
1553,40,42,41.0
1553,40,42,41.0
1553,40,42,41.0
1553,40,42,41.0
1553,40,42,41.0
1553,40,42,41.0
1553,40,42,41.0
1553,40,42,41.0
1553,40,42,41.0
1553,40,42,41.0
1553,40,42,41.0
1553,40,42,41.0
1553,40,42,41.0
1553,40,42,41.0
1553,40,42,41.0
1553,40,42,41.0
1554,40,42,41.0
1555,40,42,41.0
1555,40,42,41.0
1555,40,42,41.0
1555,40,42,41.0
1555,40,42,41.0
1555,40,42,41.0
1555,40,42,41.0
1555,40,42,41.0
1555,40,42,41.0
1556,40,42,41.0
1556,40,42,41.0
1556,40,42,41.0
1556,40,42,41.0
1556,40,42,41.0
1556,40,42,41.0
1556,40,42,41.0
1556,40,42,41.0
1556,40,42,41.0
1556,40,42,41.0
1556,40,42,41.0
1557,40,42,41.0
1557,40,42,41.0
1557,40,42,41.0
1557,40,42,41.0
1557,41,42,41.5
1557,41,42,41.5
1557,41,42,41.5
1557,41,42,41.5
1557,41,42,41.5
1557,41,42,41.5
1557,41,42,41.5
1557,41,42,41.5
1557,41,42,41.5
1557,41,42,41.5
1557,41,42,41.5
1557,41,42,41.5
1557,41,42,41.5
1557,41,42,41.5
1557,41,42,41.5
1557,41,42,41.5
1557,41,42,41.5
1557,41,42,41.5
1557,41,42,41.5
1557,41,42,41.5
1557,41,42,41.5
1557,41,42,41.5
1558,41,42,41.5
1558,41,42,41.5
1558,41,42,41.5
1558,41,42,41.5
1558,41,42,41.5
1558,41,42,41.5
1558,41,42,41.5
1558,41,42,41.5
1558,41,42,41.5
1558,41,42,41.5
1558,41,42,41.5
1558,41,42,41.5
1558,41,42,41.5
1558,41,42,41.5
1558,41,42,41.5
1558,41,42,41.5
1558,41,42,41.5
1558,41,42,41.5
1558,41,42,41.5
1558,41,42,41.5
1558,41,42,41.5
1558,41,42,41.5
1558,41,42,41.5
1558,41,42,41.5
1558,41,42,41.5
1558,41,42,41.5
1558,41,42,41.5
1559,41,42,41.5
1559,41,42,41.5
1559,41,42,41.5
1559,41,42,41.5
1559,41,42,41.5
1559,41,42,41.5
1559,41,42,41.5
1559,41,42,41.5
1559,41,42,41.5
1559,41,42,41.5
1559,41,42,41.5
1559,41,42,41.5
1559,41,42,41.5
1559,41,42,41.5
1559,41,42,41.5
1559,41,42,41.5
1559,41,42,41.5
1559,41,42,41.5
1559,41,42,41.5
1559,41,42,41.5
1559,41,42,41.5
1559,41,42,41.5
1559,40,42,41.0
1559,40,42,41.0
1559,40,42,41.0
1559,40,42,41.0
1559,40,42,41.0
1559,40,42,41.0
1559,39,42,40.5
1559,39,42,40.5
1559,39,42,40.5
1559,39,42,40.5
1559,39,42,40.5
1559,39,42,40.5
1559,39,42,40.5
1559,39,42,40.5
1559,39,42,40.5
1559,39,42,40.5
1559,39,42,40.5
1559,39,42,40.5
1559,39,42,40.5
1559,39,42,40.5
1559,39,42,40.5
1559,39,42,40.5
1559,39,42,40.5
1559,39,42,40.5
1559,39,42,40.5
1559,39,42,40.5
1559,39,42,40.5
1559,39,42,40.5
1559,39,42,40.5
1559,39,42,40.5
1559,39,42,40.5
1559,39,42,40.5
1559,39,42,40.5
1559,39,42,40.5
1559,39,42,40.5
1559,39,42,40.5
1559,39,42,40.5
1559,39,42,40.5
1559,39,42,40.5
1559,39,42,40.5
1559,39,42,40.5
1559,39,42,40.5
1559,39,42,40.5
1559,39,42,40.5
1559,39,42,40.5
1559,39,42,40.5
1559,39,42,40.5
1559,39,42,40.5
1559,39,42,40.5
1559,39,42,40.5
1559,39,42,40.5
1559,39,42,40.5
1559,39,42,40.5
1559,39,42,40.5
1559,39,42,40.5
1559,39,42,40.5
1559,39,42,40.5
1559,39,42,40.5
1559,39,42,40.5
1559,39,42,40.5
1559,39,42,40.5
1559,39,42,40.5
1559,39,42,40.5
1559,39,42,40.5
1559,39,42,40.5
1559,39,42,40.5
1559,39,42,40.5
1559,39,42,40.5
1559,39,42,40.5
1559,39,42,40.5
1559,39,42,40.5
1559,39,42,40.5
1559,39,42,40.5
1559,39,42,40.5
1559,39,42,40.5
1559,39,42,40.5
1559,39,42,40.5
1559,39,42,40.5
1559,39,42,40.5
1559,39,42,40.5
1559,39,42,40.5
1559,39,42,40.5
1559,39,42,40.5
1559,39,42,40.5
1559,39,42,40.5
1559,39,42,40.5
1559,39,42,40.5
1559,39,42,40.5
1559,39,42,40.5
1559,39,42,40.5
1559,39,42,40.5
1559,39,42,40.5
1559,39,42,40.5
1559,39,42,40.5
1559,39,42,40.5
1559,39,42,40.5
1559,39,42,40.5
1559,39,42,40.5
1559,39,42,40.5
1559,39,42,40.5
1559,39,41,40.0
1559,39,41,40.0
1559,39,41,40.0
1559,39,41,40.0
1559,39,41,40.0
1559,39,41,40.0
1559,39,41,40.0
1559,39,41,40.0
1559,39,41,40.0
1559,39,41,40.0
1559,39,41,40.0
1559,39,41,40.0
1559,39,41,40.0
1559,39,41,40.0
1559,39,41,40.0
1559,39,41,40.0
1559,39,41,40.0
1559,39,41,40.0
1559,39,41,40.0
1559,39,41,40.0
1559,39,41,40.0
1559,39,41,40.0
1559,39,44,41.5
1559,39,44,41.5
1559,39,44,41.5
1559,39,44,41.5
1559,39,44,41.5
1559,39,43,41.0
1559,39,43,41.0
1559,39,43,41.0
1559,39,43,41.0
1559,39,43,41.0
1559,39,43,41.0
1559,39,43,41.0
1559,39,42,40.5
1559,39,42,40.5
1560,39,42,40.5
1560,39,42,40.5
1560,39,42,40.5
1560,39,42,40.5
1560,39,42,40.5
1560,39,42,40.5
1560,39,42,40.5
1560,39,42,40.5
1560,39,42,40.5
1560,39,42,40.5
1561,39,42,40.5
1561,39,42,40.5
1561,39,42,40.5
1561,39,42,40.5
1561,39,42,40.5
1561,39,42,40.5
1562,39,42,40.5
1562,39,42,40.5
1562,39,42,40.5
1562,39,42,40.5
1562,39,42,40.5
1562,39,42,40.5
1563,39,42,40.5
1563,39,42,40.5
1563,39,42,40.5
1563,39,42,40.5
1563,39,42,40.5
1563,39,42,40.5
1563,39,42,40.5
1563,39,42,40.5
1564,39,42,40.5
1564,39,42,40.5
1564,39,42,40.5
1565,39,42,40.5
1565,39,42,40.5
1565,39,42,40.5
1565,39,42,40.5
1565,39,42,40.5
1565,39,42,40.5
1565,39,42,40.5
1565,39,42,40.5
1565,39,42,40.5
1566,39,42,40.5
1566,39,42,40.5
1566,39,42,40.5
1566,39,42,40.5
1566,39,42,40.5
1566,39,42,40.5
1566,39,42,40.5
1566,39,42,40.5
1566,39,42,40.5
1566,39,42,40.5
1566,39,42,40.5
1566,39,42,40.5
1567,39,42,40.5
1567,39,42,40.5
1567,39,42,40.5
1567,39,42,40.5
1567,39,42,40.5
1567,39,42,40.5
1567,39,42,40.5
1568,39,42,40.5
1568,39,42,40.5
1568,39,42,40.5
1568,39,42,40.5
1569,39,42,40.5
1569,39,42,40.5
1569,39,42,40.5
1569,39,42,40.5
1569,39,42,40.5
1570,39,42,40.5
1570,39,42,40.5
1570,39,42,40.5
1570,39,42,40.5
1570,39,42,40.5
1570,39,42,40.5
1570,39,42,40.5
1570,39,42,40.5
1570,39,42,40.5
1570,39,42,40.5
1570,40,42,41.0
1570,40,42,41.0
1570,40,43,41.5
1570,40,43,41.5
1570,40,43,41.5
1570,40,43,41.5
1570,40,43,41.5
1570,40,43,41.5
1570,40,43,41.5
1570,40,43,41.5
1570,40,43,41.5
1570,40,43,41.5
1570,40,43,41.5
1570,40,43,41.5
1570,40,43,41.5
1570,40,43,41.5
1570,40,43,41.5
1570,40,43,41.5
1570,40,43,41.5
1570,40,43,41.5
1570,40,43,41.5
1570,40,43,41.5
1570,41,43,42.0
1570,41,43,42.0
1570,41,43,42.0
1570,41,43,42.0
1570,41,43,42.0
1570,41,43,42.0
1570,41,43,42.0
1570,41,43,42.0
1570,41,43,42.0
1570,41,43,42.0
1570,41,43,42.0
1570,41,43,42.0
1570,41,43,42.0
1570,41,43,42.0
1570,41,43,42.0
1570,41,43,42.0
1570,41,43,42.0
1570,41,43,42.0
1570,41,43,42.0
1570,41,43,42.0
1570,41,43,42.0
1570,41,43,42.0
1570,41,43,42.0
1570,41,43,42.0
1570,41,43,42.0
1570,41,43,42.0
1570,42,43,42.5
1570,42,43,42.5
1570,42,43,42.5
1570,42,43,42.5
1570,42,43,42.5
1570,42,43,42.5
1570,42,43,42.5
1570,42,43,42.5
1570,42,43,42.5
1570,42,43,42.5
1570,42,43,42.5
1570,42,43,42.5
1570,42,43,42.5
1570,42,43,42.5
1570,42,43,42.5
1570,42,43,42.5
1570,42,43,42.5
1570,42,43,42.5
1570,42,43,42.5
1570,42,43,42.5
1570,42,43,42.5
1570,42,43,42.5
1570,42,43,42.5
1570,42,43,42.5
1570,42,43,42.5
1570,42,43,42.5
1570,42,43,42.5
1570,42,43,42.5
1570,42,43,42.5
1570,42,43,42.5
1570,42,43,42.5
1570,42,43,42.5
1570,42,43,42.5
1570,42,43,42.5
1570,42,43,42.5
1570,42,43,42.5
1570,42,43,42.5
1570,42,43,42.5
1570,42,43,42.5
1570,42,43,42.5
1570,42,43,42.5
1570,42,43,42.5
1570,42,43,42.5
1570,42,43,42.5
1570,42,43,42.5
1570,42,43,42.5
1571,42,43,42.5
1571,42,43,42.5
1571,42,43,42.5
1571,42,43,42.5
1571,42,43,42.5
1571,42,43,42.5
1571,42,43,42.5
1571,42,43,42.5
1571,42,43,42.5
1571,42,43,42.5
1571,42,43,42.5
1571,42,43,42.5
1571,42,43,42.5
1571,42,43,42.5
1571,42,43,42.5
1571,42,43,42.5
1571,42,43,42.5
1571,42,43,42.5
1571,42,43,42.5
1571,42,43,42.5
1571,42,43,42.5
1571,42,43,42.5
1571,42,43,42.5
1571,42,43,42.5
1571,42,43,42.5
1571,42,43,42.5
1572,42,43,42.5
1572,42,43,42.5
1572,42,43,42.5
1572,42,43,42.5
1572,42,43,42.5
1573,42,43,42.5
1573,42,43,42.5
1573,42,43,42.5
1573,42,43,42.5
1573,42,43,42.5
1573,42,43,42.5
1573,42,43,42.5
1573,42,43,42.5
1573,42,43,42.5
1573,42,43,42.5
1573,42,43,42.5
1573,42,43,42.5
1573,42,43,42.5
1573,42,43,42.5
1573,42,43,42.5
1573,42,43,42.5
1573,42,43,42.5
1573,42,43,42.5
1573,42,43,42.5
1573,42,43,42.5
1573,42,43,42.5
1573,42,43,42.5
1573,42,43,42.5
1573,42,43,42.5
1573,42,43,42.5
1574,42,43,42.5
1574,42,43,42.5
1574,42,43,42.5
1574,42,43,42.5
1574,42,43,42.5
1574,42,43,42.5
1574,42,43,42.5
1574,42,43,42.5
1574,42,43,42.5
1574,42,43,42.5
1574,42,43,42.5
1574,42,43,42.5
1574,42,43,42.5
1574,42,43,42.5
1574,42,43,42.5
1574,42,43,42.5
1574,42,43,42.5
1574,42,43,42.5
1574,42,43,42.5
1574,42,43,42.5
1574,42,43,42.5
1574,42,43,42.5
1574,42,43,42.5
1574,42,43,42.5
1574,42,43,42.5
1574,42,43,42.5
1574,42,43,42.5
1575,42,43,42.5
1575,42,43,42.5
1575,42,43,42.5
1575,42,43,42.5
1575,42,43,42.5
1576,42,43,42.5
1576,42,43,42.5
1576,42,43,42.5
1576,42,43,42.5
1576,42,43,42.5
1576,42,43,42.5
1576,42,43,42.5
1576,42,43,42.5
1576,42,43,42.5
1576,42,43,42.5
1576,42,43,42.5
1576,42,43,42.5
1576,42,43,42.5
1576,42,43,42.5
1577,42,43,42.5
1577,42,43,42.5
1577,42,43,42.5
1577,42,43,42.5
1577,42,43,42.5
1577,42,43,42.5
1577,42,43,42.5
1577,42,43,42.5
1577,42,43,42.5
1578,42,43,42.5
1578,42,43,42.5
1578,42,43,42.5
1578,42,43,42.5
1578,42,43,42.5
1578,42,43,42.5
1578,42,43,42.5
1578,42,43,42.5
1578,42,43,42.5
1578,42,43,42.5
1578,42,43,42.5
1578,42,43,42.5
1578,42,43,42.5
1578,42,43,42.5
1578,42,43,42.5
1579,42,43,42.5
1579,42,43,42.5
1579,42,43,42.5
1579,42,43,42.5
1579,42,43,42.5
1579,42,43,42.5
1579,42,43,42.5
1579,42,43,42.5
1579,42,43,42.5
1579,42,43,42.5
1579,42,43,42.5
1579,42,43,42.5
1579,42,43,42.5
1579,42,43,42.5
1579,42,43,42.5
1579,42,43,42.5
1579,42,43,42.5
1579,42,43,42.5
1579,42,43,42.5
1579,42,43,42.5
1579,42,44,43.0
1579,42,44,43.0
1579,43,44,43.5
1579,43,44,43.5
1579,43,45,44.0
1579,43,45,44.0
1579,43,45,44.0
1579,43,45,44.0
1579,43,45,44.0
1579,43,45,44.0
1579,43,45,44.0
1579,43,45,44.0
1579,43,45,44.0
1579,43,45,44.0
1579,43,45,44.0
1579,43,45,44.0
1579,43,45,44.0
1579,43,45,44.0
1579,43,45,44.0
1579,43,45,44.0
1579,43,45,44.0
1579,43,45,44.0
1579,43,45,44.0
1579,43,45,44.0
1579,43,45,44.0
1579,43,45,44.0
1579,43,45,44.0
1579,43,44,43.5
1579,43,44,43.5
1579,43,44,43.5
1579,43,44,43.5
1579,43,44,43.5
1579,43,44,43.5
1580,43,44,43.5
1580,43,44,43.5
1580,43,44,43.5
1580,43,44,43.5
1580,43,44,43.5
1580,43,44,43.5
1580,43,44,43.5
1580,43,44,43.5
1580,43,44,43.5
1580,43,44,43.5
1580,43,44,43.5
1580,43,44,43.5
1580,43,44,43.5
1580,43,44,43.5
1580,43,44,43.5
1580,43,44,43.5
1580,43,44,43.5
1580,43,44,43.5
1580,43,44,43.5
1580,43,44,43.5
1581,43,44,43.5
1581,43,44,43.5
1581,43,44,43.5
1581,43,44,43.5
1581,43,44,43.5
1581,43,44,43.5
1581,43,44,43.5
1581,43,44,43.5
1581,43,44,43.5
1581,43,44,43.5
1581,43,44,43.5
1581,43,44,43.5
1581,43,44,43.5
1581,43,44,43.5
1581,43,44,43.5
1581,43,44,43.5
1581,43,44,43.5
1581,43,44,43.5
1581,43,44,43.5
1581,43,44,43.5
1581,43,44,43.5
1581,43,44,43.5
1581,43,44,43.5
1581,43,44,43.5
1581,43,45,44.0
1581,44,45,44.5
1581,44,45,44.5
1581,44,45,44.5
1581,44,45,44.5
1581,44,45,44.5
1581,44,45,44.5
1581,44,45,44.5
1581,44,45,44.5
1581,44,45,44.5
1581,44,45,44.5
1581,44,45,44.5
1581,44,45,44.5
1581,44,45,44.5
1581,44,45,44.5
1581,44,45,44.5
1581,44,45,44.5
1581,44,45,44.5
1581,44,45,44.5
1581,44,45,44.5
1581,44,45,44.5
1581,44,45,44.5
1581,44,45,44.5
1581,44,45,44.5
1581,44,45,44.5
1581,44,45,44.5
1581,44,45,44.5
1581,44,45,44.5
1581,44,45,44.5
1581,44,45,44.5
1581,44,45,44.5
1581,44,45,44.5
1581,44,45,44.5
1581,44,45,44.5
1581,44,45,44.5
1581,44,45,44.5
1581,44,45,44.5
1581,44,45,44.5
1582,44,45,44.5
1582,44,45,44.5
1582,44,45,44.5
1582,44,45,44.5
1582,44,45,44.5
1582,44,45,44.5
1582,44,45,44.5
1582,44,45,44.5
1582,44,45,44.5
1582,44,45,44.5
1582,44,45,44.5
1582,44,45,44.5
1582,44,45,44.5
1582,44,45,44.5
1582,44,45,44.5
1582,44,45,44.5
1582,44,45,44.5
1582,44,45,44.5
1582,44,45,44.5
1582,44,45,44.5
1583,44,45,44.5
1583,44,45,44.5
1583,44,45,44.5
1583,44,45,44.5
1583,44,45,44.5
1583,44,45,44.5
1583,44,45,44.5
1583,44,45,44.5
1583,44,45,44.5
1583,44,45,44.5
1583,44,45,44.5
1583,44,45,44.5
1583,44,45,44.5
1583,44,45,44.5
1583,44,45,44.5
1583,44,45,44.5
1583,44,45,44.5
1583,44,45,44.5
1583,44,45,44.5
1583,44,45,44.5
1584,44,45,44.5
1584,44,45,44.5
1585,44,45,44.5
1585,44,45,44.5
1585,44,45,44.5
1585,44,45,44.5
1585,44,45,44.5
1585,44,45,44.5
1586,44,45,44.5
1586,44,45,44.5
1586,44,45,44.5
1586,44,45,44.5
1586,44,45,44.5
1586,44,45,44.5
1586,44,45,44.5
1586,44,45,44.5
1586,44,45,44.5
1586,44,45,44.5
1586,44,45,44.5
1586,44,45,44.5
1586,44,45,44.5
1586,44,45,44.5
1586,44,45,44.5
1586,44,45,44.5
1587,44,45,44.5
1587,44,45,44.5
1587,44,45,44.5
1587,44,45,44.5
1587,44,45,44.5
1587,44,45,44.5
1587,44,45,44.5
1587,44,45,44.5
1587,44,45,44.5
1587,44,45,44.5
1587,44,45,44.5
1587,44,45,44.5
1587,44,45,44.5
1587,44,45,44.5
1587,44,45,44.5
1587,44,45,44.5
1587,44,45,44.5
1587,44,45,44.5
1587,44,45,44.5
1588,44,45,44.5
1588,44,45,44.5
1588,44,45,44.5
1588,44,45,44.5
1588,44,45,44.5
1588,44,45,44.5
1588,44,45,44.5
1588,44,45,44.5
1588,44,45,44.5
1588,44,45,44.5
1589,44,45,44.5
1589,44,45,44.5
1589,44,45,44.5
1589,44,45,44.5
1589,44,45,44.5
1589,44,45,44.5
1589,44,45,44.5
1589,44,45,44.5
1589,44,45,44.5
1589,44,45,44.5
1589,44,45,44.5
1589,44,45,44.5
1589,44,45,44.5
1589,44,45,44.5
1589,44,45,44.5
1589,44,45,44.5
1589,44,45,44.5
1589,44,45,44.5
1589,44,45,44.5
1589,44,45,44.5
1589,44,45,44.5
1589,44,45,44.5
1590,44,45,44.5
1590,44,45,44.5
1590,44,45,44.5
1590,44,45,44.5
1590,44,45,44.5
1590,44,45,44.5
1590,44,45,44.5
1590,44,45,44.5
1590,44,45,44.5
1590,44,45,44.5
1590,44,45,44.5
1590,44,45,44.5
1590,44,45,44.5
1590,44,45,44.5
1590,44,45,44.5
1590,44,45,44.5
1590,44,45,44.5
1590,44,45,44.5
1590,44,45,44.5
1590,44,45,44.5
1590,44,45,44.5
1590,44,45,44.5
1590,44,45,44.5
1590,44,45,44.5
1590,44,45,44.5
1590,44,45,44.5
1590,43,45,44.0
1590,43,45,44.0
1590,43,45,44.0
1590,43,45,44.0
1590,43,45,44.0
1590,43,45,44.0
1590,43,45,44.0
1590,43,45,44.0
1590,43,45,44.0
1590,43,45,44.0
1590,43,45,44.0
1590,43,45,44.0
1590,43,45,44.0
1590,43,45,44.0
1590,43,45,44.0
1590,43,45,44.0
1590,43,45,44.0
1590,43,45,44.0
1590,43,45,44.0
1590,43,45,44.0
1590,43,45,44.0
1590,43,45,44.0
1590,43,45,44.0
1590,43,45,44.0
1590,43,45,44.0
1590,43,45,44.0
1590,43,45,44.0
1590,43,45,44.0
1590,43,45,44.0
1590,43,45,44.0
1590,43,45,44.0
1590,43,45,44.0
1590,43,45,44.0
1590,43,45,44.0
1590,43,45,44.0
1590,43,45,44.0
1590,43,45,44.0
1590,43,45,44.0
1590,43,45,44.0
1590,43,45,44.0
1590,43,45,44.0
1591,43,45,44.0
1591,43,45,44.0
1591,43,45,44.0
1591,43,45,44.0
1591,44,45,44.5
1591,44,45,44.5
1591,44,45,44.5
1591,44,45,44.5
1591,44,45,44.5
1591,44,45,44.5
1591,44,45,44.5
1591,44,45,44.5
1591,44,45,44.5
1591,44,45,44.5
1591,42,45,43.5
1591,42,45,43.5
1591,42,45,43.5
1591,42,45,43.5
1591,42,45,43.5
1591,42,45,43.5
1591,42,45,43.5
1591,42,45,43.5
1591,42,45,43.5
1591,42,45,43.5
1591,42,45,43.5
1591,42,45,43.5
1591,42,45,43.5
1591,42,45,43.5
1591,42,45,43.5
1591,42,45,43.5
1591,42,45,43.5
1591,42,45,43.5
1591,42,45,43.5
1591,42,45,43.5
1591,42,45,43.5
1591,42,45,43.5
1591,42,45,43.5
1591,42,45,43.5
1591,42,45,43.5
1591,42,45,43.5
1591,42,45,43.5
1591,42,45,43.5
1591,42,45,43.5
1591,42,45,43.5
1591,42,45,43.5
1591,42,45,43.5
1591,42,45,43.5
1591,42,46,44.0
1591,42,46,44.0
1591,42,46,44.0
1591,42,46,44.0
1591,42,47,44.5
1591,42,47,44.5
1591,42,47,44.5
1591,42,47,44.5
1591,42,47,44.5
1591,42,47,44.5
1591,42,47,44.5
1591,42,47,44.5
1591,42,47,44.5
1591,42,47,44.5
1591,42,47,44.5
1591,42,47,44.5
1591,42,47,44.5
1591,42,47,44.5
1591,42,47,44.5
1591,42,47,44.5
1591,42,47,44.5
1591,42,46,44.0
1591,42,46,44.0
1591,42,46,44.0
1591,42,46,44.0
1591,42,46,44.0
1591,42,46,44.0
1591,42,46,44.0
1591,42,46,44.0
1591,42,46,44.0
1591,42,46,44.0
1591,42,46,44.0
1591,42,46,44.0
1591,42,46,44.0
1591,42,46,44.0
1591,42,46,44.0
1591,42,46,44.0
1591,42,46,44.0
1591,42,46,44.0
1591,43,46,44.5
1591,43,46,44.5
1591,43,46,44.5
1592,43,47,45.0
1592,43,47,45.0
1592,43,47,45.0
1592,43,47,45.0
1592,43,47,45.0
1592,43,47,45.0
1592,43,47,45.0
1592,43,47,45.0
1592,43,47,45.0
1592,43,47,45.0
1592,43,47,45.0
1592,43,47,45.0
1592,43,47,45.0
1592,43,47,45.0
1592,43,47,45.0
1592,43,47,45.0
1592,43,47,45.0
1592,43,47,45.0
1592,43,47,45.0
1592,43,47,45.0
1592,43,47,45.0
1592,43,47,45.0
1592,43,47,45.0
1592,44,47,45.5
1592,44,47,45.5
1592,44,47,45.5
1592,44,47,45.5
1592,44,47,45.5
1592,44,47,45.5
1592,44,47,45.5
1592,44,47,45.5
1592,44,47,45.5
1592,44,47,45.5
1592,44,47,45.5
1592,44,47,45.5
1592,44,47,45.5
1592,44,47,45.5
1592,44,47,45.5
1592,44,47,45.5
1592,44,47,45.5
1592,44,47,45.5
1592,44,47,45.5
1592,44,47,45.5
1592,44,47,45.5
1592,44,47,45.5
1592,44,47,45.5
1592,44,47,45.5
1592,44,47,45.5
1592,42,47,44.5
1592,42,47,44.5
1592,42,47,44.5
1592,42,47,44.5
1592,42,47,44.5
1592,42,47,44.5
1592,42,47,44.5
1592,42,47,44.5
1592,42,47,44.5
1592,42,47,44.5
1592,42,47,44.5
1592,39,47,43.0
1592,39,47,43.0
1592,39,47,43.0
1592,39,47,43.0
1592,39,47,43.0
1592,39,47,43.0
1592,39,47,43.0
1592,39,47,43.0
1592,40,47,43.5
1592,40,47,43.5
1592,40,47,43.5
1592,41,47,44.0
1592,41,47,44.0
1592,41,47,44.0
1592,41,47,44.0
1592,41,47,44.0
1592,41,47,44.0
1592,41,47,44.0
1592,41,47,44.0
1592,41,47,44.0
1592,41,47,44.0
1592,41,47,44.0
1592,41,47,44.0
1592,42,47,44.5
1592,42,47,44.5
1592,42,47,44.5
1592,42,47,44.5
1593,42,47,44.5
1593,42,47,44.5
1593,42,47,44.5
1593,42,47,44.5
1593,42,47,44.5
1593,42,47,44.5
1593,42,47,44.5
1593,42,47,44.5
1593,42,47,44.5
1593,42,47,44.5
1593,42,47,44.5
1593,42,47,44.5
1593,42,47,44.5
1593,42,47,44.5
1593,42,47,44.5
1593,42,47,44.5
1593,42,47,44.5
1593,42,47,44.5
1593,42,47,44.5
1593,42,47,44.5
1593,42,47,44.5
1593,42,47,44.5
1593,42,47,44.5
1593,43,47,45.0
1593,43,47,45.0
1593,43,47,45.0
1593,43,47,45.0
1593,43,47,45.0
1593,43,47,45.0
1593,43,47,45.0
1593,43,47,45.0
1593,43,47,45.0
1593,43,47,45.0
1593,43,47,45.0
1593,43,47,45.0
1593,43,47,45.0
1593,43,47,45.0
1593,43,47,45.0
1593,43,47,45.0
1593,43,47,45.0
1593,43,47,45.0
1593,43,47,45.0
1593,41,47,44.0
1593,41,47,44.0
1593,41,47,44.0
1593,41,47,44.0
1593,41,47,44.0
1593,41,47,44.0
1593,41,47,44.0
1593,41,47,44.0
1593,41,47,44.0
1593,41,47,44.0
1593,41,47,44.0
1593,41,47,44.0
1593,41,47,44.0
1593,41,47,44.0
1593,41,47,44.0
1593,41,47,44.0
1593,41,47,44.0
1593,41,47,44.0
1593,41,47,44.0
1593,41,47,44.0
1593,41,47,44.0
1593,41,47,44.0
1594,41,47,44.0
1594,41,47,44.0
1594,41,47,44.0
1594,39,47,43.0
1594,39,40,39.5
1594,39,40,39.5
1594,39,40,39.5
1594,39,40,39.5
1594,39,40,39.5
1594,39,40,39.5
1594,39,40,39.5
1594,39,40,39.5
1594,39,40,39.5
1594,39,40,39.5
1594,39,40,39.5
1594,39,40,39.5
1594,39,40,39.5
1594,39,40,39.5
1594,39,40,39.5
1594,39,40,39.5
1594,39,44,41.5
1594,39,44,41.5
1594,39,44,41.5
1594,39,44,41.5
1594,39,46,42.5
1594,39,46,42.5
1594,39,46,42.5
1594,39,46,42.5
1594,39,46,42.5
1594,39,46,42.5
1594,39,46,42.5
1594,39,46,42.5
1594,39,46,42.5
1594,39,45,42.0
1594,39,45,42.0
1594,39,45,42.0
1594,41,45,43.0
1594,41,45,43.0
1594,41,45,43.0
1594,41,45,43.0
1594,41,45,43.0
1594,41,45,43.0
1594,41,45,43.0
1594,41,45,43.0
1594,41,45,43.0
1594,41,45,43.0
1594,41,45,43.0
1594,41,45,43.0
1594,41,45,43.0
1594,41,45,43.0
1594,41,45,43.0
1594,41,45,43.0
1594,41,45,43.0
1594,41,45,43.0
1594,40,45,42.5
1594,40,45,42.5
1594,42,45,43.5
1594,42,45,43.5
1594,42,45,43.5
1594,42,45,43.5
1594,40,45,42.5
1594,40,45,42.5
1594,40,45,42.5
1594,41,45,43.0
1594,41,45,43.0
1594,41,45,43.0
1594,41,45,43.0
1594,41,45,43.0
1594,41,45,43.0
1594,41,45,43.0
1594,41,45,43.0
1594,41,45,43.0
1594,40,45,42.5
1594,40,45,42.5
1594,40,45,42.5
1594,40,45,42.5
1594,40,45,42.5
1594,40,45,42.5
1594,40,45,42.5
1594,40,45,42.5
1594,40,45,42.5
1594,40,45,42.5
1594,41,45,43.0
1594,41,45,43.0
1594,41,45,43.0
1594,41,45,43.0
1594,42,45,43.5
1594,42,45,43.5
1594,42,45,43.5
1594,42,45,43.5
1595,42,45,43.5
1595,42,45,43.5
1595,42,45,43.5
1595,42,45,43.5
1595,42,45,43.5
1595,42,45,43.5
1595,42,45,43.5
1595,43,45,44.0
1595,43,45,44.0
1595,43,45,44.0
1595,43,45,44.0
1595,43,45,44.0
1595,43,45,44.0
1595,44,45,44.5
1595,44,45,44.5
1595,44,45,44.5
1595,44,45,44.5
1595,44,45,44.5
1595,44,45,44.5
1595,44,45,44.5
1595,44,45,44.5
1595,44,45,44.5
1595,44,46,45.0
1595,44,46,45.0
1595,44,46,45.0
1595,44,46,45.0
1595,44,46,45.0
1595,44,46,45.0
1595,44,46,45.0
1595,44,46,45.0
1595,44,46,45.0
1595,44,46,45.0
1595,44,46,45.0
1595,44,46,45.0
1595,44,46,45.0
1595,44,46,45.0
1595,44,46,45.0
1595,44,46,45.0
1595,44,46,45.0
1595,44,46,45.0
1595,44,46,45.0
1595,44,46,45.0
1595,44,46,45.0
1595,44,46,45.0
1595,44,46,45.0
1595,44,46,45.0
1595,44,46,45.0
1595,44,46,45.0
1595,44,46,45.0
1595,44,46,45.0
1595,44,46,45.0
1595,44,46,45.0
1595,44,46,45.0
1595,45,46,45.5
1595,45,46,45.5
1595,45,46,45.5
1595,45,46,45.5
1595,45,46,45.5
1595,45,46,45.5
1595,45,46,45.5
1595,45,46,45.5
1595,45,46,45.5
1595,45,46,45.5
1596,45,46,45.5
1596,45,46,45.5
1596,45,46,45.5
1596,45,46,45.5
1596,45,46,45.5
1596,45,46,45.5
1596,45,46,45.5
1596,45,46,45.5
1596,45,46,45.5
1596,45,46,45.5
1596,45,46,45.5
1596,45,46,45.5
1596,45,46,45.5
1596,45,46,45.5
1596,45,46,45.5
1596,45,46,45.5
1596,45,46,45.5
1596,45,46,45.5
1596,45,46,45.5
1596,45,46,45.5
1596,45,46,45.5
1596,45,46,45.5
1596,45,46,45.5
1596,45,46,45.5
1596,45,46,45.5
1596,45,46,45.5
1596,45,46,45.5
1596,45,46,45.5
1596,45,46,45.5
1596,45,46,45.5
1596,45,46,45.5
1596,45,46,45.5
1596,45,46,45.5
1596,45,46,45.5
1596,45,46,45.5
1596,45,46,45.5
1596,45,46,45.5
1596,45,46,45.5
1596,45,46,45.5
1596,45,46,45.5
1596,45,46,45.5
1596,45,46,45.5
1596,45,46,45.5
1596,45,46,45.5
1596,45,46,45.5
1596,45,46,45.5
1596,45,46,45.5
1596,45,46,45.5
1596,45,46,45.5
1596,45,46,45.5
1596,45,46,45.5
1596,45,46,45.5
1596,45,46,45.5
1596,45,46,45.5
1596,45,46,45.5
1596,45,46,45.5
1596,45,46,45.5
1596,45,46,45.5
1596,45,46,45.5
1596,45,46,45.5
1596,45,46,45.5
1596,45,46,45.5
1596,45,46,45.5
1596,45,46,45.5
1596,45,46,45.5
1596,45,46,45.5
1596,45,46,45.5
1596,45,46,45.5
1596,45,46,45.5
1596,45,46,45.5
1597,45,46,45.5
1597,45,46,45.5
1597,45,46,45.5
1597,45,46,45.5
1597,45,46,45.5
1597,45,46,45.5
1597,45,46,45.5
1597,45,46,45.5
1597,45,46,45.5
1597,45,46,45.5
1597,45,46,45.5
1597,45,46,45.5
1597,45,46,45.5
1597,45,46,45.5
1597,45,46,45.5
1597,45,46,45.5
1597,45,46,45.5
1597,45,46,45.5
1597,45,46,45.5
1597,45,46,45.5
1597,45,46,45.5
1597,45,46,45.5
1597,45,46,45.5
1597,45,46,45.5
1597,45,46,45.5
1597,45,46,45.5
1597,45,46,45.5
1597,45,46,45.5
1597,45,46,45.5
1597,45,46,45.5
1597,45,46,45.5
1597,45,46,45.5
1597,45,46,45.5
1597,45,46,45.5
1597,45,46,45.5
1597,45,46,45.5
1597,45,46,45.5
1597,45,46,45.5
1597,45,46,45.5
1597,45,46,45.5
1597,45,46,45.5
1597,45,46,45.5
1597,45,46,45.5
1597,45,46,45.5
1597,45,46,45.5
1597,45,46,45.5
1597,45,46,45.5
1597,45,46,45.5
1597,45,46,45.5
1597,45,46,45.5
1597,45,46,45.5
1597,45,46,45.5
1597,45,46,45.5
1597,45,46,45.5
1597,45,46,45.5
1597,45,46,45.5
1598,45,46,45.5
1598,45,46,45.5
1598,45,46,45.5
1598,45,46,45.5
1598,45,46,45.5
1598,45,46,45.5
1598,45,46,45.5
1598,45,46,45.5
1598,45,46,45.5
1598,45,46,45.5
1598,45,46,45.5
1599,45,46,45.5
1599,45,46,45.5
1599,45,46,45.5
1599,45,46,45.5
1599,45,46,45.5
1599,45,46,45.5
1599,45,46,45.5
1599,45,46,45.5
1599,45,46,45.5
1599,45,46,45.5
1599,45,46,45.5
1599,45,46,45.5
1599,45,46,45.5
1599,45,46,45.5
1599,45,46,45.5
1599,45,46,45.5
1599,45,46,45.5
1599,45,46,45.5
1599,45,46,45.5
1599,45,46,45.5
1599,45,46,45.5
1599,45,46,45.5
1599,45,46,45.5
1599,45,46,45.5
1599,45,46,45.5
1599,45,46,45.5
1599,45,46,45.5
1599,45,46,45.5
1599,45,46,45.5
1599,45,46,45.5
1599,45,46,45.5
1599,45,46,45.5
1599,45,46,45.5
1599,43,46,44.5
1599,43,46,44.5
1599,43,46,44.5
1599,43,46,44.5
1599,43,46,44.5
1599,43,46,44.5
1599,43,46,44.5
1599,43,46,44.5
1599,43,46,44.5
1599,43,46,44.5
1599,43,46,44.5
1599,43,46,44.5
1599,43,46,44.5
1600,43,46,44.5
1600,43,46,44.5
1600,43,46,44.5
1600,43,46,44.5
1600,43,46,44.5
1600,43,46,44.5
1600,43,46,44.5
1600,43,46,44.5
1600,43,46,44.5
1600,43,46,44.5
1600,43,46,44.5
1600,43,46,44.5
1600,43,46,44.5
1600,43,46,44.5
1600,43,46,44.5
1600,43,46,44.5
1600,43,46,44.5
1600,43,46,44.5
1600,43,46,44.5
1600,43,46,44.5
1600,43,46,44.5
1600,43,46,44.5
1600,43,46,44.5
1600,43,46,44.5
1600,43,46,44.5
1600,43,46,44.5
1600,43,46,44.5
1600,43,46,44.5
1600,43,46,44.5
1600,43,46,44.5
1600,43,46,44.5
1600,43,46,44.5
1600,43,46,44.5
1600,43,46,44.5
1600,43,46,44.5
1600,43,46,44.5
1600,43,49,46.0
1600,43,48,45.5
1600,43,48,45.5
1600,43,48,45.5
1600,43,48,45.5
1600,43,48,45.5
1600,43,48,45.5
1600,43,48,45.5
1600,43,48,45.5
1600,43,48,45.5
1600,43,48,45.5
1600,43,48,45.5
1600,43,48,45.5
1600,43,48,45.5
1600,43,48,45.5
1600,44,48,46.0
1600,44,48,46.0
1600,44,48,46.0
1600,44,48,46.0
1600,44,48,46.0
1600,44,48,46.0
1600,44,48,46.0
1600,44,48,46.0
1600,44,48,46.0
1600,44,48,46.0
1600,44,48,46.0
1600,44,48,46.0
1600,44,48,46.0
1600,44,48,46.0
1600,44,48,46.0
1600,44,48,46.0
1600,44,48,46.0
1600,44,48,46.0
1600,44,48,46.0
1600,44,48,46.0
1600,44,48,46.0
1600,44,48,46.0
1600,44,48,46.0
1600,44,48,46.0
1600,44,48,46.0
1600,44,48,46.0
1600,44,48,46.0
1600,44,48,46.0
1600,44,48,46.0
1600,44,48,46.0
1600,44,48,46.0
1600,44,48,46.0
1600,44,48,46.0
1600,44,48,46.0
1600,44,48,46.0
1600,44,48,46.0
1600,44,48,46.0
1600,44,48,46.0
1600,44,48,46.0
1600,44,48,46.0
1600,44,48,46.0
1600,44,48,46.0
1600,44,48,46.0
1600,44,48,46.0
1600,44,48,46.0
1600,44,48,46.0
1600,44,48,46.0
1600,44,48,46.0
1600,44,48,46.0
1600,44,48,46.0
1600,44,48,46.0
1600,44,48,46.0
1600,44,48,46.0
1600,44,48,46.0
1600,44,48,46.0
1600,44,48,46.0
1600,44,48,46.0
1600,44,48,46.0
1600,44,48,46.0
1600,41,48,44.5
1600,41,48,44.5
1600,41,48,44.5
1600,41,48,44.5
1600,41,48,44.5
1600,41,48,44.5
1600,41,48,44.5
1600,41,48,44.5
1600,41,48,44.5
1600,41,48,44.5
1600,41,48,44.5
1600,41,48,44.5
1600,41,48,44.5
1600,42,48,45.0
1600,42,48,45.0
1600,42,48,45.0
1600,42,48,45.0
1600,42,48,45.0
1600,42,48,45.0
1601,42,48,45.0
1601,42,48,45.0
1601,42,48,45.0
1601,42,48,45.0
1601,42,48,45.0
1601,42,48,45.0
1601,42,48,45.0
1601,42,48,45.0
1601,42,48,45.0
1601,42,48,45.0
1601,42,48,45.0
1601,42,48,45.0
1601,42,48,45.0
1601,42,48,45.0
1601,42,48,45.0
1601,42,48,45.0
1601,42,48,45.0
1601,42,48,45.0
1601,42,48,45.0
1601,42,48,45.0
1601,42,48,45.0
1601,42,48,45.0
1601,42,48,45.0
1601,42,48,45.0
1601,43,48,45.5
1601,43,48,45.5
1601,43,48,45.5
1601,43,48,45.5
1601,43,48,45.5
1601,43,48,45.5
1601,43,48,45.5
1601,43,48,45.5
1601,43,48,45.5
1601,43,48,45.5
1601,43,48,45.5
1601,43,48,45.5
1601,40,48,44.0
1601,40,48,44.0
1601,40,48,44.0
1601,40,48,44.0
1601,41,48,44.5
1601,41,48,44.5
1601,41,48,44.5
1601,41,48,44.5
1601,41,48,44.5
1601,41,48,44.5
1601,41,48,44.5
1601,41,48,44.5
1601,41,48,44.5
1601,41,48,44.5
1601,41,48,44.5
1601,41,48,44.5
1601,41,48,44.5
1601,41,48,44.5
1601,41,48,44.5
1601,41,48,44.5
1601,41,48,44.5
1601,41,48,44.5
1601,41,48,44.5
1601,41,48,44.5
1601,41,48,44.5
1601,41,48,44.5
1601,41,48,44.5
1601,41,48,44.5
1601,41,48,44.5
1602,41,48,44.5
1602,42,48,45.0
1602,42,48,45.0
1602,42,48,45.0
1602,42,48,45.0
1602,42,48,45.0
1602,42,48,45.0
1602,42,48,45.0
1602,42,48,45.0
1602,42,48,45.0
1602,42,48,45.0
1602,42,48,45.0
1602,42,48,45.0
1602,42,48,45.0
1602,42,48,45.0
1602,42,48,45.0
1602,42,48,45.0
1602,42,48,45.0
1602,42,48,45.0
1602,42,48,45.0
1602,42,48,45.0
1602,42,48,45.0
1602,42,48,45.0
1602,42,48,45.0
1602,42,48,45.0
1602,42,48,45.0
1602,42,48,45.0
1602,42,48,45.0
1602,42,48,45.0
1602,42,48,45.0
1602,42,48,45.0
1602,42,48,45.0
1602,42,48,45.0
1602,42,48,45.0
1602,42,48,45.0
1602,42,48,45.0
1602,42,48,45.0
1602,42,48,45.0
1602,42,48,45.0
1602,42,48,45.0
1602,43,48,45.5
1602,43,48,45.5
1602,43,48,45.5
1602,43,48,45.5
1602,43,48,45.5
1602,43,48,45.5
1602,43,48,45.5
1602,43,48,45.5
1602,43,48,45.5
1602,43,48,45.5
1602,43,48,45.5
1602,43,48,45.5
1602,43,48,45.5
1602,43,48,45.5
1602,43,48,45.5
1602,43,48,45.5
1602,43,48,45.5
1602,40,48,44.0
1602,40,48,44.0
1602,40,48,44.0
1602,40,48,44.0
1602,40,48,44.0
1602,40,48,44.0
1602,40,48,44.0
1602,40,48,44.0
1603,40,48,44.0
1603,40,48,44.0
1603,40,48,44.0
1603,40,48,44.0
1603,40,48,44.0
1603,40,48,44.0
1603,40,48,44.0
1603,40,48,44.0
1603,41,48,44.5
1603,41,48,44.5
1603,41,48,44.5
1603,41,48,44.5
1603,41,48,44.5
1603,41,48,44.5
1603,41,48,44.5
1603,41,48,44.5
1603,41,48,44.5
1603,41,48,44.5
1603,41,48,44.5
1603,42,48,45.0
1603,42,48,45.0
1603,42,48,45.0
1603,42,48,45.0
1603,42,48,45.0
1603,42,48,45.0
1603,42,48,45.0
1603,42,48,45.0
1603,42,48,45.0
1603,42,48,45.0
1603,42,48,45.0
1603,43,48,45.5
1603,43,48,45.5
1603,43,48,45.5
1603,43,48,45.5
1603,43,48,45.5
1603,43,48,45.5
1603,43,48,45.5
1603,43,48,45.5
1603,43,48,45.5
1603,43,48,45.5
1603,43,48,45.5
1603,43,48,45.5
1603,40,48,44.0
1603,40,48,44.0
1603,40,48,44.0
1603,40,48,44.0
1603,40,48,44.0
1603,40,48,44.0
1603,40,48,44.0
1603,40,48,44.0
1603,41,48,44.5
1603,41,48,44.5
1603,41,48,44.5
1603,41,48,44.5
1603,41,48,44.5
1603,41,48,44.5
1603,41,48,44.5
1603,41,48,44.5
1603,40,48,44.0
1604,41,48,44.5
1604,41,48,44.5
1604,41,48,44.5
1604,41,48,44.5
1604,41,48,44.5
1604,41,48,44.5
1604,41,48,44.5
1604,40,48,44.0
1604,40,48,44.0
1604,40,48,44.0
1604,40,48,44.0
1604,40,48,44.0
1604,40,48,44.0
1604,40,48,44.0
1604,40,48,44.0
1604,40,48,44.0
1604,40,48,44.0
1604,40,48,44.0
1604,40,48,44.0
1604,40,48,44.0
1604,40,48,44.0
1604,40,48,44.0
1604,40,48,44.0
1604,40,48,44.0
1604,41,48,44.5
1604,41,48,44.5
1604,41,48,44.5
1604,41,48,44.5
1604,41,48,44.5
1604,41,48,44.5
1604,41,48,44.5
1604,41,48,44.5
1604,41,48,44.5
1604,41,48,44.5
1604,41,48,44.5
1604,41,50,45.5
1604,41,49,45.0
1604,41,49,45.0
1604,41,49,45.0
1604,41,49,45.0
1604,41,49,45.0
1604,41,49,45.0
1604,41,49,45.0
1604,41,49,45.0
1604,41,49,45.0
1604,41,49,45.0
1604,41,48,44.5
1604,41,48,44.5
1605,41,48,44.5
1605,41,48,44.5
1605,41,48,44.5
1605,41,48,44.5
1605,41,48,44.5
1605,41,48,44.5
1605,41,48,44.5
1605,41,48,44.5
1605,41,48,44.5
1605,41,48,44.5
1605,41,48,44.5
1605,41,48,44.5
1605,41,48,44.5
1605,41,48,44.5
1605,41,48,44.5
1605,41,48,44.5
1605,41,48,44.5
1605,41,48,44.5
1605,41,48,44.5
1605,41,48,44.5
1605,41,48,44.5
1605,41,48,44.5
1605,41,48,44.5
1605,41,48,44.5
1605,41,48,44.5
1605,41,48,44.5
1605,41,48,44.5
1605,41,48,44.5
1605,41,48,44.5
1605,41,48,44.5
1605,41,48,44.5
1605,41,48,44.5
1605,41,48,44.5
1605,41,48,44.5
1605,41,48,44.5
1605,41,48,44.5
1605,41,48,44.5
1605,41,48,44.5
1605,41,48,44.5
1605,41,48,44.5
1605,41,48,44.5
1605,41,48,44.5
1605,41,48,44.5
1605,41,48,44.5
1605,41,48,44.5
1605,41,48,44.5
1605,41,48,44.5
1605,41,48,44.5
1605,41,48,44.5
1605,41,48,44.5
1605,41,48,44.5
1605,41,48,44.5
1605,41,48,44.5
1605,41,48,44.5
1605,41,48,44.5
1605,41,48,44.5
1605,41,48,44.5
1606,41,48,44.5
1606,41,48,44.5
1606,41,48,44.5
1606,41,48,44.5
1606,41,48,44.5
1606,41,48,44.5
1606,41,48,44.5
1606,41,48,44.5
1606,41,48,44.5
1606,41,48,44.5
1606,41,48,44.5
1606,41,48,44.5
1606,41,48,44.5
1606,41,48,44.5
1606,41,48,44.5
1606,41,48,44.5
1606,41,48,44.5
1606,41,48,44.5
1606,41,48,44.5
1606,41,48,44.5
1606,41,48,44.5
1606,41,48,44.5
1606,41,48,44.5
1606,41,48,44.5
1606,41,48,44.5
1606,41,48,44.5
1606,41,48,44.5
1606,41,48,44.5
1606,41,48,44.5
1606,41,48,44.5
1606,41,48,44.5
1606,41,48,44.5
1606,41,48,44.5
1606,41,48,44.5
1606,41,48,44.5
1606,41,48,44.5
1607,41,48,44.5
1607,41,48,44.5
1607,41,48,44.5
1607,41,48,44.5
1607,41,48,44.5
1607,41,48,44.5
1607,41,48,44.5
1607,41,48,44.5
1607,41,48,44.5
1607,41,48,44.5
1607,41,48,44.5
1607,41,48,44.5
1607,41,48,44.5
1607,41,48,44.5
1607,41,48,44.5
1607,41,48,44.5
1607,41,48,44.5
1607,41,48,44.5
1608,41,48,44.5
1608,41,48,44.5
1608,41,48,44.5
1608,41,48,44.5
1608,41,48,44.5
1608,41,48,44.5
1609,41,48,44.5
1609,41,48,44.5
1609,41,48,44.5
1609,41,48,44.5
1609,41,48,44.5
1610,41,48,44.5
1611,41,48,44.5
1611,41,48,44.5
1611,41,48,44.5
1611,41,48,44.5
1611,41,48,44.5
1611,41,48,44.5
1611,41,48,44.5
1611,41,48,44.5
1611,41,48,44.5
1611,41,48,44.5
1611,41,48,44.5
1611,41,48,44.5
1611,41,48,44.5
1612,41,48,44.5
1612,41,48,44.5
1612,41,48,44.5
1612,41,48,44.5
1612,41,48,44.5
1612,41,48,44.5
1612,41,48,44.5
1612,41,48,44.5
1612,41,48,44.5
1612,41,48,44.5
1612,41,48,44.5
1612,41,48,44.5
1612,41,48,44.5
1612,41,48,44.5
1612,41,48,44.5
1612,41,48,44.5
1612,41,48,44.5
1612,41,48,44.5
1612,41,48,44.5
1612,41,48,44.5
1612,41,48,44.5
1612,41,48,44.5
1612,41,48,44.5
1612,41,48,44.5
1612,41,48,44.5
1612,41,47,44.0
1612,41,47,44.0
1612,41,45,43.0
1612,41,45,43.0
1612,41,45,43.0
1612,41,44,42.5
1612,41,44,42.5
1612,41,44,42.5
1612,41,44,42.5
1612,41,44,42.5
1612,41,44,42.5
1612,41,44,42.5
1612,41,44,42.5
1612,41,44,42.5
1612,41,44,42.5
1612,41,44,42.5
1612,41,44,42.5
1612,41,44,42.5
1612,41,44,42.5
1612,41,44,42.5
1612,41,44,42.5
1612,41,44,42.5
1612,41,44,42.5
1612,41,44,42.5
1612,41,44,42.5
1612,41,44,42.5
1612,41,44,42.5
1612,41,44,42.5
1612,41,44,42.5
1612,41,44,42.5
1612,41,44,42.5
1612,41,44,42.5
1612,41,44,42.5
1612,41,44,42.5
1612,41,44,42.5
1612,41,44,42.5
1612,41,44,42.5
1612,41,44,42.5
1612,41,44,42.5
1612,41,44,42.5
1612,41,44,42.5
1612,41,44,42.5
1612,41,43,42.0
1612,41,43,42.0
1612,41,43,42.0
1612,41,43,42.0
1612,41,43,42.0
1612,41,43,42.0
1612,41,43,42.0
1612,41,43,42.0
1612,41,43,42.0
1612,41,43,42.0
1612,41,43,42.0
1612,41,43,42.0
1612,41,43,42.0
1612,41,43,42.0
1612,41,43,42.0
1612,41,43,42.0
1612,41,43,42.0
1612,41,43,42.0
1612,41,43,42.0
1612,41,43,42.0
1612,41,43,42.0
1612,41,43,42.0
1612,41,43,42.0
1612,41,43,42.0
1612,41,43,42.0
1612,41,43,42.0
1612,41,43,42.0
1612,41,43,42.0
1612,41,43,42.0
1612,41,42,41.5
1612,41,42,41.5
1612,41,42,41.5
1612,41,42,41.5
1612,41,42,41.5
1612,41,42,41.5
1612,41,42,41.5
1612,41,42,41.5
1612,41,42,41.5
1612,41,42,41.5
1612,41,42,41.5
1612,41,42,41.5
1612,41,42,41.5
1612,41,42,41.5
1612,41,42,41.5
1612,41,42,41.5
1612,41,42,41.5
1612,41,42,41.5
1612,41,42,41.5
1612,41,42,41.5
1612,41,42,41.5
1612,41,42,41.5
1612,41,42,41.5
1612,41,42,41.5
1612,41,42,41.5
1612,41,42,41.5
1612,41,42,41.5
1612,41,42,41.5
1612,41,42,41.5
1612,41,42,41.5
1613,41,42,41.5
1613,41,42,41.5
1613,41,42,41.5
1613,41,42,41.5
1613,41,42,41.5
1613,41,42,41.5
1613,41,42,41.5
1613,41,42,41.5
1613,41,42,41.5
1613,41,42,41.5
1613,41,42,41.5
1613,41,42,41.5
1613,41,42,41.5
1613,41,42,41.5
1613,41,42,41.5
1613,41,42,41.5
1613,41,42,41.5
1613,41,42,41.5
1613,41,42,41.5
1613,41,42,41.5
1613,41,42,41.5
1613,41,42,41.5
1613,41,42,41.5
1613,41,42,41.5
1613,41,42,41.5
1613,41,42,41.5
1613,41,42,41.5
1613,41,42,41.5
1613,41,42,41.5
1613,41,42,41.5
1613,41,42,41.5
1613,41,42,41.5
1613,41,42,41.5
1613,41,42,41.5
1613,41,42,41.5
1613,41,42,41.5
1613,41,42,41.5
1613,41,42,41.5
1613,41,42,41.5
1613,41,42,41.5
1613,41,42,41.5
1613,41,42,41.5
1613,41,42,41.5
1613,41,42,41.5
1613,41,42,41.5
1613,41,42,41.5
1613,41,42,41.5
1613,41,42,41.5
1613,41,42,41.5
1613,41,42,41.5
1613,41,42,41.5
1613,41,42,41.5
1613,41,42,41.5
1613,41,42,41.5
1613,41,42,41.5
1613,41,42,41.5
1613,41,42,41.5
1613,41,42,41.5
1613,41,42,41.5
1613,41,42,41.5
1613,41,42,41.5
1613,41,42,41.5
1613,41,42,41.5
1613,41,42,41.5
1613,41,42,41.5
1613,41,42,41.5
1613,41,42,41.5
1613,41,42,41.5
1613,41,42,41.5
1613,41,42,41.5
1613,41,42,41.5
1613,41,42,41.5
1613,41,42,41.5
1613,41,42,41.5
1613,41,42,41.5
1613,41,42,41.5
1613,41,42,41.5
1613,41,42,41.5
1613,41,42,41.5
1613,41,42,41.5
1613,41,42,41.5
1613,41,42,41.5
1613,41,42,41.5
1613,40,42,41.0
1613,40,42,41.0
1613,40,42,41.0
1613,40,42,41.0
1613,40,42,41.0
1613,40,42,41.0
1613,40,42,41.0
1613,40,42,41.0
1613,40,42,41.0
1613,40,42,41.0
1613,40,42,41.0
1613,40,41,40.5
1614,40,41,40.5
1614,40,41,40.5
1614,40,41,40.5
1614,40,41,40.5
1614,40,41,40.5
1614,40,41,40.5
1614,40,41,40.5
1614,40,41,40.5
1614,40,41,40.5
1614,40,41,40.5
1614,40,41,40.5
1614,40,41,40.5
1614,40,41,40.5
1614,40,41,40.5
1614,40,41,40.5
1614,40,41,40.5
1614,40,41,40.5
1614,40,41,40.5
1614,40,41,40.5
1614,40,41,40.5
1614,40,41,40.5
1614,40,41,40.5
1614,40,41,40.5
1614,40,41,40.5
1614,40,41,40.5
1614,40,41,40.5
1614,40,41,40.5
1614,40,41,40.5
1614,40,41,40.5
1614,40,41,40.5
1614,40,41,40.5
1614,40,41,40.5
1614,40,41,40.5
1615,40,41,40.5
1615,39,41,40.0
1615,39,41,40.0
1615,39,41,40.0
1615,39,41,40.0
1615,39,41,40.0
1615,39,41,40.0
1615,39,41,40.0
1615,39,41,40.0
1615,39,41,40.0
1615,39,41,40.0
1615,39,41,40.0
1615,39,41,40.0
1615,39,41,40.0
1615,39,41,40.0
1615,39,41,40.0
1615,39,41,40.0
1615,39,41,40.0
1615,39,41,40.0
1615,39,41,40.0
1615,39,41,40.0
1615,39,41,40.0
1616,39,41,40.0
1616,39,41,40.0
1616,39,41,40.0
1616,39,41,40.0
1616,39,41,40.0
1616,39,41,40.0
1616,39,41,40.0
1616,40,41,40.5
1616,40,41,40.5
1616,40,41,40.5
1616,40,41,40.5
1616,40,41,40.5
1616,40,41,40.5
1616,40,41,40.5
1616,40,41,40.5
1616,40,41,40.5
1616,40,41,40.5
1616,40,41,40.5
1616,40,41,40.5
1616,40,41,40.5
1616,40,41,40.5
1616,40,41,40.5
1616,40,41,40.5
1616,40,41,40.5
1617,40,41,40.5
1617,40,41,40.5
1617,40,41,40.5
1617,40,41,40.5
1617,40,41,40.5
1617,40,41,40.5
1617,40,41,40.5
1617,40,41,40.5
1617,40,41,40.5
1617,40,41,40.5
1617,40,41,40.5
1617,40,41,40.5
1618,40,41,40.5
1618,40,41,40.5
1618,40,41,40.5
1618,40,41,40.5
1618,40,41,40.5
1618,40,41,40.5
1618,40,41,40.5
1618,40,41,40.5
1619,40,41,40.5
1619,40,41,40.5
1619,40,41,40.5
1619,40,41,40.5
1619,40,41,40.5
1619,40,41,40.5
1619,40,41,40.5
1619,40,41,40.5
1619,40,41,40.5
1619,40,41,40.5
1619,40,41,40.5
1619,40,41,40.5
1619,40,41,40.5
1619,40,41,40.5
1619,40,41,40.5
1619,40,41,40.5
1619,40,41,40.5
1619,40,41,40.5
1619,40,41,40.5
1619,40,41,40.5
1619,40,41,40.5
1619,40,41,40.5
1619,40,41,40.5
1620,40,41,40.5
1620,40,41,40.5
1620,40,41,40.5
1620,40,41,40.5
1620,40,41,40.5
1620,40,41,40.5
1620,40,41,40.5
1620,40,41,40.5
1620,40,41,40.5
1620,40,41,40.5
1620,40,41,40.5
1620,40,41,40.5
1620,40,41,40.5
1620,40,41,40.5
1620,40,41,40.5
1620,40,41,40.5
1620,40,41,40.5
1620,40,41,40.5
1620,40,41,40.5
1620,40,41,40.5
1620,40,41,40.5
1620,40,41,40.5
1620,40,41,40.5
1621,40,41,40.5
1621,40,41,40.5
1621,40,41,40.5
1621,40,41,40.5
1621,40,41,40.5
1621,40,41,40.5
1621,40,41,40.5
1621,40,41,40.5
1621,40,41,40.5
1621,40,41,40.5
1621,40,41,40.5
1621,40,41,40.5
1621,40,41,40.5
1621,40,41,40.5
1621,40,41,40.5
1621,40,41,40.5
1621,40,41,40.5
1621,40,41,40.5
1622,40,41,40.5
1622,40,41,40.5
1622,40,41,40.5
1623,40,41,40.5
1623,40,41,40.5
1623,40,41,40.5
1623,40,41,40.5
1623,40,41,40.5
1624,40,41,40.5
1624,40,41,40.5
1624,40,41,40.5
1624,40,41,40.5
1624,40,41,40.5
1624,40,41,40.5
1624,40,41,40.5
1624,40,41,40.5
1625,40,41,40.5
1625,40,41,40.5
1625,40,41,40.5
1625,40,41,40.5
1625,40,41,40.5
1626,40,41,40.5
1626,40,41,40.5
1626,40,41,40.5
1626,40,41,40.5
1627,40,41,40.5
1627,40,41,40.5
1627,40,41,40.5
1627,40,41,40.5
1629,40,41,40.5
1629,40,41,40.5
1629,40,41,40.5
1629,40,41,40.5
1629,40,41,40.5
1629,40,41,40.5
1629,40,41,40.5
1629,40,41,40.5
1629,40,41,40.5
1629,40,41,40.5
1629,40,41,40.5
1629,40,41,40.5
1629,40,41,40.5
1629,40,41,40.5
1629,40,41,40.5
1629,40,41,40.5
1629,40,41,40.5
1629,40,41,40.5
1629,40,41,40.5
1629,40,41,40.5
1629,40,41,40.5
1629,40,41,40.5
1630,40,41,40.5
1630,40,41,40.5
1630,40,41,40.5
1630,40,41,40.5
1633,40,41,40.5
1634,40,41,40.5
1634,40,41,40.5
1634,40,41,40.5
1634,40,41,40.5
1634,40,41,40.5
1634,40,41,40.5
1634,40,41,40.5
1634,40,41,40.5
1634,40,41,40.5
1634,40,41,40.5
1634,40,41,40.5
1634,40,41,40.5
1634,40,41,40.5
1634,40,41,40.5
1634,40,41,40.5
1634,40,41,40.5
1634,40,41,40.5
1634,40,41,40.5
1634,40,41,40.5
1634,40,41,40.5
1634,40,41,40.5
1634,40,41,40.5
1634,40,41,40.5
1634,40,41,40.5
1634,40,41,40.5
1634,40,41,40.5
1634,40,41,40.5
1634,40,41,40.5
1634,40,41,40.5
1634,40,41,40.5
1634,40,41,40.5
1634,40,41,40.5
1634,40,41,40.5
1634,40,41,40.5
1634,40,41,40.5
1634,40,41,40.5
1634,40,41,40.5
1634,40,41,40.5
1634,40,41,40.5
1634,40,41,40.5
1634,40,41,40.5
1634,40,41,40.5
1634,40,41,40.5
1634,40,41,40.5
1634,40,41,40.5
1634,40,41,40.5
1634,40,41,40.5
1634,40,41,40.5
1634,40,41,40.5
1634,40,41,40.5
1634,40,41,40.5
1634,40,41,40.5
1634,40,41,40.5
1634,40,41,40.5
1634,40,41,40.5
1634,40,41,40.5
1634,40,41,40.5
1634,40,41,40.5
1634,40,41,40.5
1634,40,41,40.5
1634,40,41,40.5
1634,40,41,40.5
1634,40,41,40.5
1634,40,41,40.5
1634,40,41,40.5
1634,40,41,40.5
1634,40,41,40.5
1634,40,42,41.0
1634,40,42,41.0
1634,40,42,41.0
1634,40,42,41.0
1634,40,42,41.0
1634,40,42,41.0
1634,40,42,41.0
1634,40,42,41.0
1634,40,43,41.5
1634,40,43,41.5
1634,40,43,41.5
1634,40,43,41.5
1634,40,43,41.5
1634,40,43,41.5
1634,40,43,41.5
1634,40,43,41.5
1634,40,43,41.5
1634,40,43,41.5
1634,40,44,42.0
1634,40,44,42.0
1634,40,44,42.0
1634,40,44,42.0
1634,40,44,42.0
1634,40,44,42.0
1634,40,44,42.0
1634,40,44,42.0
1634,40,44,42.0
1634,40,44,42.0
1634,40,44,42.0
1634,40,44,42.0
1634,40,44,42.0
1634,40,44,42.0
1634,40,44,42.0
1634,40,44,42.0
1634,39,44,41.5
1634,39,44,41.5
1634,39,44,41.5
1634,39,44,41.5
1634,39,44,41.5
1634,39,44,41.5
1634,39,44,41.5
1634,39,44,41.5
1634,39,44,41.5
1634,39,44,41.5
1634,39,44,41.5
1634,39,44,41.5
1634,39,44,41.5
1634,39,44,41.5
1634,39,44,41.5
1634,39,44,41.5
1634,39,44,41.5
1634,39,44,41.5
1634,39,44,41.5
1634,39,44,41.5
1634,39,44,41.5
1634,39,44,41.5
1634,39,44,41.5
1634,39,44,41.5
1634,39,44,41.5
1634,39,44,41.5
1634,39,44,41.5
1634,39,44,41.5
1634,39,44,41.5
1634,39,44,41.5
1634,39,44,41.5
1634,39,44,41.5
1634,39,44,41.5
1635,39,44,41.5
1635,39,44,41.5
1635,39,44,41.5
1635,39,44,41.5
1635,39,44,41.5
1635,39,44,41.5
1635,39,44,41.5
1635,39,44,41.5
1635,39,44,41.5
1635,39,44,41.5
1635,39,44,41.5
1635,39,44,41.5
1635,39,44,41.5
1635,39,44,41.5
1635,39,44,41.5
1635,39,44,41.5
1635,39,44,41.5
1635,39,44,41.5
1635,39,44,41.5
1635,39,44,41.5
1635,39,44,41.5
1635,39,44,41.5
1635,39,44,41.5
1635,39,44,41.5
1635,39,44,41.5
1635,39,44,41.5
1635,39,44,41.5
1635,39,44,41.5
1635,39,44,41.5
1635,39,44,41.5
1635,39,44,41.5
1635,39,44,41.5
1635,39,44,41.5
1635,39,44,41.5
1635,39,44,41.5
1635,39,44,41.5
1635,39,44,41.5
1635,39,44,41.5
1635,39,44,41.5
1635,39,44,41.5
1635,39,44,41.5
1635,39,44,41.5
1635,39,44,41.5
1635,39,44,41.5
1635,39,44,41.5
1635,39,44,41.5
1635,39,44,41.5
1635,39,44,41.5
1635,39,44,41.5
1636,39,44,41.5
1636,39,44,41.5
1636,39,44,41.5
1636,39,44,41.5
1637,39,44,41.5
1637,39,44,41.5
1637,39,44,41.5
1637,39,44,41.5
1638,39,44,41.5
1638,39,44,41.5
1638,39,44,41.5
1638,39,44,41.5
1638,39,44,41.5
1638,39,44,41.5
1639,39,44,41.5
1639,39,44,41.5
1639,39,44,41.5
1639,39,44,41.5
1639,39,44,41.5
1639,39,44,41.5
1639,39,44,41.5
1639,39,44,41.5
1639,39,44,41.5
1639,39,44,41.5
1639,39,44,41.5
1639,39,44,41.5
1639,39,44,41.5
1639,39,44,41.5
1639,39,44,41.5
1639,39,44,41.5
1639,39,44,41.5
1639,39,44,41.5
1639,39,44,41.5
1639,39,44,41.5
1639,39,44,41.5
1639,39,44,41.5
1639,39,44,41.5
1639,39,44,41.5
1639,39,44,41.5
1639,39,44,41.5
1639,39,44,41.5
1639,39,44,41.5
1639,39,44,41.5
1639,39,44,41.5
1639,39,44,41.5
1639,39,44,41.5
1639,39,44,41.5
1639,39,44,41.5
1639,39,43,41.0
1639,39,43,41.0
1639,39,43,41.0
1639,39,43,41.0
1639,39,43,41.0
1639,39,43,41.0
1639,39,43,41.0
1639,39,43,41.0
1639,39,43,41.0
1639,39,43,41.0
1639,39,43,41.0
1639,39,43,41.0
1639,39,43,41.0
1639,39,43,41.0
1639,39,43,41.0
1639,39,43,41.0
1639,39,43,41.0
1639,39,43,41.0
1639,39,43,41.0
1639,39,43,41.0
1639,39,43,41.0
1639,39,43,41.0
1639,39,43,41.0
1639,39,43,41.0
1639,39,43,41.0
1640,39,43,41.0
1640,39,43,41.0
1640,39,43,41.0
1640,39,43,41.0
1640,39,43,41.0
1640,39,43,41.0
1640,39,43,41.0
1640,39,43,41.0
1640,39,43,41.0
1640,39,42,40.5
1640,39,42,40.5
1640,39,42,40.5
1640,39,42,40.5
1640,39,42,40.5
1640,39,42,40.5
1640,39,42,40.5
1640,39,42,40.5
1640,39,42,40.5
1640,39,42,40.5
1640,39,41,40.0
1640,39,41,40.0
1640,39,41,40.0
1640,39,41,40.0
1640,39,41,40.0
1640,39,41,40.0
1640,39,41,40.0
1640,39,41,40.0
1640,39,41,40.0
1640,39,41,40.0
1640,39,41,40.0
1640,39,41,40.0
1640,39,41,40.0
1640,39,41,40.0
1640,39,41,40.0
1640,39,41,40.0
1640,39,41,40.0
1640,39,41,40.0
1640,39,41,40.0
1640,39,41,40.0
1640,39,41,40.0
1640,39,41,40.0
1640,39,41,40.0
1640,39,41,40.0
1640,39,41,40.0
1640,39,41,40.0
1640,39,41,40.0
1640,39,41,40.0
1640,39,41,40.0
1640,39,41,40.0
1640,39,41,40.0
1640,39,41,40.0
1640,39,41,40.0
1640,39,41,40.0
1640,39,41,40.0
1640,39,41,40.0
1640,39,41,40.0
1640,39,41,40.0
1640,39,41,40.0
1640,39,41,40.0
1640,39,41,40.0
1640,39,40,39.5
1640,39,40,39.5
1640,39,40,39.5
1640,39,40,39.5
1640,39,40,39.5
1640,39,40,39.5
1640,39,40,39.5
1640,39,40,39.5
1640,39,40,39.5
1640,39,40,39.5
1640,39,40,39.5
1640,39,40,39.5
1640,39,40,39.5
1640,39,40,39.5
1640,39,40,39.5
1640,39,40,39.5
1640,39,40,39.5
1640,39,40,39.5
1640,39,40,39.5
1641,39,40,39.5
1641,39,40,39.5
1641,39,40,39.5
1641,39,40,39.5
1641,39,40,39.5
1641,39,40,39.5
1641,39,40,39.5
1641,39,40,39.5
1641,39,40,39.5
1641,39,40,39.5
1641,39,40,39.5
1641,39,40,39.5
1641,39,40,39.5
1641,39,40,39.5
1641,39,40,39.5
1641,39,40,39.5
1641,39,40,39.5
1641,39,40,39.5
1641,39,40,39.5
1641,39,40,39.5
1641,39,40,39.5
1641,39,40,39.5
1641,39,40,39.5
1641,39,40,39.5
1641,39,40,39.5
1641,39,40,39.5
1641,39,40,39.5
1641,39,40,39.5
1641,39,40,39.5
1641,39,40,39.5
1641,39,40,39.5
1641,39,40,39.5
1641,39,40,39.5
1641,39,40,39.5
1641,39,40,39.5
1641,39,40,39.5
1641,39,40,39.5
1641,39,40,39.5
1641,39,40,39.5
1641,39,40,39.5
1641,39,40,39.5
1641,39,40,39.5
1641,39,40,39.5
1641,39,40,39.5
1641,39,40,39.5
1641,39,40,39.5
1641,39,40,39.5
1641,39,40,39.5
1642,39,40,39.5
1642,39,40,39.5
1642,39,40,39.5
1642,39,40,39.5
1642,39,40,39.5
1642,39,40,39.5
1642,39,40,39.5
1642,39,40,39.5
1642,39,40,39.5
1642,39,40,39.5
1642,39,40,39.5
1642,39,40,39.5
1642,39,40,39.5
1642,39,40,39.5
1642,39,40,39.5
1642,39,40,39.5
1642,39,40,39.5
1642,39,40,39.5
1642,39,40,39.5
1642,39,40,39.5
1642,39,40,39.5
1642,39,40,39.5
1642,39,40,39.5
1642,39,40,39.5
1642,39,40,39.5
1642,39,40,39.5
1642,39,40,39.5
1642,39,40,39.5
1642,39,40,39.5
1642,39,40,39.5
1642,39,40,39.5
1642,39,40,39.5
1642,39,40,39.5
1642,39,40,39.5
1642,39,40,39.5
1643,39,40,39.5
1643,39,40,39.5
1643,39,40,39.5
1643,39,40,39.5
1643,39,40,39.5
1643,39,40,39.5
1643,39,40,39.5
1643,39,40,39.5
1643,39,40,39.5
1643,39,40,39.5
1643,38,40,39.0
1643,38,39,38.5
1643,38,39,38.5
1643,38,39,38.5
1643,38,39,38.5
1643,38,39,38.5
1643,38,39,38.5
1643,38,39,38.5
1643,38,39,38.5
1643,38,39,38.5
1643,38,39,38.5
1643,38,39,38.5
1643,38,39,38.5
1643,38,39,38.5
1643,38,39,38.5
1643,38,39,38.5
1643,38,39,38.5
1643,38,39,38.5
1643,38,39,38.5
1643,38,39,38.5
1643,38,39,38.5
1643,38,39,38.5
1643,38,39,38.5
1643,38,39,38.5
1643,38,39,38.5
1643,38,39,38.5
1643,38,39,38.5
1643,38,39,38.5
1643,38,39,38.5
1643,38,39,38.5
1643,38,39,38.5
1643,38,39,38.5
1643,38,39,38.5
1643,38,39,38.5
1643,38,39,38.5
1643,38,39,38.5
1644,38,39,38.5
1644,38,39,38.5
1644,38,39,38.5
1644,38,39,38.5
1644,38,39,38.5
1644,38,39,38.5
1644,38,39,38.5
1644,38,39,38.5
1644,38,39,38.5
1645,38,39,38.5
1645,38,39,38.5
1645,38,39,38.5
1645,38,39,38.5
1645,38,39,38.5
1645,38,39,38.5
1645,38,39,38.5
1645,38,39,38.5
1645,38,39,38.5
1645,38,39,38.5
1645,38,39,38.5
1645,38,39,38.5
1645,38,39,38.5
1645,38,39,38.5
1645,38,39,38.5
1645,38,39,38.5
1645,38,39,38.5
1645,38,39,38.5
1645,38,39,38.5
1645,38,39,38.5
1646,38,39,38.5
1646,38,39,38.5
1646,38,39,38.5
1646,38,39,38.5
1646,38,39,38.5
1647,38,39,38.5
1647,38,39,38.5
1647,38,39,38.5
1647,38,39,38.5
1647,38,39,38.5
1647,38,39,38.5
1647,38,39,38.5
1647,38,39,38.5
1647,38,39,38.5
1647,38,39,38.5
1647,38,39,38.5
1647,38,39,38.5
1647,38,39,38.5
1647,38,39,38.5
1647,38,39,38.5
1647,38,39,38.5
1647,38,39,38.5
1647,38,39,38.5
1647,38,39,38.5
1647,38,39,38.5
1647,38,39,38.5
1647,38,39,38.5
1647,38,39,38.5
1647,38,39,38.5
1647,38,39,38.5
1647,38,39,38.5
1648,38,39,38.5
1648,38,39,38.5
1648,38,39,38.5
1648,38,39,38.5
1648,38,39,38.5
1648,38,39,38.5
1648,38,39,38.5
1648,38,39,38.5
1648,38,39,38.5
1648,38,39,38.5
1648,38,39,38.5
1648,38,39,38.5
1648,38,39,38.5
1648,38,39,38.5
1648,38,39,38.5
1648,38,39,38.5
1648,38,39,38.5
1648,38,39,38.5
1648,38,39,38.5
1648,38,39,38.5
1648,38,39,38.5
1648,38,39,38.5
1648,38,39,38.5
1648,38,39,38.5
1648,38,39,38.5
1648,38,39,38.5
1648,38,39,38.5
1648,38,39,38.5
1648,38,39,38.5
1648,38,39,38.5
1648,38,39,38.5
1648,38,39,38.5
1648,38,39,38.5
1648,38,39,38.5
1648,38,39,38.5
1648,38,39,38.5
1648,38,39,38.5
1648,38,39,38.5
1648,38,39,38.5
1648,38,39,38.5
1648,38,39,38.5
1649,38,39,38.5
1649,38,39,38.5
1649,38,39,38.5
1649,38,39,38.5
1649,38,39,38.5
1649,38,39,38.5
1649,38,39,38.5
1649,38,39,38.5
1649,38,39,38.5
1649,38,39,38.5
1649,38,39,38.5
1649,38,39,38.5
1649,38,39,38.5
1649,38,39,38.5
1649,38,39,38.5
1650,38,39,38.5
1650,38,39,38.5
1650,38,39,38.5
1650,38,39,38.5
1650,38,39,38.5
1650,38,39,38.5
1650,38,39,38.5
1650,38,39,38.5
1650,38,39,38.5
1651,38,39,38.5
1651,38,39,38.5
1651,38,39,38.5
1651,38,39,38.5
1651,38,39,38.5
1651,38,39,38.5
1651,38,39,38.5
1651,38,39,38.5
1651,38,39,38.5
1651,38,39,38.5
1651,38,39,38.5
1651,38,39,38.5
1651,38,39,38.5
1651,38,39,38.5
1651,38,39,38.5
1651,38,39,38.5
1652,38,39,38.5
1652,38,39,38.5
1652,38,39,38.5
1653,38,39,38.5
1653,38,39,38.5
1653,38,39,38.5
1653,38,39,38.5
1653,38,39,38.5
1653,38,39,38.5
1653,38,39,38.5
1653,38,39,38.5
1653,38,39,38.5
1653,38,39,38.5
1653,38,39,38.5
1654,38,39,38.5
1654,38,39,38.5
1654,38,39,38.5
1654,38,39,38.5
1654,38,39,38.5
1654,38,39,38.5
1654,38,39,38.5
1655,38,39,38.5
1655,38,39,38.5
1655,38,39,38.5
1656,38,39,38.5
1656,38,39,38.5
1656,38,39,38.5
1656,38,39,38.5
1656,38,39,38.5
1656,38,39,38.5
1656,38,39,38.5
1656,38,39,38.5
1656,38,39,38.5
1657,38,39,38.5
1657,38,39,38.5
1657,38,39,38.5
1657,38,39,38.5
1657,38,39,38.5
1657,38,39,38.5
1657,38,39,38.5
1657,38,39,38.5
1657,38,39,38.5
1657,38,39,38.5
1657,38,39,38.5
1658,38,39,38.5
1658,38,39,38.5
1659,38,39,38.5
1659,38,39,38.5
1659,38,39,38.5
1659,38,39,38.5
1659,38,39,38.5
1659,38,39,38.5
1659,38,39,38.5
1659,38,39,38.5
1659,38,39,38.5
1661,38,39,38.5
1661,38,39,38.5
1661,38,39,38.5
1661,38,39,38.5
1661,38,39,38.5
1661,38,39,38.5
1661,38,39,38.5
1661,38,39,38.5
1661,38,39,38.5
1661,38,39,38.5
1661,38,39,38.5
1661,38,39,38.5
1661,38,39,38.5
1661,38,39,38.5
1661,38,39,38.5
1661,38,39,38.5
1661,38,39,38.5
1661,38,39,38.5
1661,38,39,38.5
1661,38,39,38.5
1661,38,39,38.5
1661,38,39,38.5
1662,38,39,38.5
1662,38,39,38.5
1662,38,39,38.5
1664,38,39,38.5
1664,38,39,38.5
1664,38,39,38.5
1664,38,39,38.5
1664,38,39,38.5
1664,38,39,38.5
1664,38,39,38.5
1664,38,39,38.5
1664,38,39,38.5
1664,38,39,38.5
1665,38,39,38.5
1665,38,39,38.5
1666,38,39,38.5
1666,38,39,38.5
1666,38,39,38.5
1666,38,39,38.5
1666,38,39,38.5
1666,38,39,38.5
1667,38,39,38.5
1667,38,39,38.5
1667,38,39,38.5
1667,38,39,38.5
1667,38,39,38.5
1667,38,39,38.5
1667,38,39,38.5
1667,38,39,38.5
1667,38,39,38.5
1667,38,39,38.5
1667,38,39,38.5
1667,38,39,38.5
1667,38,39,38.5
1667,38,39,38.5
1667,38,39,38.5
1667,38,39,38.5
1667,38,39,38.5
1667,38,39,38.5
1667,38,39,38.5
1667,38,39,38.5
1667,38,39,38.5
1667,38,39,38.5
1667,38,39,38.5
1667,38,39,38.5
1667,38,39,38.5
1667,38,39,38.5
1667,38,39,38.5
1667,38,39,38.5
1667,38,39,38.5
1667,38,39,38.5
1667,38,39,38.5
1667,38,39,38.5
1667,38,39,38.5
1667,38,39,38.5
1667,38,39,38.5
1667,38,39,38.5
1667,38,39,38.5
1667,38,39,38.5
1667,38,39,38.5
1667,38,39,38.5
1667,38,39,38.5
1667,38,39,38.5
1667,38,39,38.5
1667,38,39,38.5
1667,38,39,38.5
1667,38,39,38.5
1667,38,39,38.5
1667,38,39,38.5
1667,38,39,38.5
1667,38,39,38.5
1667,38,39,38.5
1667,38,39,38.5
1667,38,39,38.5
1667,38,39,38.5
1667,38,39,38.5
1667,38,39,38.5
1667,38,39,38.5
1667,38,39,38.5
1667,38,39,38.5
1667,38,39,38.5
1667,38,39,38.5
1667,38,39,38.5
1667,38,39,38.5
1667,38,39,38.5
1667,38,39,38.5
1667,38,39,38.5
1667,38,39,38.5
1667,38,39,38.5
1667,38,39,38.5
1667,38,39,38.5
1667,38,39,38.5
1667,38,39,38.5
1667,38,39,38.5
1667,38,39,38.5
1667,38,39,38.5
1667,38,39,38.5
1667,38,39,38.5
1667,38,39,38.5
1667,38,39,38.5
1667,38,39,38.5
1668,38,39,38.5
1668,38,39,38.5
1668,38,39,38.5
1668,38,39,38.5
1668,38,39,38.5
1668,38,39,38.5
1668,38,39,38.5
1668,38,39,38.5
1668,38,39,38.5
1668,38,39,38.5
1668,38,39,38.5
1668,38,39,38.5
1668,38,39,38.5
1668,38,39,38.5
1668,38,39,38.5
1668,38,39,38.5
1668,38,39,38.5
1668,38,39,38.5
1668,38,39,38.5
1668,38,39,38.5
1668,38,39,38.5
1668,38,39,38.5
1668,38,39,38.5
1668,38,39,38.5
1668,38,39,38.5
1668,38,39,38.5
1668,38,39,38.5
1668,38,39,38.5
1668,38,39,38.5
1668,38,39,38.5
1668,38,39,38.5
1668,38,39,38.5
1668,38,39,38.5
1668,38,39,38.5
1668,38,39,38.5
1668,38,39,38.5
1668,38,39,38.5
1668,38,39,38.5
1668,38,39,38.5
1668,38,39,38.5
1668,38,39,38.5
1668,38,40,39.0
1668,38,40,39.0
1668,38,40,39.0
1668,38,43,40.5
1668,38,41,39.5
1668,38,41,39.5
1668,38,41,39.5
1668,38,41,39.5
1668,38,41,39.5
1668,38,41,39.5
1668,38,41,39.5
1668,38,42,40.0
1668,38,42,40.0
1668,38,42,40.0
1668,38,42,40.0
1668,38,42,40.0
1668,38,42,40.0
1668,38,42,40.0
1668,38,42,40.0
1668,38,42,40.0
1668,38,42,40.0
1668,38,42,40.0
1668,38,42,40.0
1668,38,42,40.0
1668,38,42,40.0
1668,38,42,40.0
1668,38,42,40.0
1668,38,42,40.0
1668,38,42,40.0
1669,38,42,40.0
1669,38,42,40.0
1669,38,42,40.0
1669,38,42,40.0
1669,38,42,40.0
1669,38,42,40.0
1669,38,42,40.0
1669,38,42,40.0
1669,38,42,40.0
1669,38,42,40.0
1670,38,42,40.0
1670,38,42,40.0
1670,38,42,40.0
1670,38,42,40.0
1670,38,42,40.0
1671,38,42,40.0
1671,38,42,40.0
1672,38,42,40.0
1672,38,42,40.0
1672,38,42,40.0
1672,38,42,40.0
1672,38,42,40.0
1672,38,42,40.0
1673,38,42,40.0
1673,38,42,40.0
1673,38,42,40.0
1673,38,42,40.0
1673,38,42,40.0
1673,38,42,40.0
1673,38,42,40.0
1673,38,42,40.0
1673,38,42,40.0
1673,38,42,40.0
1673,38,42,40.0
1673,38,42,40.0
1673,38,42,40.0
1674,38,42,40.0
1674,38,42,40.0
1674,38,42,40.0
1674,37,42,39.5
1674,37,42,39.5
1674,37,42,39.5
1674,37,42,39.5
1674,37,42,39.5
1674,37,42,39.5
1674,37,42,39.5
1674,37,42,39.5
1674,37,42,39.5
1674,37,42,39.5
1674,37,42,39.5
1674,37,42,39.5
1674,37,42,39.5
1675,37,42,39.5
1675,37,42,39.5
1675,37,42,39.5
1675,37,42,39.5
1675,37,42,39.5
1675,37,42,39.5
1675,37,42,39.5
1675,37,42,39.5
1675,37,42,39.5
1676,37,42,39.5
1676,37,42,39.5
1676,37,42,39.5
1676,37,38,37.5
1677,37,38,37.5
1677,37,38,37.5
1677,37,38,37.5
1677,37,38,37.5
1677,37,38,37.5
1677,37,38,37.5
1677,37,38,37.5
1677,37,38,37.5
1677,37,38,37.5
1677,37,38,37.5
1677,37,38,37.5
1677,37,38,37.5
1678,37,38,37.5
1678,37,38,37.5
1678,37,38,37.5
1678,37,38,37.5
1678,37,38,37.5
1678,37,38,37.5
1678,37,38,37.5
1678,37,38,37.5
1678,37,38,37.5
1678,37,38,37.5
1678,37,38,37.5
1678,37,38,37.5
1678,37,38,37.5
1678,37,38,37.5
1678,37,38,37.5
1679,37,38,37.5
1679,37,38,37.5
1679,37,38,37.5
1679,37,38,37.5
1679,37,38,37.5
1679,37,38,37.5
1680,37,38,37.5
1680,37,38,37.5
1680,37,38,37.5
1680,37,38,37.5
1680,37,38,37.5
1680,37,42,39.5
1680,37,42,39.5
1680,37,42,39.5
1680,37,42,39.5
1680,37,42,39.5
1680,37,42,39.5
1680,37,42,39.5
1680,37,42,39.5
1680,37,42,39.5
1680,37,42,39.5
1680,37,42,39.5
1680,37,42,39.5
1680,37,42,39.5
1680,37,42,39.5
1680,37,42,39.5
1680,37,42,39.5
1680,37,42,39.5
1680,37,42,39.5
1680,37,42,39.5
1680,37,42,39.5
1680,37,42,39.5
1680,37,42,39.5
1680,37,42,39.5
1680,37,42,39.5
1680,37,42,39.5
1680,37,42,39.5
1680,37,42,39.5
1680,37,42,39.5
1680,37,42,39.5
1680,37,42,39.5
1680,37,42,39.5
1680,37,42,39.5
1680,37,42,39.5
1680,37,42,39.5
1680,37,42,39.5
1680,37,43,40.0
1680,37,43,40.0
1680,37,43,40.0
1680,37,43,40.0
1680,37,43,40.0
1680,37,43,40.0
1680,37,43,40.0
1680,37,43,40.0
1680,37,43,40.0
1680,37,43,40.0
1680,37,43,40.0
1680,37,43,40.0
1680,37,43,40.0
1681,37,43,40.0
1681,37,43,40.0
1681,37,43,40.0
1681,37,43,40.0
1681,37,43,40.0
1681,37,43,40.0
1681,37,43,40.0
1681,37,43,40.0
1681,37,43,40.0
1681,37,43,40.0
1681,37,43,40.0
1682,37,43,40.0
1682,37,43,40.0
1682,37,43,40.0
1682,37,43,40.0
1683,37,43,40.0
1683,37,43,40.0
1683,37,43,40.0
1683,37,43,40.0
1683,37,43,40.0
1683,37,43,40.0
1683,37,43,40.0
1683,37,43,40.0
1683,37,43,40.0
1683,37,43,40.0
1683,37,43,40.0
1683,37,43,40.0
1683,37,43,40.0
1683,37,42,39.5
1683,37,42,39.5
1683,37,42,39.5
1683,37,42,39.5
1683,37,42,39.5
1683,37,42,39.5
1683,37,41,39.0
1683,37,41,39.0
1684,37,41,39.0
1684,37,41,39.0
1684,37,41,39.0
1684,37,41,39.0
1684,37,41,39.0
1684,37,41,39.0
1684,37,41,39.0
1684,37,41,39.0
1684,37,41,39.0
1684,37,41,39.0
1684,37,41,39.0
1684,37,41,39.0
1684,37,41,39.0
1684,37,41,39.0
1684,37,41,39.0
1684,37,41,39.0
1684,37,41,39.0
1684,37,41,39.0
1684,37,41,39.0
1684,37,41,39.0
1684,37,41,39.0
1684,37,41,39.0
1684,37,41,39.0
1684,37,41,39.0
1684,37,41,39.0
1684,37,40,38.5
1684,37,40,38.5
1684,37,40,38.5
1684,37,40,38.5
1684,37,40,38.5
1684,37,39,38.0
1684,37,39,38.0
1684,37,39,38.0
1684,37,39,38.0
1684,37,39,38.0
1684,37,39,38.0
1684,37,39,38.0
1684,37,39,38.0
1684,37,39,38.0
1684,37,39,38.0
1684,37,39,38.0
1684,37,39,38.0
1684,37,39,38.0
1684,37,39,38.0
1684,37,39,38.0
1684,37,39,38.0
1684,37,39,38.0
1684,37,39,38.0
1684,37,39,38.0
1684,37,39,38.0
1684,37,39,38.0
1684,37,39,38.0
1684,37,39,38.0
1684,37,39,38.0
1684,37,39,38.0
1684,37,39,38.0
1684,37,39,38.0
1684,37,39,38.0
1684,37,39,38.0
1684,37,39,38.0
1684,37,39,38.0
1684,37,39,38.0
1684,37,38,37.5
1684,37,38,37.5
1684,37,38,37.5
1684,37,38,37.5
1684,37,38,37.5
1684,37,38,37.5
1684,37,38,37.5
1684,37,38,37.5
1684,37,38,37.5
1684,37,38,37.5
1684,37,38,37.5
1684,37,38,37.5
1684,37,38,37.5
1684,37,38,37.5
1684,37,38,37.5
1684,37,38,37.5
1684,37,38,37.5
1684,37,38,37.5
1684,37,38,37.5
1684,37,38,37.5
1684,37,38,37.5
1684,37,38,37.5
1684,37,38,37.5
1684,37,38,37.5
1684,37,38,37.5
1684,37,38,37.5
1684,37,38,37.5
1684,37,38,37.5
1684,37,38,37.5
1684,37,38,37.5
1684,37,38,37.5
1684,37,38,37.5
1684,37,38,37.5
1684,37,38,37.5
1684,37,38,37.5
1685,37,38,37.5
1685,37,38,37.5
1685,37,38,37.5
1685,37,38,37.5
1685,37,38,37.5
1685,37,38,37.5
1685,37,38,37.5
1685,37,38,37.5
1685,37,38,37.5
1685,37,38,37.5
1685,37,38,37.5
1685,37,38,37.5
1685,37,38,37.5
1685,37,38,37.5
1685,37,38,37.5
1685,37,38,37.5
1685,37,38,37.5
1685,37,38,37.5
1685,37,38,37.5
1685,37,38,37.5
1685,37,38,37.5
1685,37,38,37.5
1685,37,38,37.5
1685,37,38,37.5
1685,37,38,37.5
1685,37,38,37.5
1685,37,38,37.5
1685,37,38,37.5
1685,37,38,37.5
1685,37,38,37.5
1685,35,38,36.5
1685,35,38,36.5
1685,35,37,36.0
1685,35,37,36.0
1685,35,37,36.0
1685,35,37,36.0
1685,35,37,36.0
1685,35,37,36.0
1685,35,36,35.5
1685,35,36,35.5
1685,35,36,35.5
1685,35,36,35.5
1685,35,36,35.5
1685,35,36,35.5
1685,35,36,35.5
1685,35,36,35.5
1685,35,36,35.5
1685,35,36,35.5
1685,35,36,35.5
1685,35,36,35.5
1685,35,36,35.5
1685,35,36,35.5
1685,35,36,35.5
1685,35,36,35.5
1685,35,36,35.5
1685,35,36,35.5
1685,35,36,35.5
1685,35,36,35.5
1685,35,36,35.5
1685,35,36,35.5
1685,35,36,35.5
1685,35,36,35.5
1685,35,36,35.5
1685,35,36,35.5
1685,35,36,35.5
1685,35,36,35.5
1685,35,36,35.5
1685,35,36,35.5
1685,35,36,35.5
1685,35,36,35.5
1685,35,36,35.5
1686,35,36,35.5
1686,35,36,35.5
1686,35,36,35.5
1686,35,36,35.5
1686,35,36,35.5
1686,35,36,35.5
1686,35,36,35.5
1686,35,36,35.5
1686,35,36,35.5
1686,35,36,35.5
1686,35,36,35.5
1686,35,36,35.5
1686,35,36,35.5
1686,35,36,35.5
1686,35,36,35.5
1686,35,36,35.5
1686,35,36,35.5
1686,35,36,35.5
1686,35,36,35.5
1686,35,36,35.5
1686,35,36,35.5
1686,35,36,35.5
1686,35,36,35.5
1686,35,36,35.5
1686,35,36,35.5
1686,35,36,35.5
1686,35,36,35.5
1686,35,36,35.5
1687,35,36,35.5
1687,35,36,35.5
1687,35,36,35.5
1687,35,36,35.5
1687,35,36,35.5
1687,35,36,35.5
1687,35,36,35.5
1687,35,36,35.5
1687,35,36,35.5
1687,35,36,35.5
1687,35,36,35.5
1687,35,36,35.5
1687,35,36,35.5
1687,35,36,35.5
1688,35,36,35.5
1688,35,36,35.5
1688,35,36,35.5
1688,35,36,35.5
1688,35,36,35.5
1688,35,36,35.5
1688,35,36,35.5
1688,35,36,35.5
1688,35,36,35.5
1688,35,36,35.5
1688,35,36,35.5
1688,35,36,35.5
1688,35,36,35.5
1688,35,36,35.5
1688,35,36,35.5
1688,35,36,35.5
1688,35,36,35.5
1689,35,36,35.5
1690,35,36,35.5
1690,35,36,35.5
1690,35,36,35.5
1690,35,36,35.5
1690,35,36,35.5
1690,35,36,35.5
1690,35,36,35.5
1691,35,36,35.5
1691,35,36,35.5
1691,35,36,35.5
1691,35,36,35.5
1691,35,36,35.5
1691,35,36,35.5
1691,35,36,35.5
1691,35,36,35.5
1691,35,36,35.5
1691,35,36,35.5
1691,35,36,35.5
1691,35,36,35.5
1691,35,36,35.5
1691,35,36,35.5
1691,35,36,35.5
1691,35,36,35.5
1692,35,36,35.5
1692,35,36,35.5
1692,35,36,35.5
1693,35,36,35.5
1693,35,36,35.5
1693,35,36,35.5
1693,35,36,35.5
1693,35,36,35.5
1693,35,36,35.5
1693,35,36,35.5
1693,35,36,35.5
1693,35,36,35.5
1693,35,36,35.5
1693,35,36,35.5
1693,35,36,35.5
1693,35,36,35.5
1693,35,36,35.5
1693,35,36,35.5
1693,35,36,35.5
1694,35,36,35.5
1694,35,36,35.5
1694,35,36,35.5
1694,35,36,35.5
1694,35,36,35.5
1694,35,36,35.5
1694,35,36,35.5
1694,35,36,35.5
1694,35,36,35.5
1694,35,36,35.5
1694,35,36,35.5
1694,35,36,35.5
1694,35,36,35.5
1694,35,36,35.5
1694,35,36,35.5
1694,35,36,35.5
1694,35,36,35.5
1694,35,36,35.5
1694,35,36,35.5
1694,35,36,35.5
1694,35,36,35.5
1694,35,36,35.5
1694,35,36,35.5
1694,35,36,35.5
1694,35,36,35.5
1694,35,36,35.5
1694,35,36,35.5
1694,35,36,35.5
1694,35,36,35.5
1694,35,36,35.5
1695,35,36,35.5
1695,35,36,35.5
1695,35,36,35.5
1695,35,36,35.5
1695,35,36,35.5
1695,35,36,35.5
1695,35,36,35.5
1695,35,36,35.5
1695,35,36,35.5
1695,35,36,35.5
1695,35,36,35.5
1695,35,36,35.5
1695,35,36,35.5
1695,35,36,35.5
1695,35,36,35.5
1695,35,36,35.5
1695,35,36,35.5
1695,35,36,35.5
1695,35,36,35.5
1695,35,36,35.5
1696,35,36,35.5
1696,35,36,35.5
1696,35,36,35.5
1696,35,36,35.5
1696,35,36,35.5
1698,35,36,35.5
1698,35,36,35.5
1698,35,36,35.5
1698,35,36,35.5
1698,35,36,35.5
1698,35,36,35.5
1698,35,36,35.5
1698,35,36,35.5
1698,35,36,35.5
1698,35,36,35.5
1698,35,36,35.5
1699,35,36,35.5
1699,35,36,35.5
1699,35,36,35.5
1699,35,36,35.5
1700,35,36,35.5
1700,35,36,35.5
1700,35,36,35.5
1700,35,36,35.5
1700,35,36,35.5
1700,35,36,35.5
1701,35,36,35.5
1701,35,36,35.5
1701,35,36,35.5
1701,35,36,35.5
1701,35,36,35.5
1701,35,36,35.5
1701,35,36,35.5
1701,35,36,35.5
1701,35,36,35.5
1701,35,36,35.5
1701,35,36,35.5
1701,35,36,35.5
1701,35,36,35.5
1701,35,36,35.5
1701,35,36,35.5
1701,35,36,35.5
1701,35,36,35.5
1701,35,36,35.5
1701,35,36,35.5
1701,35,36,35.5
1701,35,36,35.5
1701,35,36,35.5
1701,35,36,35.5
1701,35,36,35.5
1701,35,36,35.5
1701,35,36,35.5
1701,35,36,35.5
1701,35,36,35.5
1701,35,36,35.5
1701,35,36,35.5
1701,35,36,35.5
1701,35,36,35.5
1701,35,36,35.5
1701,35,36,35.5
1701,35,36,35.5
1701,35,36,35.5
1701,35,36,35.5
1701,35,36,35.5
1701,35,36,35.5
1701,35,36,35.5
1701,35,36,35.5
1701,35,36,35.5
1701,35,36,35.5
1701,35,36,35.5
1701,35,36,35.5
1701,35,36,35.5
1701,35,36,35.5
1701,35,36,35.5
1701,35,36,35.5
1701,35,36,35.5
1701,35,36,35.5
1701,35,36,35.5
1701,35,36,35.5
1701,35,36,35.5
1701,35,36,35.5
1701,35,36,35.5
1701,35,36,35.5
1701,35,36,35.5
1701,35,36,35.5
1702,35,36,35.5
1702,35,36,35.5
1702,35,36,35.5
1702,35,36,35.5
1702,35,36,35.5
1702,35,36,35.5
1702,35,36,35.5
1702,35,36,35.5
1702,35,36,35.5
1702,35,36,35.5
1702,35,36,35.5
1702,35,36,35.5
1702,35,36,35.5
1702,35,36,35.5
1702,35,36,35.5
1702,35,36,35.5
1702,35,36,35.5
1702,35,36,35.5
1702,35,36,35.5
1702,35,36,35.5
1702,35,36,35.5
1702,35,36,35.5
1702,35,36,35.5
1702,35,36,35.5
1702,35,36,35.5
1702,35,36,35.5
1702,35,36,35.5
1702,35,36,35.5
1702,35,36,35.5
1702,35,36,35.5
1702,35,36,35.5
1702,35,38,36.5
1702,35,38,36.5
1702,35,38,36.5
1702,35,38,36.5
1702,35,38,36.5
1702,35,38,36.5
1702,35,38,36.5
1702,35,38,36.5
1702,35,38,36.5
1702,35,38,36.5
1702,35,38,36.5
1702,35,38,36.5
1702,35,38,36.5
1702,35,38,36.5
1702,35,38,36.5
1702,35,38,36.5
1702,35,38,36.5
1702,35,38,36.5
1702,35,38,36.5
1702,35,38,36.5
1702,35,38,36.5
1702,35,38,36.5
1702,35,38,36.5
1702,35,38,36.5
1702,35,38,36.5
1702,35,38,36.5
1702,35,38,36.5
1702,35,38,36.5
1702,35,38,36.5
1702,35,38,36.5
1702,35,38,36.5
1702,35,38,36.5
1702,35,38,36.5
1702,35,38,36.5
1702,35,38,36.5
1702,35,38,36.5
1702,35,38,36.5
1702,35,38,36.5
1702,35,38,36.5
1702,35,38,36.5
1702,35,38,36.5
1702,35,38,36.5
1702,35,38,36.5
1702,35,38,36.5
1702,35,38,36.5
1702,35,38,36.5
1702,35,38,36.5
1702,35,38,36.5
1702,35,38,36.5
1702,35,38,36.5
1702,35,38,36.5
1702,35,38,36.5
1702,35,38,36.5
1702,35,38,36.5
1702,35,38,36.5
1702,35,38,36.5
1702,35,38,36.5
1702,35,38,36.5
1702,35,38,36.5
1702,35,38,36.5
1702,35,39,37.0
1702,35,39,37.0
1702,35,39,37.0
1702,35,39,37.0
1702,35,39,37.0
1702,35,39,37.0
1702,35,39,37.0
1702,35,39,37.0
1702,35,39,37.0
1703,35,39,37.0
1703,35,38,36.5
1703,35,38,36.5
1703,35,38,36.5
1703,35,38,36.5
1703,35,38,36.5
1703,35,38,36.5
1703,35,38,36.5
1703,35,38,36.5
1703,35,38,36.5
1703,35,38,36.5
1703,35,38,36.5
1703,35,38,36.5
1703,35,38,36.5
1704,35,38,36.5
1704,35,38,36.5
1704,35,38,36.5
1704,35,38,36.5
1704,35,38,36.5
1704,35,38,36.5
1704,35,39,37.0
1704,35,39,37.0
1704,35,39,37.0
1704,35,38,36.5
1704,35,38,36.5
1704,35,38,36.5
1704,35,38,36.5
1704,35,38,36.5
1704,35,39,37.0
1704,35,39,37.0
1704,35,38,36.5
1704,35,38,36.5
1704,35,38,36.5
1705,35,38,36.5
1705,35,39,37.0
1705,35,39,37.0
1705,35,39,37.0
1705,35,39,37.0
1705,35,39,37.0
1705,35,39,37.0
1705,35,39,37.0
1705,35,38,36.5
1705,35,38,36.5
1705,35,38,36.5
1705,35,38,36.5
1705,35,38,36.5
1705,35,38,36.5
1705,35,38,36.5
1705,35,38,36.5
1705,35,38,36.5
1705,35,38,36.5
1705,35,38,36.5
1705,35,38,36.5
1705,35,39,37.0
1705,35,39,37.0
1705,35,39,37.0
1705,35,38,36.5
1705,35,38,36.5
1705,35,38,36.5
1705,35,38,36.5
1705,35,38,36.5
1705,35,38,36.5
1705,35,38,36.5
1705,35,38,36.5
1705,35,39,37.0
1705,35,39,37.0
1705,35,39,37.0
1705,35,39,37.0
1705,35,39,37.0
1705,35,39,37.0
1705,35,39,37.0
1705,35,39,37.0
1706,35,39,37.0
1706,35,39,37.0
1706,35,39,37.0
1706,35,39,37.0
1706,35,39,37.0
1706,35,38,36.5
1706,35,38,36.5
1706,35,38,36.5
1706,36,38,37.0
1706,36,38,37.0
1706,36,38,37.0
1706,36,38,37.0
1706,36,38,37.0
1706,36,38,37.0
1706,36,38,37.0
1706,36,39,37.5
1706,36,39,37.5
1706,35,39,37.0
1706,35,39,37.0
1706,35,38,36.5
1706,35,38,36.5
1706,35,38,36.5
1706,35,38,36.5
1706,35,38,36.5
1706,35,38,36.5
1706,35,38,36.5
1706,35,39,37.0
1706,35,39,37.0
1706,36,39,37.5
1706,36,38,37.0
1706,36,38,37.0
1706,36,37,36.5
1706,36,37,36.5
1706,36,37,36.5
1706,36,37,36.5
1706,36,37,36.5
1706,36,37,36.5
1706,36,37,36.5
1706,36,37,36.5
1706,36,37,36.5
1706,36,37,36.5
1706,36,37,36.5
1706,36,37,36.5
1706,36,37,36.5
1706,36,37,36.5
1706,36,37,36.5
1706,36,37,36.5
1706,36,37,36.5
1706,36,37,36.5
1706,36,37,36.5
1706,36,37,36.5
1706,36,37,36.5
1706,36,37,36.5
1706,36,37,36.5
1706,36,37,36.5
1706,36,37,36.5
1706,36,37,36.5
1706,36,37,36.5
1706,36,37,36.5
1706,36,37,36.5
1706,36,37,36.5
1706,35,37,36.0
1707,35,36,35.5
1707,35,36,35.5
1707,35,36,35.5
1707,35,36,35.5
1707,35,36,35.5
1707,35,36,35.5
1707,35,36,35.5
1707,35,36,35.5
1707,35,36,35.5
1707,35,36,35.5
1707,35,36,35.5
1707,35,36,35.5
1707,35,36,35.5
1707,35,36,35.5
1707,35,36,35.5
1707,35,36,35.5
1707,35,36,35.5
1707,35,36,35.5
1707,35,36,35.5
1707,35,36,35.5
1707,35,36,35.5
1707,35,36,35.5
1707,35,36,35.5
1707,35,36,35.5
1707,35,36,35.5
1707,35,36,35.5
1707,35,36,35.5
1707,35,36,35.5
1707,35,36,35.5
1707,35,36,35.5
1707,35,36,35.5
1707,35,36,35.5
1707,35,36,35.5
1707,35,36,35.5
1707,35,36,35.5
1707,35,36,35.5
1707,35,36,35.5
1707,35,36,35.5
1707,35,36,35.5
1708,35,36,35.5
1708,35,36,35.5
1708,35,36,35.5
1708,35,36,35.5
1708,35,36,35.5
1708,35,36,35.5
1708,35,36,35.5
1708,35,36,35.5
1708,35,36,35.5
1708,35,36,35.5
1708,35,36,35.5
1708,35,36,35.5
1708,35,36,35.5
1708,35,36,35.5
1708,35,36,35.5
1708,35,36,35.5
1708,35,36,35.5
1708,35,36,35.5
1708,35,36,35.5
1708,35,36,35.5
1708,35,36,35.5
1708,35,36,35.5
1708,35,36,35.5
1708,35,36,35.5
1708,35,36,35.5
1708,35,36,35.5
1708,35,36,35.5
1708,35,36,35.5
1708,35,36,35.5
1708,35,36,35.5
1708,35,36,35.5
1708,35,36,35.5
1708,35,36,35.5
1708,35,36,35.5
1708,35,36,35.5
1708,35,36,35.5
1708,35,36,35.5
1708,35,36,35.5
1708,35,36,35.5
1708,35,36,35.5
1708,35,36,35.5
1708,35,36,35.5
1708,35,36,35.5
1708,35,36,35.5
1709,35,36,35.5
1709,35,36,35.5
1709,35,36,35.5
1709,35,36,35.5
1709,35,36,35.5
1709,35,36,35.5
1709,35,36,35.5
1709,35,36,35.5
1709,35,36,35.5
1709,35,36,35.5
1709,35,36,35.5
1709,35,36,35.5
1709,35,36,35.5
1709,35,36,35.5
1710,35,36,35.5
1710,35,36,35.5
1710,35,36,35.5
1710,35,36,35.5
1710,35,36,35.5
1710,35,36,35.5
1710,35,36,35.5
1710,35,36,35.5
1711,35,36,35.5
1711,35,36,35.5
1711,35,36,35.5
1711,35,36,35.5
1711,35,36,35.5
1711,35,36,35.5
1711,35,36,35.5
1711,35,36,35.5
1711,35,36,35.5
1711,35,36,35.5
1711,35,36,35.5
1711,35,36,35.5
1711,35,36,35.5
1711,35,36,35.5
1712,35,36,35.5
1712,35,36,35.5
1712,35,36,35.5
1712,35,36,35.5
1712,35,36,35.5
1712,35,36,35.5
1712,35,36,35.5
1712,35,36,35.5
1712,35,36,35.5
1712,35,36,35.5
1712,35,36,35.5
1712,35,36,35.5
1712,35,36,35.5
1712,35,36,35.5
1712,35,36,35.5
1712,35,36,35.5
1712,35,36,35.5
1712,35,36,35.5
1712,35,36,35.5
1712,35,36,35.5
1712,35,36,35.5
1712,35,36,35.5
1712,35,36,35.5
1712,35,36,35.5
1712,35,36,35.5
1712,35,36,35.5
1712,35,36,35.5
1712,35,36,35.5
1712,35,36,35.5
1712,35,36,35.5
1712,35,36,35.5
1712,35,36,35.5
1713,35,36,35.5
1713,35,36,35.5
1713,35,36,35.5
1713,35,36,35.5
1713,35,36,35.5
1713,35,36,35.5
1713,35,36,35.5
1713,35,36,35.5
1713,35,36,35.5
1713,35,36,35.5
1713,35,36,35.5
1713,35,36,35.5
1713,35,36,35.5
1713,35,36,35.5
1713,35,36,35.5
1713,35,36,35.5
1713,35,36,35.5
1713,35,36,35.5
1713,35,36,35.5
1713,35,36,35.5
1713,35,36,35.5
1713,35,36,35.5
1713,35,36,35.5
1713,35,36,35.5
1713,35,36,35.5
1713,35,36,35.5
1713,35,36,35.5
1713,35,36,35.5
1713,35,36,35.5
1713,35,36,35.5
1713,35,36,35.5
1713,35,36,35.5
1713,35,36,35.5
1713,35,36,35.5
1713,35,36,35.5
1713,35,36,35.5
1713,35,36,35.5
1713,35,36,35.5
1713,35,36,35.5
1713,35,36,35.5
1713,35,36,35.5
1713,35,36,35.5
1713,35,36,35.5
1713,35,36,35.5
1713,35,36,35.5
1713,35,36,35.5
1713,35,36,35.5
1713,35,36,35.5
1713,35,36,35.5
1713,35,36,35.5
1713,35,36,35.5
1713,35,36,35.5
1713,35,36,35.5
1713,35,36,35.5
1713,35,36,35.5
1713,35,36,35.5
1713,35,36,35.5
1713,35,36,35.5
1713,35,36,35.5
1713,35,36,35.5
1713,35,36,35.5
1713,35,36,35.5
1713,35,36,35.5
1713,35,36,35.5
1713,35,36,35.5
1713,35,36,35.5
1713,35,36,35.5
1713,35,36,35.5
1713,35,36,35.5
1713,35,39,37.0
1713,35,39,37.0
1713,35,39,37.0
1713,35,39,37.0
1713,35,39,37.0
1713,35,39,37.0
1713,35,39,37.0
1713,35,39,37.0
1713,35,39,37.0
1713,35,39,37.0
1713,35,39,37.0
1713,35,39,37.0
1713,35,39,37.0
1713,35,39,37.0
1713,35,39,37.0
1713,35,39,37.0
1713,35,39,37.0
1713,35,39,37.0
1713,35,39,37.0
1713,35,39,37.0
1713,35,39,37.0
1713,35,39,37.0
1713,35,39,37.0
1713,35,39,37.0
1713,35,39,37.0
1713,35,39,37.0
1713,35,39,37.0
1713,35,39,37.0
1713,35,39,37.0
1713,35,39,37.0
1713,35,39,37.0
1713,35,39,37.0
1713,35,38,36.5
1713,35,38,36.5
1713,35,38,36.5
1713,35,38,36.5
1713,35,38,36.5
1713,35,38,36.5
1713,35,38,36.5
1713,35,38,36.5
1713,35,38,36.5
1713,35,38,36.5
1713,35,38,36.5
1713,35,38,36.5
1714,35,38,36.5
1714,35,39,37.0
1714,35,39,37.0
1714,35,39,37.0
1714,35,39,37.0
1714,35,39,37.0
1714,35,39,37.0
1714,35,39,37.0
1714,35,39,37.0
1714,35,38,36.5
1714,35,38,36.5
1714,35,38,36.5
1714,35,38,36.5
1714,35,38,36.5
1714,35,38,36.5
1714,35,38,36.5
1714,35,38,36.5
1714,35,38,36.5
1714,35,38,36.5
1714,35,38,36.5
1714,35,38,36.5
1714,35,38,36.5
1714,35,38,36.5
1714,35,38,36.5
1714,35,38,36.5
1714,35,38,36.5
1714,35,39,37.0
1714,35,39,37.0
1714,35,39,37.0
1714,35,38,36.5
1714,35,38,36.5
1714,35,38,36.5
1715,35,38,36.5
1715,35,39,37.0
1715,35,39,37.0
1715,35,39,37.0
1715,35,39,37.0
1715,35,39,37.0
1715,35,39,37.0
1715,35,39,37.0
1715,35,39,37.0
1715,35,39,37.0
1715,35,39,37.0
1715,35,39,37.0
1715,35,38,36.5
1715,35,38,36.5
1715,35,38,36.5
1715,35,38,36.5
1715,35,38,36.5
1715,35,38,36.5
1715,35,38,36.5
1715,35,38,36.5
1715,35,38,36.5
1715,35,38,36.5
1715,35,38,36.5
1715,35,38,36.5
1715,35,38,36.5
1715,35,39,37.0
1715,35,39,37.0
1715,35,39,37.0
1715,35,38,36.5
1715,35,38,36.5
1715,35,38,36.5
1715,35,38,36.5
1715,35,38,36.5
1715,35,38,36.5
1715,35,38,36.5
1715,35,38,36.5
1715,35,38,36.5
1715,35,38,36.5
1715,35,38,36.5
1715,35,38,36.5
1715,35,38,36.5
1715,35,38,36.5
1715,35,38,36.5
1715,35,38,36.5
1715,35,38,36.5
1715,35,38,36.5
1715,35,38,36.5
1715,35,38,36.5
1715,35,38,36.5
1715,35,38,36.5
1715,35,38,36.5
1715,35,38,36.5
1716,35,38,36.5
1716,35,38,36.5
1716,35,38,36.5
1716,35,38,36.5
1716,35,38,36.5
1716,35,38,36.5
1716,35,38,36.5
1716,35,38,36.5
1716,35,38,36.5
1716,35,38,36.5
1716,35,38,36.5
1716,35,38,36.5
1716,35,38,36.5
1716,35,38,36.5
1716,35,38,36.5
1716,35,39,37.0
1716,35,39,37.0
1716,35,39,37.0
1716,35,38,36.5
1716,35,38,36.5
1716,35,38,36.5
1716,35,38,36.5
1716,35,38,36.5
1716,35,38,36.5
1716,35,38,36.5
1716,35,38,36.5
1716,35,38,36.5
1716,35,38,36.5
1716,35,38,36.5
1716,35,38,36.5
1716,35,38,36.5
1716,35,38,36.5
1716,35,38,36.5
1716,35,38,36.5
1716,35,38,36.5
1716,35,38,36.5
1716,35,38,36.5
1716,35,38,36.5
1716,35,38,36.5
1716,35,38,36.5
1716,35,38,36.5
1716,35,38,36.5
1716,35,38,36.5
1716,35,38,36.5
1716,35,38,36.5
1716,35,38,36.5
1716,35,38,36.5
1716,35,38,36.5
1716,35,37,36.0
1717,35,37,36.0
1717,35,37,36.0
1717,35,37,36.0
1717,35,37,36.0
1717,35,37,36.0
1717,35,37,36.0
1717,35,37,36.0
1717,35,37,36.0
1717,35,37,36.0
1717,35,37,36.0
1717,35,37,36.0
1717,35,37,36.0
1717,35,37,36.0
1717,35,37,36.0
1717,35,37,36.0
1717,35,37,36.0
1717,35,37,36.0
1717,35,38,36.5
1717,35,38,36.5
1717,35,38,36.5
1717,35,38,36.5
1717,35,38,36.5
1717,35,38,36.5
1717,35,38,36.5
1717,35,38,36.5
1717,35,38,36.5
1717,35,38,36.5
1718,35,38,36.5
1718,35,38,36.5
1718,35,38,36.5
1718,35,38,36.5
1718,35,38,36.5
1718,35,37,36.0
1718,35,37,36.0
1718,35,37,36.0
1718,35,37,36.0
1718,35,37,36.0
1718,35,37,36.0
1718,35,37,36.0
1718,35,37,36.0
1719,35,38,36.5
1719,35,38,36.5
1719,35,38,36.5
1719,35,38,36.5
1719,35,38,36.5
1719,35,38,36.5
1719,35,38,36.5
1719,32,38,35.0
1719,32,38,35.0
1719,32,38,35.0
1719,32,38,35.0
1719,32,38,35.0
1719,32,38,35.0
1719,32,38,35.0
1719,32,38,35.0
1719,32,37,34.5
1719,32,37,34.5
1719,32,37,34.5
1719,32,37,34.5
1719,32,37,34.5
1719,32,37,34.5
1719,32,37,34.5
1719,32,37,34.5
1719,32,37,34.5
1719,32,37,34.5
1719,32,37,34.5
1719,32,37,34.5
1719,32,37,34.5
1719,32,37,34.5
1719,32,37,34.5
1719,32,37,34.5
1719,32,37,34.5
1719,32,37,34.5
1719,32,37,34.5
1719,32,37,34.5
1719,32,37,34.5
1719,32,36,34.0
1719,32,36,34.0
1719,32,36,34.0
1719,32,36,34.0
1719,32,36,34.0
1719,32,36,34.0
1719,32,36,34.0
1719,32,36,34.0
1719,32,36,34.0
1719,32,36,34.0
1719,32,36,34.0
1719,32,36,34.0
1719,32,36,34.0
1719,32,36,34.0
1719,32,36,34.0
1719,32,36,34.0
1719,32,36,34.0
1719,32,35,33.5
1719,32,35,33.5
1719,32,35,33.5
1719,32,35,33.5
1719,32,35,33.5
1719,32,35,33.5
1719,32,35,33.5
1719,32,35,33.5
1719,32,35,33.5
1719,32,35,33.5
1719,32,35,33.5
1719,32,35,33.5
1719,32,35,33.5
1719,32,35,33.5
1719,32,35,33.5
1719,32,35,33.5
1719,32,35,33.5
1719,32,35,33.5
1719,32,35,33.5
1719,32,35,33.5
1719,32,35,33.5
1719,32,35,33.5
1719,32,34,33.0
1719,32,34,33.0
1719,32,34,33.0
1719,32,34,33.0
1719,32,34,33.0
1719,32,34,33.0
1719,32,34,33.0
1719,32,34,33.0
1719,32,34,33.0
1719,32,34,33.0
1719,32,34,33.0
1719,32,34,33.0
1719,32,34,33.0
1719,32,34,33.0
1719,32,34,33.0
1719,32,34,33.0
1719,32,34,33.0
1719,32,34,33.0
1719,32,34,33.0
1720,32,34,33.0
1720,32,34,33.0
1720,32,34,33.0
1720,32,34,33.0
1720,32,34,33.0
1720,32,34,33.0
1720,32,34,33.0
1720,32,34,33.0
1720,32,34,33.0
1720,32,34,33.0
1720,32,34,33.0
1720,32,34,33.0
1720,32,34,33.0
1720,32,34,33.0
1720,32,34,33.0
1720,32,34,33.0
1720,32,34,33.0
1720,32,34,33.0
1720,32,34,33.0
1720,32,34,33.0
1720,32,34,33.0
1720,32,34,33.0
1720,32,34,33.0
1720,32,34,33.0
1720,32,33,32.5
1720,32,33,32.5
1720,32,33,32.5
1720,32,33,32.5
1720,32,33,32.5
1720,32,33,32.5
1720,32,33,32.5
1720,32,33,32.5
1720,32,33,32.5
1720,32,33,32.5
1720,32,33,32.5
1720,32,33,32.5
1720,32,33,32.5
1720,32,33,32.5
1720,32,33,32.5
1720,32,33,32.5
1720,32,33,32.5
1720,32,33,32.5
1720,32,33,32.5
1720,32,33,32.5
1720,32,33,32.5
1720,32,33,32.5
1720,32,33,32.5
1720,29,33,31.0
1720,30,33,31.5
1720,30,33,31.5
1720,30,33,31.5
1720,30,33,31.5
1720,30,33,31.5
1720,30,33,31.5
1720,30,33,31.5
1720,30,33,31.5
1720,30,33,31.5
1720,30,33,31.5
1720,30,33,31.5
1720,30,33,31.5
1720,30,33,31.5
1720,30,33,31.5
1720,30,33,31.5
1720,30,33,31.5
1720,30,33,31.5
1720,30,33,31.5
1720,30,33,31.5
1720,30,33,31.5
1720,30,33,31.5
1720,30,33,31.5
1720,30,33,31.5
1720,30,33,31.5
1720,30,33,31.5
1720,30,33,31.5
1720,30,33,31.5
1720,30,33,31.5
1720,30,33,31.5
1720,30,33,31.5
1720,30,33,31.5
1720,30,33,31.5
1720,30,33,31.5
1720,30,33,31.5
1720,30,33,31.5
1720,30,33,31.5
1720,30,33,31.5
1720,30,33,31.5
1720,30,33,31.5
1720,30,33,31.5
1720,30,33,31.5
1720,30,33,31.5
1720,30,33,31.5
1720,30,33,31.5
1720,30,33,31.5
1720,30,33,31.5
1720,30,33,31.5
1720,30,33,31.5
1721,30,33,31.5
1721,30,33,31.5
1721,30,33,31.5
1721,30,33,31.5
1721,30,33,31.5
1721,30,33,31.5
1721,30,33,31.5
1721,30,33,31.5
1721,30,33,31.5
1721,30,32,31.0
1721,30,32,31.0
1721,30,32,31.0
1721,30,32,31.0
1721,30,32,31.0
1721,30,32,31.0
1721,30,32,31.0
1721,30,32,31.0
1721,30,32,31.0
1721,30,32,31.0
1721,30,32,31.0
1721,30,31,30.5
1721,30,31,30.5
1721,30,31,30.5
1721,30,31,30.5
1721,30,31,30.5
1721,30,31,30.5
1721,30,31,30.5
1721,30,31,30.5
1721,30,31,30.5
1721,30,31,30.5
1721,30,31,30.5
1721,30,31,30.5
1721,30,31,30.5
1721,30,31,30.5
1721,30,31,30.5
1721,30,31,30.5
1721,30,31,30.5
1721,30,31,30.5
1721,30,31,30.5
1721,30,31,30.5
1721,30,31,30.5
1721,30,31,30.5
1721,30,31,30.5
1721,30,31,30.5
1721,30,31,30.5
1721,30,31,30.5
1721,30,31,30.5
1721,30,31,30.5
1721,30,31,30.5
1721,30,31,30.5
1721,30,31,30.5
1721,30,31,30.5
1721,30,31,30.5
1721,30,31,30.5
1721,30,31,30.5
1721,30,31,30.5
1721,30,31,30.5
1721,30,31,30.5
1721,30,31,30.5
1721,30,31,30.5
1721,30,31,30.5
1721,30,31,30.5
1721,30,31,30.5
1721,30,31,30.5
1721,30,31,30.5
1721,30,31,30.5
1721,30,31,30.5
1721,30,31,30.5
1721,30,31,30.5
1722,30,31,30.5
1722,30,31,30.5
1722,29,31,30.0
1722,29,31,30.0
1722,29,31,30.0
1722,29,31,30.0
1722,29,31,30.0
1722,29,31,30.0
1722,29,31,30.0
1722,29,31,30.0
1722,29,31,30.0
1722,29,31,30.0
1722,29,31,30.0
1722,29,31,30.0
1722,29,31,30.0
1722,29,31,30.0
1722,29,31,30.0
1722,29,31,30.0
1723,29,31,30.0
1723,29,31,30.0
1723,29,31,30.0
1723,29,31,30.0
1723,29,31,30.0
1723,29,31,30.0
1723,29,31,30.0
1723,29,31,30.0
1723,29,31,30.0
1723,29,31,30.0
1723,29,31,30.0
1723,29,31,30.0
1723,29,31,30.0
1723,29,31,30.0
1724,29,31,30.0
1724,29,31,30.0
1724,29,31,30.0
1724,29,31,30.0
1724,29,31,30.0
1724,29,31,30.0
1724,29,31,30.0
1724,29,31,30.0
1724,29,31,30.0
1724,30,31,30.5
1724,30,31,30.5
1724,30,31,30.5
1724,30,31,30.5
1724,30,31,30.5
1724,30,31,30.5
1724,30,31,30.5
1724,30,31,30.5
1724,30,31,30.5
1724,30,31,30.5
1724,30,31,30.5
1724,30,31,30.5
1724,30,31,30.5
1724,30,31,30.5
1724,30,31,30.5
1724,30,31,30.5
1724,30,31,30.5
1724,30,31,30.5
1724,30,31,30.5
1724,30,31,30.5
1724,30,31,30.5
1724,30,31,30.5
1724,30,31,30.5
1724,30,31,30.5
1724,30,31,30.5
1724,30,31,30.5
1724,30,31,30.5
1724,30,31,30.5
1724,30,31,30.5
1724,30,31,30.5
1724,30,31,30.5
1724,30,31,30.5
1724,30,31,30.5
1724,30,31,30.5
1725,30,31,30.5
1725,30,31,30.5
1725,30,31,30.5
1725,30,31,30.5
1725,30,31,30.5
1725,30,31,30.5
1725,30,31,30.5
1725,30,31,30.5
1726,30,31,30.5
1726,30,31,30.5
1726,30,31,30.5
1726,30,31,30.5
1726,30,31,30.5
1726,30,31,30.5
1726,30,31,30.5
1726,30,31,30.5
1726,30,31,30.5
1727,30,31,30.5
1727,30,31,30.5
1727,30,31,30.5
1727,30,31,30.5
1727,30,31,30.5
1727,30,31,30.5
1727,30,31,30.5
1727,30,31,30.5
1727,30,31,30.5
1727,30,31,30.5
1727,30,31,30.5
1727,30,31,30.5
1727,30,31,30.5
1727,30,31,30.5
1727,30,31,30.5
1727,30,31,30.5
1727,30,31,30.5
1727,30,31,30.5
1727,30,31,30.5
1727,30,31,30.5
1728,30,31,30.5
1728,30,31,30.5
1728,30,31,30.5
1728,30,31,30.5
1728,30,31,30.5
1728,30,31,30.5
1728,30,31,30.5
1728,30,31,30.5
1728,30,31,30.5
1728,30,31,30.5
1728,30,31,30.5
1728,30,31,30.5
1728,30,31,30.5
1728,30,31,30.5
1728,30,31,30.5
1728,29,31,30.0
1728,29,31,30.0
1728,29,31,30.0
1728,29,31,30.0
1728,29,31,30.0
1728,29,31,30.0
1728,29,31,30.0
1728,29,31,30.0
1728,29,31,30.0
1728,29,31,30.0
1728,29,31,30.0
1728,29,31,30.0
1728,29,31,30.0
1728,29,31,30.0
1728,29,31,30.0
1728,30,31,30.5
1728,30,31,30.5
1728,30,31,30.5
1728,30,31,30.5
1728,30,31,30.5
1728,30,31,30.5
1729,30,31,30.5
1729,30,31,30.5
1729,30,31,30.5
1729,30,31,30.5
1729,30,31,30.5
1729,30,31,30.5
1729,30,31,30.5
1729,30,31,30.5
1729,30,31,30.5
1729,30,31,30.5
1729,30,31,30.5
1729,30,31,30.5
1729,30,31,30.5
1729,30,31,30.5
1729,30,31,30.5
1729,30,31,30.5
1729,30,31,30.5
1729,30,31,30.5
1730,30,31,30.5
1730,30,31,30.5
1730,30,31,30.5
1730,30,31,30.5
1730,30,31,30.5
1730,30,31,30.5
1730,30,31,30.5
1730,30,31,30.5
1730,30,31,30.5
1730,30,31,30.5
1730,30,31,30.5
1730,30,31,30.5
1730,30,31,30.5
1730,30,31,30.5
1730,30,31,30.5
1731,30,31,30.5
1731,30,31,30.5
1731,30,31,30.5
1731,30,31,30.5
1731,30,31,30.5
1731,30,31,30.5
1731,30,31,30.5
1731,30,31,30.5
1731,30,31,30.5
1731,30,31,30.5
1731,30,31,30.5
1731,30,31,30.5
1731,30,31,30.5
1731,30,32,31.0
1731,30,32,31.0
1731,30,32,31.0
1731,30,32,31.0
1731,30,32,31.0
1731,30,32,31.0
1732,30,32,31.0
1732,30,32,31.0
1732,30,32,31.0
1732,30,32,31.0
1732,30,32,31.0
1732,30,32,31.0
1732,30,32,31.0
1732,30,32,31.0
1732,30,32,31.0
1732,30,32,31.0
1734,30,32,31.0
1734,30,32,31.0
1734,30,32,31.0
1734,30,32,31.0
1734,30,32,31.0
1734,30,32,31.0
1734,30,32,31.0
1734,30,32,31.0
1734,30,32,31.0
1734,30,32,31.0
1734,30,32,31.0
1734,30,32,31.0
1734,31,32,31.5
1734,31,32,31.5
1734,31,32,31.5
1734,31,32,31.5
1734,31,32,31.5
1734,31,32,31.5
1734,31,32,31.5
1734,31,32,31.5
1734,31,32,31.5
1734,31,32,31.5
1734,31,32,31.5
1734,31,32,31.5
1734,31,32,31.5
1734,31,32,31.5
1734,31,32,31.5
1734,31,32,31.5
1734,31,32,31.5
1734,31,32,31.5
1734,31,32,31.5
1734,31,32,31.5
1735,31,32,31.5
1735,31,32,31.5
1735,31,32,31.5
1735,31,32,31.5
1735,31,32,31.5
1736,31,32,31.5
1736,31,32,31.5
1736,31,32,31.5
1736,30,32,31.0
1736,30,32,31.0
1736,30,32,31.0
1736,30,32,31.0
1736,30,32,31.0
1736,30,32,31.0
1736,30,32,31.0
1736,30,32,31.0
1736,30,32,31.0
1736,30,32,31.0
1736,30,32,31.0
1736,30,32,31.0
1736,31,32,31.5
1736,31,32,31.5
1736,31,32,31.5
1736,31,32,31.5
1736,31,32,31.5
1736,31,32,31.5
1736,31,32,31.5
1736,31,32,31.5
1736,31,32,31.5
1736,31,32,31.5
1736,31,32,31.5
1736,31,32,31.5
1736,31,32,31.5
1737,31,32,31.5
1737,31,32,31.5
1737,31,32,31.5
1737,31,32,31.5
1737,31,32,31.5
1737,31,32,31.5
1737,31,32,31.5
1737,31,32,31.5
1737,31,32,31.5
1737,31,32,31.5
1737,31,32,31.5
1737,31,32,31.5
1737,31,32,31.5
1737,31,32,31.5
1737,31,32,31.5
1737,31,32,31.5
1737,31,32,31.5
1737,31,32,31.5
1737,31,32,31.5
1737,31,32,31.5
1738,31,32,31.5
1738,31,32,31.5
1738,31,32,31.5
1738,31,32,31.5
1739,31,32,31.5
1739,31,32,31.5
1739,31,32,31.5
1739,31,32,31.5
1739,31,32,31.5
1739,31,32,31.5
1739,31,32,31.5
1739,31,32,31.5
1740,31,32,31.5
1740,30,32,31.0
1740,30,32,31.0
1740,30,32,31.0
1740,30,32,31.0
1740,30,32,31.0
1740,30,32,31.0
1740,30,32,31.0
1740,30,32,31.0
1740,30,32,31.0
1740,30,32,31.0
1740,30,32,31.0
1740,30,32,31.0
1740,30,32,31.0
1740,30,32,31.0
1740,30,32,31.0
1740,30,32,31.0
1740,30,32,31.0
1740,30,32,31.0
1740,30,32,31.0
1740,30,32,31.0
1740,30,32,31.0
1740,30,32,31.0
1740,30,32,31.0
1740,30,32,31.0
1740,30,32,31.0
1740,30,32,31.0
1740,30,32,31.0
1740,30,32,31.0
1740,30,33,31.5
1740,30,33,31.5
1740,30,33,31.5
1740,30,33,31.5
1740,30,33,31.5
1740,30,33,31.5
1740,30,33,31.5
1740,30,33,31.5
1740,30,33,31.5
1740,30,33,31.5
1740,30,33,31.5
1740,30,33,31.5
1740,30,32,31.0
1740,30,32,31.0
1740,30,32,31.0
1740,30,32,31.0
1740,30,32,31.0
1740,30,32,31.0
1740,30,32,31.0
1740,30,32,31.0
1740,30,32,31.0
1740,30,32,31.0
1740,30,32,31.0
1740,30,32,31.0
1740,30,32,31.0
1740,30,32,31.0
1740,30,32,31.0
1740,30,32,31.0
1740,30,34,32.0
1740,30,34,32.0
1740,30,34,32.0
1740,30,34,32.0
1740,30,34,32.0
1740,30,34,32.0
1740,30,34,32.0
1740,30,34,32.0
1740,30,34,32.0
1740,30,34,32.0
1740,30,34,32.0
1740,30,34,32.0
1740,30,34,32.0
1740,30,34,32.0
1740,30,34,32.0
1740,30,34,32.0
1740,30,34,32.0
1740,30,34,32.0
1740,30,34,32.0
1740,30,34,32.0
1740,30,34,32.0
1740,30,34,32.0
1740,30,34,32.0
1740,30,34,32.0
1740,30,34,32.0
1740,30,34,32.0
1740,30,34,32.0
1740,30,34,32.0
1740,30,34,32.0
1740,30,33,31.5
1740,30,33,31.5
1740,30,33,31.5
1740,30,33,31.5
1740,30,33,31.5
1740,30,33,31.5
1740,30,33,31.5
1740,30,33,31.5
1740,30,33,31.5
1740,30,33,31.5
1740,30,33,31.5
1740,30,33,31.5
1740,30,33,31.5
1740,30,33,31.5
1740,30,33,31.5
1740,30,33,31.5
1740,30,33,31.5
1740,30,33,31.5
1740,30,33,31.5
1740,30,33,31.5
1740,30,33,31.5
1740,30,33,31.5
1740,30,33,31.5
1740,30,33,31.5
1740,30,33,31.5
1740,30,33,31.5
1740,30,33,31.5
1740,30,33,31.5
1740,30,33,31.5
1740,30,33,31.5
1740,30,33,31.5
1740,30,33,31.5
1740,30,33,31.5
1740,30,33,31.5
1740,30,33,31.5
1740,30,33,31.5
1740,30,33,31.5
1740,30,33,31.5
1740,30,33,31.5
1740,30,33,31.5
1740,30,33,31.5
1740,30,33,31.5
1740,30,33,31.5
1740,30,33,31.5
1740,30,33,31.5
1740,30,33,31.5
1740,30,33,31.5
1740,30,33,31.5
1740,30,33,31.5
1740,30,33,31.5
1740,30,33,31.5
1740,30,33,31.5
1740,30,33,31.5
1740,30,33,31.5
1740,30,33,31.5
1740,30,33,31.5
1740,30,33,31.5
1740,30,33,31.5
1740,30,33,31.5
1740,30,33,31.5
1740,30,33,31.5
1740,30,33,31.5
1740,30,33,31.5
1740,30,33,31.5
1740,30,33,31.5
1740,30,33,31.5
1740,30,33,31.5
1740,30,33,31.5
1740,30,33,31.5
1740,30,33,31.5
1740,30,33,31.5
1740,30,33,31.5
1740,30,33,31.5
1740,30,33,31.5
1740,30,33,31.5
1740,30,33,31.5
1740,30,33,31.5
1740,30,33,31.5
1740,30,33,31.5
1740,30,33,31.5
1740,30,33,31.5
1740,30,33,31.5
1740,30,33,31.5
1740,30,33,31.5
1740,30,33,31.5
1740,30,33,31.5
1740,30,33,31.5
1740,30,33,31.5
1740,30,33,31.5
1740,30,33,31.5
1741,30,33,31.5
1741,30,33,31.5
1741,30,33,31.5
1741,30,33,31.5
1741,30,33,31.5
1741,30,33,31.5
1741,30,33,31.5
1741,30,33,31.5
1741,30,33,31.5
1741,30,33,31.5
1741,29,33,31.0
1741,29,33,31.0
1741,29,33,31.0
1741,29,33,31.0
1741,29,33,31.0
1741,29,33,31.0
1741,29,33,31.0
1741,29,33,31.0
1741,29,33,31.0
1741,29,33,31.0
1741,29,33,31.0
1741,27,33,30.0
1741,27,33,30.0
1741,27,33,30.0
1741,27,33,30.0
1741,27,33,30.0
1741,27,33,30.0
1741,27,33,30.0
1741,27,33,30.0
1741,27,33,30.0
1741,27,33,30.0
1741,27,33,30.0
1741,27,33,30.0
1741,27,33,30.0
1741,28,33,30.5
1741,28,33,30.5
1741,28,33,30.5
1741,28,33,30.5
1742,28,33,30.5
1742,28,33,30.5
1742,28,33,30.5
1742,28,33,30.5
1742,28,33,30.5
1742,28,33,30.5
1742,28,33,30.5
1742,28,33,30.5
1742,28,33,30.5
1742,28,33,30.5
1742,28,33,30.5
1742,28,33,30.5
1742,28,33,30.5
1742,28,33,30.5
1742,28,33,30.5
1742,28,33,30.5
1742,28,33,30.5
1742,28,33,30.5
1742,28,33,30.5
1742,28,33,30.5
1742,28,33,30.5
1742,28,33,30.5
1742,28,33,30.5
1742,28,33,30.5
1742,28,33,30.5
1742,28,33,30.5
1742,28,33,30.5
1742,28,33,30.5
1742,28,33,30.5
1742,28,33,30.5
1742,28,33,30.5
1742,28,33,30.5
1742,28,33,30.5
1742,28,33,30.5
1742,28,33,30.5
1742,28,33,30.5
1742,28,33,30.5
1742,28,33,30.5
1742,28,33,30.5
1742,28,33,30.5
1742,28,33,30.5
1742,28,33,30.5
1742,28,33,30.5
1742,28,33,30.5
1742,28,33,30.5
1742,28,33,30.5
1742,28,33,30.5
1742,28,33,30.5
1742,28,33,30.5
1742,28,33,30.5
1742,28,33,30.5
1742,29,33,31.0
1742,29,33,31.0
1742,29,33,31.0
1742,29,33,31.0
1742,29,33,31.0
1742,29,33,31.0
1742,29,33,31.0
1742,29,33,31.0
1742,29,33,31.0
1742,29,33,31.0
1742,29,33,31.0
1742,29,33,31.0
1742,29,33,31.0
1742,29,33,31.0
1742,29,33,31.0
1742,29,33,31.0
1742,29,33,31.0
1742,29,33,31.0
1742,29,33,31.0
1742,29,33,31.0
1742,29,33,31.0
1742,29,33,31.0
1742,29,33,31.0
1742,29,33,31.0
1742,29,33,31.0
1742,29,33,31.0
1742,29,33,31.0
1742,29,33,31.0
1742,29,33,31.0
1742,29,33,31.0
1742,29,33,31.0
1742,29,33,31.0
1742,29,33,31.0
1742,29,33,31.0
1742,29,33,31.0
1742,29,33,31.0
1743,29,33,31.0
1743,29,33,31.0
1743,29,33,31.0
1743,29,33,31.0
1743,29,33,31.0
1743,29,33,31.0
1743,29,33,31.0
1743,29,33,31.0
1743,30,33,31.5
1743,30,33,31.5
1743,30,33,31.5
1743,30,33,31.5
1743,30,33,31.5
1743,30,33,31.5
1743,30,33,31.5
1743,30,33,31.5
1743,30,33,31.5
1743,30,33,31.5
1743,30,33,31.5
1743,30,33,31.5
1743,29,33,31.0
1743,29,33,31.0
1743,29,33,31.0
1743,29,33,31.0
1743,29,33,31.0
1743,29,33,31.0
1743,29,33,31.0
1743,29,33,31.0
1743,29,33,31.0
1743,29,33,31.0
1743,29,33,31.0
1743,29,33,31.0
1743,29,33,31.0
1743,29,33,31.0
1743,29,33,31.0
1743,29,33,31.0
1743,29,33,31.0
1743,29,33,31.0
1743,29,33,31.0
1743,29,33,31.0
1743,29,33,31.0
1743,29,34,31.5
1743,29,34,31.5
1743,29,34,31.5
1743,29,34,31.5
1743,29,34,31.5
1743,29,34,31.5
1743,29,34,31.5
1744,29,34,31.5
1744,29,34,31.5
1744,29,34,31.5
1744,29,34,31.5
1744,29,34,31.5
1744,29,34,31.5
1744,29,34,31.5
1744,29,34,31.5
1744,29,34,31.5
1744,29,34,31.5
1744,29,34,31.5
1744,29,33,31.0
1744,29,33,31.0
1744,29,33,31.0
1745,29,33,31.0
1745,32,33,32.5
1745,32,33,32.5
1745,32,33,32.5
1745,32,34,33.0
1745,32,34,33.0
1745,32,34,33.0
1745,32,34,33.0
1745,32,34,33.0
1745,32,34,33.0
1745,32,35,33.5
1745,32,35,33.5
1745,32,35,33.5
1745,32,35,33.5
1745,33,35,34.0
1745,33,35,34.0
1745,33,35,34.0
1745,33,35,34.0
1745,33,35,34.0
1745,33,35,34.0
1745,33,35,34.0
1745,33,35,34.0
1745,33,35,34.0
1745,33,35,34.0
1745,33,35,34.0
1745,33,35,34.0
1745,33,35,34.0
1745,33,35,34.0
1745,33,34,33.5
1745,33,34,33.5
1745,33,34,33.5
1745,33,34,33.5
1745,33,34,33.5
1745,33,34,33.5
1745,33,34,33.5
1745,33,34,33.5
1745,33,34,33.5
1745,33,34,33.5
1745,33,34,33.5
1745,33,34,33.5
1745,33,34,33.5
1745,33,34,33.5
1745,33,34,33.5
1745,33,34,33.5
1745,33,34,33.5
1745,33,34,33.5
1745,33,34,33.5
1745,33,34,33.5
1745,33,34,33.5
1745,33,34,33.5
1745,33,34,33.5
1745,33,34,33.5
1745,33,34,33.5
1745,33,34,33.5
1745,33,34,33.5
1745,33,34,33.5
1745,33,34,33.5
1745,33,34,33.5
1745,33,34,33.5
1745,33,34,33.5
1745,33,34,33.5
1745,33,34,33.5
1745,33,34,33.5
1745,33,34,33.5
1745,33,34,33.5
1745,33,34,33.5
1745,33,34,33.5
1745,33,34,33.5
1745,33,34,33.5
1745,33,34,33.5
1745,33,34,33.5
1745,33,34,33.5
1745,33,34,33.5
1745,33,34,33.5
1745,33,34,33.5
1745,33,34,33.5
1745,33,36,34.5
1745,33,35,34.0
1745,33,35,34.0
1745,33,35,34.0
1745,33,35,34.0
1745,33,35,34.0
1745,33,35,34.0
1745,33,35,34.0
1745,33,35,34.0
1745,33,35,34.0
1745,33,35,34.0
1745,34,35,34.5
1745,34,35,34.5
1745,34,35,34.5
1746,34,35,34.5
1746,34,35,34.5
1746,34,35,34.5
1746,34,35,34.5
1746,34,35,34.5
1746,34,35,34.5
1746,34,35,34.5
1746,34,35,34.5
1746,34,35,34.5
1746,34,35,34.5
1746,34,35,34.5
1746,34,35,34.5
1746,34,35,34.5
1746,34,35,34.5
1746,34,35,34.5
1746,34,35,34.5
1746,34,35,34.5
1746,34,35,34.5
1746,34,35,34.5
1746,34,35,34.5
1746,34,35,34.5
1746,34,35,34.5
1746,34,35,34.5
1746,34,35,34.5
1746,34,35,34.5
1746,34,35,34.5
1746,34,35,34.5
1746,34,35,34.5
1746,34,35,34.5
1746,34,35,34.5
1746,34,35,34.5
1746,34,35,34.5
1746,34,35,34.5
1746,34,35,34.5
1746,34,35,34.5
1746,34,35,34.5
1746,34,35,34.5
1746,34,35,34.5
1746,34,35,34.5
1747,34,35,34.5
1747,34,35,34.5
1747,34,35,34.5
1747,34,35,34.5
1747,34,35,34.5
1747,34,35,34.5
1747,34,35,34.5
1747,34,35,34.5
1747,34,35,34.5
1747,34,35,34.5
1747,34,35,34.5
1747,34,35,34.5
1747,34,35,34.5
1747,34,35,34.5
1747,34,35,34.5
1747,34,35,34.5
1747,34,35,34.5
1747,34,35,34.5
1747,34,35,34.5
1747,34,35,34.5
1747,34,35,34.5
1747,34,35,34.5
1747,34,35,34.5
1748,34,35,34.5
1749,34,35,34.5
1749,34,35,34.5
1749,34,35,34.5
1749,34,35,34.5
1749,34,35,34.5
1749,34,35,34.5
1749,34,35,34.5
1749,34,35,34.5
1749,34,35,34.5
1749,34,35,34.5
1749,34,35,34.5
1749,34,35,34.5
1749,34,35,34.5
1749,34,35,34.5
1749,34,35,34.5
1749,34,35,34.5
1749,34,35,34.5
1749,34,35,34.5
1749,33,35,34.0
1749,33,34,33.5
1749,33,34,33.5
1749,33,34,33.5
1749,33,34,33.5
1749,33,34,33.5
1749,33,34,33.5
1749,33,34,33.5
1749,33,34,33.5
1749,33,34,33.5
1749,33,34,33.5
1749,33,34,33.5
1749,33,34,33.5
1749,33,34,33.5
1749,33,34,33.5
1749,33,34,33.5
1749,33,34,33.5
1749,33,34,33.5
1749,33,34,33.5
1749,33,34,33.5
1749,33,34,33.5
1749,33,34,33.5
1749,33,34,33.5
1749,33,34,33.5
1749,33,34,33.5
1749,33,34,33.5
1749,33,34,33.5
1749,33,34,33.5
1749,33,34,33.5
1749,33,34,33.5
1749,33,34,33.5
1749,33,34,33.5
1749,33,34,33.5
1749,33,34,33.5
1750,33,34,33.5
1750,33,34,33.5
1750,33,34,33.5
1750,33,34,33.5
1750,33,34,33.5
1750,33,34,33.5
1750,33,34,33.5
1750,33,34,33.5
1750,33,34,33.5
1751,33,34,33.5
1751,33,34,33.5
1751,33,34,33.5
1752,33,34,33.5
1752,33,34,33.5
1752,33,34,33.5
1752,33,34,33.5
1752,33,34,33.5
1752,33,34,33.5
1752,33,34,33.5
1752,33,34,33.5
1752,33,34,33.5
1752,33,34,33.5
1752,33,34,33.5
1752,33,34,33.5
1752,33,34,33.5
1752,33,34,33.5
1752,33,34,33.5
1752,33,34,33.5
1752,33,34,33.5
1752,33,34,33.5
1752,33,34,33.5
1752,33,34,33.5
1752,33,34,33.5
1752,33,34,33.5
1752,33,34,33.5
1752,33,34,33.5
1752,33,34,33.5
1752,33,34,33.5
1752,33,34,33.5
1752,33,34,33.5
1752,33,34,33.5
1752,33,34,33.5
1752,33,34,33.5
1752,33,34,33.5
1754,33,34,33.5
1754,33,34,33.5
1754,33,34,33.5
1754,33,34,33.5
1754,33,34,33.5
1754,33,34,33.5
1754,33,34,33.5
1754,33,34,33.5
1754,33,34,33.5
1754,33,34,33.5
1754,33,34,33.5
1755,33,34,33.5
1755,33,34,33.5
1755,33,34,33.5
1755,33,34,33.5
1755,33,34,33.5
1755,33,34,33.5
1755,33,34,33.5
1755,33,34,33.5
1755,33,34,33.5
1756,33,34,33.5
1756,33,34,33.5
1756,33,34,33.5
1756,33,34,33.5
1756,33,34,33.5
1756,33,34,33.5
1756,33,34,33.5
1756,33,34,33.5
1756,33,34,33.5
1756,33,34,33.5
1756,33,34,33.5
1757,33,34,33.5
1757,33,34,33.5
1757,33,34,33.5
1757,33,34,33.5
1757,33,34,33.5
1757,33,34,33.5
1757,33,34,33.5
1757,33,34,33.5
1757,33,34,33.5
1757,33,34,33.5
1757,33,34,33.5
1759,33,34,33.5
1759,33,34,33.5
1759,33,34,33.5
1759,33,34,33.5
1759,33,34,33.5
1759,33,34,33.5
1759,33,34,33.5
1759,33,34,33.5
1759,33,34,33.5
1759,33,34,33.5
1759,33,34,33.5
1759,33,34,33.5
1759,33,34,33.5
1759,33,34,33.5
1759,33,34,33.5
1759,33,34,33.5
1759,33,34,33.5
1759,33,34,33.5
1759,33,34,33.5
1759,33,34,33.5
1759,33,34,33.5
1759,33,34,33.5
1759,33,34,33.5
1759,33,34,33.5
1759,33,34,33.5
1759,33,34,33.5
1759,33,34,33.5
1759,33,34,33.5
1759,33,34,33.5
1759,33,34,33.5
1759,33,34,33.5
1759,33,34,33.5
1759,33,35,34.0
1759,33,35,34.0
1759,33,35,34.0
1759,33,35,34.0
1759,33,35,34.0
1759,33,35,34.0
1759,33,35,34.0
1759,33,35,34.0
1759,33,35,34.0
1759,33,35,34.0
1759,33,35,34.0
1759,33,35,34.0
1759,33,35,34.0
1759,33,35,34.0
1759,33,35,34.0
1759,33,35,34.0
1759,33,35,34.0
1759,33,35,34.0
1759,33,35,34.0
1759,33,35,34.0
1759,33,35,34.0
1759,33,35,34.0
1759,32,35,33.5
1759,32,35,33.5
1759,32,35,33.5
1759,32,37,34.5
1759,32,36,34.0
1759,32,36,34.0
1759,32,36,34.0
1759,32,36,34.0
1759,32,36,34.0
1759,32,36,34.0
1759,33,36,34.5
1759,33,36,34.5
1759,33,36,34.5
1759,33,36,34.5
1759,33,36,34.5
1759,33,36,34.5
1759,33,36,34.5
1759,33,36,34.5
1759,33,36,34.5
1759,33,36,34.5
1759,33,36,34.5
1759,33,36,34.5
1759,33,36,34.5
1759,33,36,34.5
1759,33,36,34.5
1759,33,36,34.5
1759,33,36,34.5
1759,33,36,34.5
1759,33,36,34.5
1759,33,36,34.5
1759,33,36,34.5
1759,33,36,34.5
1759,33,36,34.5
1759,33,36,34.5
1759,33,36,34.5
1759,33,36,34.5
1759,33,36,34.5
1759,33,36,34.5
1759,33,36,34.5
1759,33,36,34.5
1759,33,36,34.5
1759,33,36,34.5
1759,32,36,34.0
1759,32,36,34.0
1759,32,36,34.0
1759,32,36,34.0
1759,32,36,34.0
1759,32,36,34.0
1759,34,36,35.0
1759,34,36,35.0
1759,34,36,35.0
1759,34,36,35.0
1759,34,36,35.0
1759,34,37,35.5
1759,34,37,35.5
1759,34,37,35.5
1759,34,37,35.5
1759,32,37,34.5
1759,32,37,34.5
1759,32,37,34.5
1759,32,37,34.5
1759,32,37,34.5
1759,33,37,35.0
1759,33,37,35.0
1759,33,37,35.0
1759,33,37,35.0
1759,33,37,35.0
1759,33,37,35.0
1759,33,37,35.0
1759,33,37,35.0
1759,33,37,35.0
1759,33,37,35.0
1760,33,37,35.0
1760,33,37,35.0
1760,33,37,35.0
1760,33,37,35.0
1760,33,37,35.0
1760,33,37,35.0
1760,33,37,35.0
1760,33,37,35.0
1760,33,37,35.0
1760,33,37,35.0
1760,33,37,35.0
1760,33,37,35.0
1760,33,37,35.0
1760,33,37,35.0
1760,33,37,35.0
1760,33,37,35.0
1760,33,37,35.0
1760,33,37,35.0
1760,33,37,35.0
1760,33,37,35.0
1760,33,37,35.0
1760,33,37,35.0
1760,33,37,35.0
1761,33,37,35.0
1761,33,37,35.0
1761,33,37,35.0
1761,33,37,35.0
1761,33,37,35.0
1761,33,37,35.0
1761,33,37,35.0
1761,33,37,35.0
1761,33,37,35.0
1761,33,37,35.0
1761,33,37,35.0
1761,33,37,35.0
1762,33,37,35.0
1762,33,37,35.0
1762,33,37,35.0
1762,33,37,35.0
1762,33,37,35.0
1762,33,37,35.0
1762,33,37,35.0
1762,33,37,35.0
1762,33,37,35.0
1762,33,37,35.0
1762,33,37,35.0
1762,33,37,35.0
1762,33,37,35.0
1762,33,37,35.0
1762,33,37,35.0
1762,33,37,35.0
1762,33,37,35.0
1762,33,37,35.0
1762,33,37,35.0
1762,33,37,35.0
1762,33,37,35.0
1762,33,37,35.0
1762,33,37,35.0
1762,33,37,35.0
1762,33,37,35.0
1762,33,37,35.0
1762,33,37,35.0
1762,33,37,35.0
1762,33,37,35.0
1762,33,37,35.0
1762,33,37,35.0
1762,33,37,35.0
1762,33,37,35.0
1762,33,37,35.0
1762,33,37,35.0
1762,33,37,35.0
1762,33,36,34.5
1762,33,36,34.5
1762,33,36,34.5
1762,33,36,34.5
1762,33,36,34.5
1762,33,36,34.5
1762,33,36,34.5
1762,33,36,34.5
1762,33,36,34.5
1762,33,36,34.5
1762,33,36,34.5
1763,33,36,34.5
1763,33,36,34.5
1763,33,36,34.5
1763,33,36,34.5
1763,33,36,34.5
1763,33,36,34.5
1763,33,36,34.5
1763,33,36,34.5
1763,33,38,35.5
1763,33,35,34.0
1763,33,35,34.0
1763,33,35,34.0
1763,33,35,34.0
1763,33,35,34.0
1763,33,35,34.0
1763,33,35,34.0
1763,33,35,34.0
1763,33,35,34.0
1763,33,35,34.0
1763,33,35,34.0
1763,33,35,34.0
1763,33,35,34.0
1763,33,35,34.0
1764,33,35,34.0
1764,33,35,34.0
1764,33,35,34.0
1764,33,35,34.0
1764,33,35,34.0
1764,33,35,34.0
1764,33,35,34.0
1764,33,35,34.0
1764,33,35,34.0
1764,33,35,34.0
1764,33,35,34.0
1764,33,35,34.0
1764,33,35,34.0
1764,33,35,34.0
1764,33,35,34.0
1764,33,35,34.0
1764,33,35,34.0
1764,33,35,34.0
1764,33,35,34.0
1764,33,35,34.0
1764,33,35,34.0
1764,33,35,34.0
1765,33,35,34.0
1765,33,35,34.0
1765,33,35,34.0
1765,33,35,34.0
1765,33,35,34.0
1765,33,35,34.0
1765,33,35,34.0
1765,33,35,34.0
1765,33,35,34.0
1765,33,35,34.0
1765,33,35,34.0
1765,33,35,34.0
1765,33,35,34.0
1765,33,35,34.0
1765,33,35,34.0
1765,33,35,34.0
1765,33,35,34.0
1766,32,35,33.5
1766,32,35,33.5
1766,32,35,33.5
1766,32,35,33.5
1766,32,35,33.5
1766,32,35,33.5
1766,32,35,33.5
1766,32,35,33.5
1766,32,35,33.5
1766,32,35,33.5
1766,33,35,34.0
1766,33,35,34.0
1766,33,35,34.0
1766,33,35,34.0
1766,33,35,34.0
1766,33,35,34.0
1766,33,35,34.0
1766,33,35,34.0
1766,33,35,34.0
1766,33,35,34.0
1766,31,35,33.0
1766,31,35,33.0
1766,31,35,33.0
1766,31,35,33.0
1766,32,35,33.5
1766,32,35,33.5
1766,32,35,33.5
1766,32,35,33.5
1766,32,35,33.5
1766,32,35,33.5
1766,32,35,33.5
1766,32,35,33.5
1766,31,35,33.0
1766,31,35,33.0
1766,31,35,33.0
1766,31,35,33.0
1766,31,35,33.0
1766,31,35,33.0
1766,31,35,33.0
1766,31,35,33.0
1766,31,35,33.0
1766,31,35,33.0
1767,31,35,33.0
1767,31,35,33.0
1767,31,35,33.0
1767,31,35,33.0
1767,31,35,33.0
1767,31,35,33.0
1767,31,35,33.0
1767,31,35,33.0
1767,31,35,33.0
1767,32,35,33.5
1767,32,35,33.5
1767,32,35,33.5
1767,32,35,33.5
1767,32,35,33.5
1767,32,35,33.5
1767,32,35,33.5
1767,32,35,33.5
1767,32,35,33.5
1767,32,35,33.5
1767,32,35,33.5
1767,32,35,33.5
1767,32,35,33.5
1767,32,35,33.5
1767,32,35,33.5
1767,32,35,33.5
1767,32,35,33.5
1767,32,35,33.5
1767,32,35,33.5
1767,32,35,33.5
1767,32,35,33.5
1768,32,35,33.5
1768,32,35,33.5
1768,32,35,33.5
1769,32,35,33.5
1769,32,35,33.5
1769,32,35,33.5
1769,32,35,33.5
1769,32,35,33.5
1769,32,35,33.5
1769,32,35,33.5
1769,32,35,33.5
1769,32,35,33.5
1769,32,35,33.5
1769,31,35,33.0
1769,31,35,33.0
1770,31,35,33.0
1770,31,35,33.0
1770,31,35,33.0
1770,31,35,33.0
1770,31,35,33.0
1770,31,35,33.0
1770,31,35,33.0
1770,31,35,33.0
1770,31,35,33.0
1770,31,35,33.0
1770,31,35,33.0
1770,31,35,33.0
1770,31,35,33.0
1770,31,35,33.0
1770,31,35,33.0
1770,31,35,33.0
1770,31,35,33.0
1770,31,35,33.0
1770,31,35,33.0
1770,31,35,33.0
1770,31,35,33.0
1770,31,35,33.0
1770,31,35,33.0
1770,31,35,33.0
1770,31,34,32.5
1770,31,34,32.5
1770,31,34,32.5
1770,31,34,32.5
1770,31,34,32.5
1770,31,34,32.5
1770,31,34,32.5
1770,31,34,32.5
1770,31,34,32.5
1770,31,34,32.5
1770,31,34,32.5
1770,31,34,32.5
1770,31,34,32.5
1770,31,34,32.5
1770,31,34,32.5
1770,31,34,32.5
1770,31,34,32.5
1770,31,34,32.5
1770,31,34,32.5
1770,31,34,32.5
1770,31,34,32.5
1770,31,32,31.5
1770,31,32,31.5
1770,31,32,31.5
1770,31,32,31.5
1770,31,32,31.5
1770,31,32,31.5
1770,31,32,31.5
1770,31,32,31.5
1770,31,32,31.5
1770,31,32,31.5
1770,31,32,31.5
1770,31,32,31.5
1770,31,32,31.5
1770,31,32,31.5
1770,31,32,31.5
1770,31,32,31.5
1770,31,32,31.5
1770,31,32,31.5
1770,31,32,31.5
1770,31,32,31.5
1770,31,32,31.5
1770,31,32,31.5
1770,31,32,31.5
1770,31,32,31.5
1770,31,32,31.5
1770,31,32,31.5
1770,31,32,31.5
1770,31,32,31.5
1770,31,32,31.5
1770,31,32,31.5
1770,31,32,31.5
1770,31,32,31.5
1770,31,32,31.5
1770,31,32,31.5
1770,31,32,31.5
1770,31,32,31.5
1770,31,32,31.5
1770,31,32,31.5
1770,31,32,31.5
1770,31,32,31.5
1770,31,32,31.5
1770,31,32,31.5
1770,31,32,31.5
1770,28,32,30.0
1770,28,31,29.5
1770,28,31,29.5
1770,28,31,29.5
1770,28,31,29.5
1770,28,31,29.5
1770,28,31,29.5
1770,28,31,29.5
1770,28,31,29.5
1770,28,31,29.5
1770,28,31,29.5
1770,28,31,29.5
1770,28,31,29.5
1770,28,31,29.5
1770,28,31,29.5
1770,28,31,29.5
1770,28,31,29.5
1770,28,31,29.5
1770,28,31,29.5
1770,28,30,29.0
1770,28,30,29.0
1770,28,30,29.0
1770,28,30,29.0
1770,28,30,29.0
1770,28,30,29.0
1770,28,30,29.0
1770,28,30,29.0
1770,28,30,29.0
1770,28,30,29.0
1770,28,30,29.0
1770,28,30,29.0
1770,28,30,29.0
1770,28,30,29.0
1770,28,30,29.0
1770,28,30,29.0
1770,28,30,29.0
1770,28,30,29.0
1770,28,30,29.0
1770,28,30,29.0
1770,28,29,28.5
1770,28,29,28.5
1770,28,29,28.5
1770,28,29,28.5
1770,28,29,28.5
1770,28,29,28.5
1770,28,29,28.5
1770,28,29,28.5
1770,28,29,28.5
1770,28,29,28.5
1770,28,29,28.5
1770,28,29,28.5
1770,28,29,28.5
1770,28,29,28.5
1770,28,29,28.5
1770,28,29,28.5
1770,28,29,28.5
1770,28,29,28.5
1770,28,29,28.5
1770,28,29,28.5
1770,28,29,28.5
1770,28,29,28.5
1770,28,29,28.5
1770,28,29,28.5
1770,28,29,28.5
1770,28,29,28.5
1770,28,29,28.5
1770,28,29,28.5
1770,28,29,28.5
1770,28,29,28.5
1770,27,29,28.0
1770,27,29,28.0
1770,27,29,28.0
1770,27,29,28.0
1770,27,29,28.0
1770,27,29,28.0
1770,27,29,28.0
1770,27,29,28.0
1770,27,29,28.0
1770,27,29,28.0
1770,27,29,28.0
1770,27,29,28.0
1770,27,29,28.0
1770,27,29,28.0
1770,27,29,28.0
1770,27,29,28.0
1770,27,29,28.0
1770,27,29,28.0
1770,27,29,28.0
1770,27,29,28.0
1770,27,29,28.0
1771,27,29,28.0
1771,27,29,28.0
1771,27,29,28.0
1771,27,29,28.0
1771,27,29,28.0
1771,27,29,28.0
1771,27,29,28.0
1771,27,29,28.0
1771,27,29,28.0
1771,27,29,28.0
1771,27,29,28.0
1771,27,29,28.0
1771,27,29,28.0
1771,27,29,28.0
1771,27,29,28.0
1771,27,29,28.0
1771,27,29,28.0
1771,27,29,28.0
1771,27,29,28.0
1771,27,29,28.0
1771,27,29,28.0
1771,27,29,28.0
1771,27,29,28.0
1771,27,29,28.0
1771,27,29,28.0
1771,27,29,28.0
1771,27,29,28.0
1771,27,29,28.0
1771,27,29,28.0
1771,27,29,28.0
1771,27,29,28.0
1771,27,29,28.0
1771,27,29,28.0
1771,27,29,28.0
1771,27,29,28.0
1771,27,29,28.0
1771,27,29,28.0
1771,27,29,28.0
1771,27,29,28.0
1771,27,29,28.0
1771,27,29,28.0
1771,27,29,28.0
1771,27,29,28.0
1771,27,29,28.0
1772,27,29,28.0
1772,27,29,28.0
1772,27,29,28.0
1772,27,29,28.0
1772,27,29,28.0
1772,27,29,28.0
1772,27,29,28.0
1772,27,29,28.0
1772,27,29,28.0
1772,27,29,28.0
1772,27,29,28.0
1772,27,29,28.0
1772,27,29,28.0
1772,27,29,28.0
1772,27,29,28.0
1772,27,29,28.0
1772,27,29,28.0
1772,27,29,28.0
1772,27,29,28.0
1772,27,29,28.0
1773,27,29,28.0
1773,27,29,28.0
1773,27,29,28.0
1773,27,29,28.0
1773,27,29,28.0
1773,27,29,28.0
1773,27,29,28.0
1773,27,29,28.0
1773,27,29,28.0
1773,27,29,28.0
1773,27,29,28.0
1773,27,29,28.0
1773,27,29,28.0
1773,27,29,28.0
1773,27,29,28.0
1774,27,29,28.0
1774,27,29,28.0
1774,27,29,28.0
1774,27,29,28.0
1774,27,29,28.0
1774,27,29,28.0
1775,27,29,28.0
1775,27,29,28.0
1775,27,29,28.0
1775,27,29,28.0
1775,27,29,28.0
1775,27,29,28.0
1775,27,29,28.0
1775,27,29,28.0
1775,27,29,28.0
1775,27,29,28.0
1775,27,29,28.0
1776,27,29,28.0
1776,27,29,28.0
1776,27,29,28.0
1776,27,29,28.0
1776,27,29,28.0
1776,27,29,28.0
1777,27,29,28.0
1777,27,29,28.0
1777,27,29,28.0
1777,27,29,28.0
1777,27,29,28.0
1777,27,29,28.0
1777,27,29,28.0
1777,27,29,28.0
1777,27,29,28.0
1777,27,29,28.0
1777,27,29,28.0
1777,27,29,28.0
1778,27,29,28.0
1778,27,29,28.0
1778,27,29,28.0
1778,27,29,28.0
1778,27,29,28.0
1778,27,29,28.0
1778,27,29,28.0
1778,27,29,28.0
1778,27,29,28.0
1779,27,29,28.0
1779,27,29,28.0
1779,27,29,28.0
1779,27,29,28.0
1779,27,29,28.0
1779,27,29,28.0
1779,27,29,28.0
1780,27,29,28.0
1780,27,29,28.0
1780,27,29,28.0
1780,27,29,28.0
1780,27,29,28.0
1780,27,29,28.0
1780,27,29,28.0
1780,27,29,28.0
1781,27,29,28.0
1781,27,29,28.0
1781,27,29,28.0
1781,27,29,28.0
1781,27,29,28.0
1781,27,29,28.0
1781,27,29,28.0
1782,27,29,28.0
1782,27,29,28.0
1782,27,29,28.0
1782,27,29,28.0
1782,27,29,28.0
1782,27,29,28.0
1783,27,29,28.0
1783,27,29,28.0
1783,27,29,28.0
1783,27,29,28.0
1783,27,29,28.0
1783,27,29,28.0
1783,27,28,27.5
1783,27,28,27.5
1783,27,28,27.5
1783,27,28,27.5
1783,27,28,27.5
1783,27,28,27.5
1783,27,28,27.5
1783,27,28,27.5
1783,27,28,27.5
1783,27,28,27.5
1783,27,28,27.5
1783,27,28,27.5
1783,27,28,27.5
1783,27,28,27.5
1784,27,28,27.5
1784,27,28,27.5
1784,27,28,27.5
1784,27,28,27.5
1784,27,28,27.5
1784,27,28,27.5
1784,27,28,27.5
1784,27,28,27.5
1784,27,28,27.5
1784,27,28,27.5
1784,27,28,27.5
1785,27,28,27.5
1785,27,28,27.5
1785,27,28,27.5
1785,27,28,27.5
1785,27,28,27.5
1785,27,28,27.5
1785,27,28,27.5
1786,27,28,27.5
1786,27,28,27.5
1786,27,28,27.5
1786,27,28,27.5
1787,27,28,27.5
1787,27,28,27.5
1787,27,28,27.5
1787,27,28,27.5
1787,27,28,27.5
1787,27,28,27.5
1787,27,28,27.5
1787,27,28,27.5
1787,27,28,27.5
1787,27,28,27.5
1787,27,28,27.5
1787,27,28,27.5
1787,27,28,27.5
1787,27,28,27.5
1787,27,28,27.5
1787,27,28,27.5
1787,27,28,27.5
1787,27,28,27.5
1787,27,28,27.5
1787,27,28,27.5
1787,27,28,27.5
1787,27,28,27.5
1787,27,28,27.5
1787,27,28,27.5
1787,27,28,27.5
1787,27,28,27.5
1787,27,28,27.5
1787,27,28,27.5
1787,27,28,27.5
1787,27,28,27.5
1787,27,28,27.5
1787,26,28,27.0
1787,26,28,27.0
1787,26,28,27.0
1787,26,28,27.0
1787,26,28,27.0
1787,26,28,27.0
1787,26,28,27.0
1787,26,28,27.0
1787,26,28,27.0
1787,26,28,27.0
1787,26,28,27.0
1787,26,28,27.0
1787,26,28,27.0
1787,26,29,27.5
1787,26,29,27.5
1787,26,29,27.5
1787,26,29,27.5
1787,26,29,27.5
1787,26,29,27.5
1787,26,29,27.5
1787,26,29,27.5
1787,26,29,27.5
1787,26,29,27.5
1787,26,29,27.5
1787,26,29,27.5
1787,26,29,27.5
1787,26,29,27.5
1787,26,29,27.5
1787,26,29,27.5
1787,26,29,27.5
1787,26,29,27.5
1787,26,29,27.5
1787,26,29,27.5
1787,26,29,27.5
1787,26,29,27.5
1787,26,29,27.5
1787,26,29,27.5
1787,26,29,27.5
1787,26,29,27.5
1787,26,29,27.5
1787,26,29,27.5
1787,26,29,27.5
1787,26,29,27.5
1787,26,29,27.5
1787,26,29,27.5
1787,26,29,27.5
1787,26,29,27.5
1787,26,29,27.5
1787,26,29,27.5
1787,26,29,27.5
1787,26,29,27.5
1787,26,29,27.5
1787,26,29,27.5
1787,26,29,27.5
1787,26,29,27.5
1787,26,29,27.5
1787,26,29,27.5
1787,26,29,27.5
1787,26,29,27.5
1787,26,29,27.5
1787,26,29,27.5
1787,26,29,27.5
1787,26,29,27.5
1787,26,29,27.5
1787,26,29,27.5
1787,26,29,27.5
1787,26,29,27.5
1787,26,29,27.5
1787,26,29,27.5
1787,26,29,27.5
1787,26,29,27.5
1787,26,29,27.5
1787,26,29,27.5
1787,26,29,27.5
1787,26,29,27.5
1787,26,29,27.5
1787,26,29,27.5
1787,26,29,27.5
1787,26,29,27.5
1787,26,29,27.5
1787,26,29,27.5
1787,26,29,27.5
1787,26,29,27.5
1787,26,29,27.5
1787,26,29,27.5
1787,26,29,27.5
1787,26,29,27.5
1787,26,29,27.5
1787,26,29,27.5
1787,26,29,27.5
1787,26,29,27.5
1787,26,29,27.5
1787,26,29,27.5
1787,26,29,27.5
1787,26,29,27.5
1787,26,29,27.5
1787,26,29,27.5
1787,26,29,27.5
1787,26,29,27.5
1787,26,29,27.5
1787,26,29,27.5
1787,26,29,27.5
1787,26,29,27.5
1787,26,29,27.5
1787,26,29,27.5
1787,26,29,27.5
1787,26,29,27.5
1787,26,29,27.5
1787,26,29,27.5
1787,26,29,27.5
1787,26,29,27.5
1788,26,29,27.5
1788,26,29,27.5
1788,26,29,27.5
1788,26,29,27.5
1788,26,29,27.5
1788,26,29,27.5
1788,26,29,27.5
1788,26,29,27.5
1788,26,29,27.5
1788,26,29,27.5
1788,26,29,27.5
1788,26,29,27.5
1788,26,29,27.5
1788,26,29,27.5
1788,26,29,27.5
1788,26,29,27.5
1788,26,29,27.5
1788,26,29,27.5
1788,26,29,27.5
1788,26,29,27.5
1788,26,29,27.5
1788,26,29,27.5
1788,26,29,27.5
1788,26,29,27.5
1788,26,29,27.5
1788,26,29,27.5
1788,26,29,27.5
1788,26,29,27.5
1788,26,29,27.5
1788,26,29,27.5
1788,26,29,27.5
1788,26,29,27.5
1788,26,29,27.5
1788,26,29,27.5
1788,26,29,27.5
1788,26,29,27.5
1788,26,29,27.5
1788,26,29,27.5
1788,26,29,27.5
1788,26,29,27.5
1788,26,29,27.5
1789,26,29,27.5
1789,26,29,27.5
1789,26,29,27.5
1789,26,29,27.5
1789,26,29,27.5
1789,26,29,27.5
1789,26,29,27.5
1789,26,29,27.5
1789,26,29,27.5
1789,26,29,27.5
1790,26,29,27.5
1790,26,29,27.5
1790,26,29,27.5
1790,26,29,27.5
1790,26,29,27.5
1790,26,29,27.5
1790,26,29,27.5
1790,26,29,27.5
1790,26,29,27.5
1790,26,29,27.5
1790,26,31,28.5
1790,26,31,28.5
1790,26,31,28.5
1790,26,31,28.5
1790,26,31,28.5
1790,26,31,28.5
1790,26,31,28.5
1790,26,31,28.5
1790,26,31,28.5
1790,26,31,28.5
1790,26,31,28.5
1790,26,31,28.5
1790,26,31,28.5
1790,26,31,28.5
1790,26,31,28.5
1790,26,31,28.5
1790,26,31,28.5
1790,26,31,28.5
1790,26,31,28.5
1790,26,31,28.5
1790,26,31,28.5
1790,26,32,29.0
1790,26,32,29.0
1791,26,32,29.0
1791,26,32,29.0
1791,26,32,29.0
1791,26,32,29.0
1791,26,31,28.5
1791,26,30,28.0
1791,26,30,28.0
1791,26,30,28.0
1791,26,30,28.0
1791,26,30,28.0
1791,26,30,28.0
1791,26,30,28.0
1791,26,30,28.0
1791,26,30,28.0
1791,26,30,28.0
1791,26,29,27.5
1791,26,29,27.5
1791,26,29,27.5
1791,26,29,27.5
1791,26,29,27.5
1791,26,29,27.5
1791,26,29,27.5
1791,26,29,27.5
1791,26,28,27.0
1791,26,28,27.0
1791,26,28,27.0
1791,26,28,27.0
1791,26,28,27.0
1791,26,28,27.0
1791,26,28,27.0
1791,26,28,27.0
1791,26,28,27.0
1791,26,28,27.0
1791,26,28,27.0
1791,26,27,26.5
1791,26,27,26.5
1791,26,27,26.5
1791,26,27,26.5
1791,26,27,26.5
1791,26,27,26.5
1791,26,27,26.5
1791,26,27,26.5
1791,26,27,26.5
1791,26,27,26.5
1791,26,27,26.5
1791,26,27,26.5
1791,26,27,26.5
1791,26,27,26.5
1791,26,27,26.5
1791,26,27,26.5
1791,26,27,26.5
1791,26,27,26.5
1791,26,27,26.5
1791,26,27,26.5
1791,26,27,26.5
1791,26,27,26.5
1791,26,27,26.5
1791,26,27,26.5
1791,26,27,26.5
1791,26,27,26.5
1791,26,27,26.5
1791,26,27,26.5
1791,26,27,26.5
1791,26,27,26.5
1791,26,27,26.5
1791,26,27,26.5
1791,26,27,26.5
1791,26,27,26.5
1791,26,27,26.5
1791,25,27,26.0
1791,25,27,26.0
1791,25,27,26.0
1791,25,27,26.0
1791,25,27,26.0
1791,25,27,26.0
1791,25,27,26.0
1791,26,27,26.5
1791,26,27,26.5
1791,26,27,26.5
1791,26,27,26.5
1791,26,27,26.5
1791,26,27,26.5
1791,26,27,26.5
1791,26,27,26.5
1791,26,27,26.5
1791,26,27,26.5
1791,26,27,26.5
1791,26,27,26.5
1791,26,27,26.5
1791,26,27,26.5
1791,26,27,26.5
1791,26,27,26.5
1791,26,27,26.5
1791,26,27,26.5
1791,26,27,26.5
1791,26,27,26.5
1791,26,27,26.5
1791,26,27,26.5
1791,26,27,26.5
1791,26,27,26.5
1791,26,27,26.5
1791,26,27,26.5
1791,26,27,26.5
1791,26,27,26.5
1791,26,27,26.5
1791,26,27,26.5
1791,26,27,26.5
1792,26,27,26.5
1792,26,27,26.5
1792,26,27,26.5
1792,26,27,26.5
1792,26,27,26.5
1792,26,27,26.5
1792,26,27,26.5
1792,26,27,26.5
1792,26,27,26.5
1792,26,27,26.5
1792,26,27,26.5
1792,26,27,26.5
1792,26,27,26.5
1792,26,27,26.5
1792,26,27,26.5
1792,26,27,26.5
1792,26,27,26.5
1792,26,27,26.5
1792,26,27,26.5
1792,26,27,26.5
1792,26,27,26.5
1792,26,27,26.5
1792,26,27,26.5
1792,26,27,26.5
1792,26,27,26.5
1792,26,27,26.5
1792,26,27,26.5
1792,26,27,26.5
1792,26,27,26.5
1792,26,27,26.5
1792,26,27,26.5
1792,26,27,26.5
1792,26,27,26.5
1792,26,27,26.5
1792,26,27,26.5
1792,26,27,26.5
1792,26,27,26.5
1792,26,27,26.5
1792,26,27,26.5
1792,26,27,26.5
1792,26,27,26.5
1792,26,27,26.5
1792,26,27,26.5
1792,26,27,26.5
1792,26,27,26.5
1792,26,27,26.5
1792,26,27,26.5
1792,26,27,26.5
1792,26,27,26.5
1792,26,27,26.5
1792,26,27,26.5
1792,26,27,26.5
1792,26,27,26.5
1792,26,27,26.5
1792,26,27,26.5
1792,26,27,26.5
1792,26,27,26.5
1792,26,27,26.5
1792,26,27,26.5
1792,26,27,26.5
1792,26,27,26.5
1792,26,27,26.5
1792,26,27,26.5
1792,26,27,26.5
1792,26,27,26.5
1792,26,27,26.5
1792,26,27,26.5
1792,26,27,26.5
1792,26,27,26.5
1792,26,27,26.5
1793,26,27,26.5
1793,26,27,26.5
1793,26,27,26.5
1793,26,27,26.5
1793,26,27,26.5
1793,26,27,26.5
1793,26,27,26.5
1793,26,27,26.5
1793,26,27,26.5
1793,26,27,26.5
1793,26,27,26.5
1793,26,27,26.5
1793,26,27,26.5
1793,26,27,26.5
1793,26,27,26.5
1793,26,27,26.5
1793,26,27,26.5
1793,26,27,26.5
1793,26,27,26.5
1793,26,27,26.5
1793,26,27,26.5
1793,26,27,26.5
1793,26,27,26.5
1793,26,27,26.5
1793,26,27,26.5
1793,26,27,26.5
1793,26,27,26.5
1793,26,27,26.5
1793,26,27,26.5
1793,26,27,26.5
1794,26,27,26.5
1794,26,27,26.5
1794,23,27,25.0
1794,23,27,25.0
1794,23,27,25.0
1794,23,27,25.0
1794,23,27,25.0
1794,23,27,25.0
1794,23,27,25.0
1794,23,27,25.0
1794,23,27,25.0
1794,23,27,25.0
1794,23,27,25.0
1794,23,27,25.0
1794,23,27,25.0
1794,23,27,25.0
1794,23,27,25.0
1794,24,27,25.5
1794,24,27,25.5
1794,24,27,25.5
1794,24,27,25.5
1794,24,27,25.5
1794,24,27,25.5
1794,24,27,25.5
1794,24,27,25.5
1794,24,27,25.5
1794,24,27,25.5
1794,24,27,25.5
1794,24,27,25.5
1794,24,27,25.5
1794,24,27,25.5
1794,24,26,25.0
1794,24,26,25.0
1795,24,26,25.0
1795,24,26,25.0
1795,24,26,25.0
1795,24,26,25.0
1795,24,26,25.0
1795,24,26,25.0
1795,24,26,25.0
1795,24,26,25.0
1795,24,26,25.0
1795,24,26,25.0
1795,24,26,25.0
1795,24,26,25.0
1795,24,26,25.0
1795,24,26,25.0
1795,24,26,25.0
1795,24,26,25.0
1795,24,26,25.0
1795,24,26,25.0
1795,24,26,25.0
1795,24,26,25.0
1795,24,26,25.0
1795,24,26,25.0
1795,24,26,25.0
1795,24,26,25.0
1795,24,26,25.0
1795,24,26,25.0
1795,24,26,25.0
1795,24,26,25.0
1795,24,26,25.0
1795,24,26,25.0
1795,24,26,25.0
1795,24,26,25.0
1795,24,26,25.0
1795,24,26,25.0
1795,24,26,25.0
1795,24,26,25.0
1795,24,26,25.0
1795,24,26,25.0
1795,24,26,25.0
1795,24,26,25.0
1795,24,26,25.0
1795,24,26,25.0
1795,24,26,25.0
1795,24,26,25.0
1795,24,26,25.0
1795,24,26,25.0
1795,24,26,25.0
1795,24,26,25.0
1795,24,26,25.0
1795,24,26,25.0
1795,24,26,25.0
1795,24,26,25.0
1795,24,26,25.0
1795,24,26,25.0
1795,24,26,25.0
1795,24,26,25.0
1795,24,26,25.0
1795,24,26,25.0
1795,24,26,25.0
1795,24,26,25.0
1795,24,26,25.0
1795,24,26,25.0
1795,24,26,25.0
1795,24,26,25.0
1795,24,26,25.0
1795,24,26,25.0
1795,24,26,25.0
1795,24,26,25.0
1795,24,26,25.0
1795,24,26,25.0
1795,24,26,25.0
1795,24,26,25.0
1795,24,27,25.5
1795,24,27,25.5
1795,24,27,25.5
1795,24,27,25.5
1795,24,27,25.5
1795,24,27,25.5
1795,24,27,25.5
1795,24,27,25.5
1795,24,27,25.5
1795,24,27,25.5
1795,23,27,25.0
1795,23,27,25.0
1795,23,27,25.0
1795,23,27,25.0
1795,23,27,25.0
1795,23,27,25.0
1795,23,27,25.0
1795,23,27,25.0
1795,23,27,25.0
1795,23,27,25.0
1795,23,27,25.0
1795,23,27,25.0
1795,23,27,25.0
1795,23,27,25.0
1795,23,27,25.0
1795,23,27,25.0
1795,23,27,25.0
1795,23,27,25.0
1795,23,27,25.0
1795,23,27,25.0
1795,23,27,25.0
1795,23,27,25.0
1795,23,27,25.0
1795,23,27,25.0
1795,23,27,25.0
1795,23,27,25.0
1795,23,27,25.0
1795,23,27,25.0
1795,23,27,25.0
1795,23,31,27.0
1795,24,31,27.5
1795,24,31,27.5
1795,24,31,27.5
1795,24,31,27.5
1795,24,30,27.0
1796,24,30,27.0
1796,24,30,27.0
1796,24,30,27.0
1796,24,30,27.0
1796,24,30,27.0
1796,24,30,27.0
1796,24,30,27.0
1796,24,30,27.0
1796,24,30,27.0
1796,24,30,27.0
1796,24,30,27.0
1796,24,30,27.0
1796,24,30,27.0
1796,24,30,27.0
1796,24,30,27.0
1796,24,30,27.0
1796,24,30,27.0
1796,24,30,27.0
1796,24,30,27.0
1796,24,30,27.0
1796,24,30,27.0
1796,24,30,27.0
1796,24,30,27.0
1796,24,30,27.0
1796,24,30,27.0
1796,24,30,27.0
1796,24,30,27.0
1796,24,30,27.0
1796,24,30,27.0
1796,24,30,27.0
1796,24,30,27.0
1796,24,30,27.0
1796,24,30,27.0
1796,24,30,27.0
1796,24,30,27.0
1796,24,30,27.0
1796,24,30,27.0
1796,24,30,27.0
1796,24,30,27.0
1796,24,30,27.0
1796,24,30,27.0
1796,24,30,27.0
1796,24,30,27.0
1796,24,30,27.0
1796,24,30,27.0
1796,24,30,27.0
1796,24,30,27.0
1796,24,30,27.0
1796,24,30,27.0
1796,24,30,27.0
1796,24,30,27.0
1796,24,30,27.0
1796,24,30,27.0
1796,24,30,27.0
1797,24,30,27.0
1797,24,30,27.0
1797,24,30,27.0
1797,24,30,27.0
1797,24,30,27.0
1797,24,30,27.0
1797,24,30,27.0
1797,24,30,27.0
1797,24,30,27.0
1797,24,30,27.0
1797,24,30,27.0
1797,24,30,27.0
1797,24,30,27.0
1797,24,30,27.0
1797,24,30,27.0
1797,24,30,27.0
1797,24,30,27.0
1797,24,30,27.0
1797,24,30,27.0
1797,24,30,27.0
1797,24,30,27.0
1797,24,30,27.0
1797,24,30,27.0
1797,24,30,27.0
1797,24,30,27.0
1797,24,30,27.0
1797,24,30,27.0
1797,24,30,27.0
1797,24,30,27.0
1797,24,30,27.0
1797,24,30,27.0
1797,24,30,27.0
1797,24,30,27.0
1797,24,30,27.0
1797,24,30,27.0
1797,24,30,27.0
1797,24,30,27.0
1797,24,30,27.0
1797,24,30,27.0
1797,24,30,27.0
1797,24,30,27.0
1797,24,30,27.0
1797,24,30,27.0
1797,24,30,27.0
1797,24,30,27.0
1797,24,30,27.0
1797,24,30,27.0
1797,24,30,27.0
1797,24,30,27.0
1798,24,30,27.0
1798,24,30,27.0
1798,24,30,27.0
1798,24,30,27.0
1798,24,30,27.0
1798,24,30,27.0
1798,24,30,27.0
1798,21,30,25.5
1798,24,30,27.0
1798,24,30,27.0
1798,24,30,27.0
1798,24,30,27.0
1798,24,30,27.0
1798,24,30,27.0
1798,24,30,27.0
1798,24,30,27.0
1798,24,30,27.0
1798,24,30,27.0
1798,24,30,27.0
1798,24,30,27.0
1798,24,30,27.0
1798,24,30,27.0
1798,24,30,27.0
1798,24,30,27.0
1798,24,30,27.0
1798,24,30,27.0
1798,24,30,27.0
1798,24,30,27.0
1798,24,30,27.0
1798,21,30,25.5
1798,21,30,25.5
1798,21,30,25.5
1798,21,30,25.5
1798,21,30,25.5
1798,21,30,25.5
1798,21,30,25.5
1798,21,30,25.5
1798,21,30,25.5
1798,21,30,25.5
1798,21,30,25.5
1798,21,30,25.5
1798,21,30,25.5
1798,21,30,25.5
1798,21,30,25.5
1798,21,30,25.5
1798,21,30,25.5
1798,21,30,25.5
1798,21,30,25.5
1798,24,30,27.0
1798,24,30,27.0
1798,24,30,27.0
1798,24,30,27.0
1798,24,30,27.0
1798,24,30,27.0
1798,24,30,27.0
1798,24,30,27.0
1798,24,30,27.0
1798,24,30,27.0
1798,24,30,27.0
1798,24,30,27.0
1798,24,30,27.0
1798,24,32,28.0
1798,24,32,28.0
1798,24,32,28.0
1798,24,32,28.0
1798,24,32,28.0
1798,24,32,28.0
1798,24,32,28.0
1798,24,32,28.0
1798,24,32,28.0
1798,24,32,28.0
1798,24,32,28.0
1798,22,32,27.0
1798,22,32,27.0
1798,22,32,27.0
1798,22,32,27.0
1798,22,32,27.0
1798,22,32,27.0
1798,22,32,27.0
1798,22,32,27.0
1798,22,32,27.0
1798,22,32,27.0
1798,22,32,27.0
1798,22,32,27.0
1798,22,32,27.0
1798,22,32,27.0
1798,22,32,27.0
1798,22,32,27.0
1798,22,32,27.0
1798,22,32,27.0
1798,22,32,27.0
1798,22,32,27.0
1798,22,32,27.0
1798,22,32,27.0
1798,22,32,27.0
1798,22,32,27.0
1798,22,32,27.0
1798,22,32,27.0
1798,22,32,27.0
1798,22,32,27.0
1799,22,32,27.0
1799,22,32,27.0
1799,22,32,27.0
1799,22,32,27.0
1800,22,32,27.0
1800,22,32,27.0
1800,22,32,27.0
1800,22,32,27.0
1800,22,32,27.0
1800,22,32,27.0
1800,22,32,27.0
1800,22,32,27.0
1800,22,32,27.0
1800,22,32,27.0
1800,22,32,27.0
1801,22,32,27.0
1801,22,32,27.0
1801,22,32,27.0
1801,22,32,27.0
1801,22,32,27.0
1801,22,32,27.0
1801,22,32,27.0
1801,22,32,27.0
1801,22,32,27.0
1801,22,32,27.0
1801,22,32,27.0
1801,22,32,27.0
1801,22,32,27.0
1801,22,32,27.0
1802,22,32,27.0
1802,22,32,27.0
1802,22,32,27.0
1802,22,32,27.0
1802,22,32,27.0
1802,22,32,27.0
1803,22,32,27.0
1803,22,32,27.0
1803,22,32,27.0
1803,22,32,27.0
1805,22,32,27.0
1805,22,32,27.0
1805,22,32,27.0
1805,22,32,27.0
1805,22,32,27.0
1805,22,32,27.0
1805,22,32,27.0
1805,22,32,27.0
1805,22,32,27.0
1805,22,32,27.0
1805,22,32,27.0
1805,22,32,27.0
1805,22,32,27.0
1805,22,32,27.0
1805,22,32,27.0
1805,22,32,27.0
1805,22,32,27.0
1805,22,32,27.0
1805,22,32,27.0
1805,22,32,27.0
1805,22,32,27.0
1805,22,32,27.0
1805,22,32,27.0
1806,22,32,27.0
1806,22,32,27.0
1806,22,32,27.0
1806,22,32,27.0
1806,22,32,27.0
1806,22,32,27.0
1806,22,32,27.0
1806,22,32,27.0
1806,22,32,27.0
1806,22,32,27.0
1806,22,32,27.0
1806,22,32,27.0
1806,22,32,27.0
1806,22,32,27.0
1806,22,32,27.0
1806,22,32,27.0
1806,22,32,27.0
1806,22,32,27.0
1806,22,32,27.0
1806,22,32,27.0
1806,22,32,27.0
1806,22,32,27.0
1806,22,32,27.0
1806,22,32,27.0
1806,22,32,27.0
1806,22,32,27.0
1806,22,32,27.0
1806,22,32,27.0
1806,22,32,27.0
1806,22,32,27.0
1806,22,32,27.0
1806,22,32,27.0
1806,22,32,27.0
1806,22,32,27.0
1806,22,32,27.0
1806,22,32,27.0
1806,22,32,27.0
1806,22,32,27.0
1806,22,32,27.0
1806,22,32,27.0
1806,22,32,27.0
1806,22,32,27.0
1806,22,32,27.0
1806,22,32,27.0
1806,22,32,27.0
1806,22,32,27.0
1806,22,32,27.0
1806,22,32,27.0
1806,22,32,27.0
1807,22,32,27.0
1807,22,32,27.0
1807,22,32,27.0
1807,22,32,27.0
1807,22,32,27.0
1807,22,32,27.0
1807,22,32,27.0
1807,22,32,27.0
1807,22,32,27.0
1807,22,32,27.0
1807,22,32,27.0
1807,22,32,27.0
1807,22,32,27.0
1807,22,32,27.0
1807,22,32,27.0
1807,22,32,27.0
1807,22,32,27.0
1807,22,32,27.0
1807,22,32,27.0
1807,22,32,27.0
1807,22,32,27.0
1807,22,32,27.0
1807,22,32,27.0
1807,22,32,27.0
1807,22,32,27.0
1807,22,32,27.0
1807,22,32,27.0
1807,22,32,27.0
1807,22,32,27.0
1807,22,32,27.0
1808,22,32,27.0
1808,22,32,27.0
1808,22,32,27.0
1808,22,32,27.0
1808,22,32,27.0
1808,22,32,27.0
1810,22,32,27.0
1810,22,32,27.0
1810,22,32,27.0
1810,22,32,27.0
1810,22,32,27.0
1811,22,32,27.0
1812,22,32,27.0
1813,22,32,27.0
1813,22,32,27.0
1814,22,32,27.0
1814,22,32,27.0
1814,22,32,27.0
1814,22,32,27.0
1814,22,32,27.0
1814,22,32,27.0
1814,22,32,27.0
1814,22,32,27.0
1814,22,32,27.0
1814,22,32,27.0
1814,22,32,27.0
1814,22,32,27.0
1814,22,32,27.0
1814,22,32,27.0
1814,22,32,27.0
1814,22,32,27.0
1814,22,32,27.0
1814,22,32,27.0
1814,22,32,27.0
1814,22,32,27.0
1814,22,32,27.0
1815,22,32,27.0
1815,22,32,27.0
1815,22,32,27.0
1815,22,32,27.0
1815,22,32,27.0
1815,22,32,27.0
1815,22,32,27.0
1815,22,32,27.0
1815,22,32,27.0
1815,22,32,27.0
1815,22,32,27.0
1815,22,32,27.0
1815,22,32,27.0
1816,22,32,27.0
1816,22,32,27.0
1816,22,32,27.0
1816,22,32,27.0
1816,22,32,27.0
1816,22,32,27.0
1816,22,32,27.0
1816,22,32,27.0
1816,22,32,27.0
1816,22,32,27.0
1816,22,32,27.0
1816,22,32,27.0
1816,22,32,27.0
1816,22,32,27.0
1816,22,32,27.0
1816,22,32,27.0
1816,22,32,27.0
1816,22,32,27.0
1816,22,32,27.0
1816,22,32,27.0
1816,22,32,27.0
1816,22,32,27.0
1816,22,32,27.0
1816,22,32,27.0
1816,22,32,27.0
1816,22,32,27.0
1816,22,32,27.0
1816,22,32,27.0
1816,22,32,27.0
1816,22,32,27.0
1817,22,32,27.0
1817,22,32,27.0
1817,22,32,27.0
1817,22,32,27.0
1817,22,32,27.0
1817,22,32,27.0
1817,22,32,27.0
1817,22,32,27.0
1817,22,32,27.0
1817,22,32,27.0
1817,22,32,27.0
1817,22,32,27.0
1817,22,32,27.0
1817,22,32,27.0
1817,22,32,27.0
1817,22,32,27.0
1817,22,32,27.0
1818,22,32,27.0
1818,22,32,27.0
1818,22,32,27.0
1818,22,32,27.0
1818,22,32,27.0
1818,22,32,27.0
1818,22,32,27.0
1818,22,32,27.0
1818,22,32,27.0
1818,22,32,27.0
1818,22,32,27.0
1818,22,32,27.0
1818,22,32,27.0
1818,22,32,27.0
1818,22,32,27.0
1818,22,32,27.0
1818,22,32,27.0
1818,22,32,27.0
1818,22,32,27.0
1818,22,32,27.0
1818,22,32,27.0
1818,22,32,27.0
1819,22,32,27.0
1819,22,32,27.0
1819,22,32,27.0
1819,22,32,27.0
1819,22,32,27.0
1819,22,32,27.0
1819,30,32,31.0
1819,30,32,31.0
1819,30,32,31.0
1819,30,32,31.0
1819,30,32,31.0
1819,30,32,31.0
1819,30,32,31.0
1819,30,33,31.5
1819,30,33,31.5
1819,30,33,31.5
1819,30,33,31.5
1819,30,33,31.5
1819,30,33,31.5
1819,30,33,31.5
1819,30,34,32.0
1819,30,34,32.0
1819,30,34,32.0
1819,30,34,32.0
1819,30,34,32.0
1819,30,34,32.0
1819,30,34,32.0
1819,30,34,32.0
1819,27,34,30.5
1819,27,34,30.5
1819,27,34,30.5
1819,27,34,30.5
1819,25,34,29.5
1819,25,34,29.5
1819,25,34,29.5
1819,25,34,29.5
1819,25,34,29.5
1819,25,34,29.5
1819,25,34,29.5
1819,25,34,29.5
1819,25,34,29.5
1819,25,34,29.5
1819,25,34,29.5
1819,25,34,29.5
1819,25,34,29.5
1819,25,34,29.5
1819,25,34,29.5
1819,25,34,29.5
1819,25,34,29.5
1819,25,34,29.5
1819,25,34,29.5
1819,25,34,29.5
1819,25,34,29.5
1819,25,34,29.5
1819,25,34,29.5
1819,25,34,29.5
1819,25,34,29.5
1819,25,34,29.5
1819,25,34,29.5
1819,25,34,29.5
1819,22,34,28.0
1819,22,34,28.0
1819,22,34,28.0
1819,22,34,28.0
1819,22,34,28.0
1819,22,34,28.0
1819,22,34,28.0
1819,22,34,28.0
1819,22,34,28.0
1819,22,34,28.0
1819,22,34,28.0
1819,22,34,28.0
1819,22,34,28.0
1819,22,34,28.0
1819,22,34,28.0
1819,22,34,28.0
1819,22,34,28.0
1819,22,34,28.0
1819,22,34,28.0
1819,22,34,28.0
1819,22,34,28.0
1820,22,34,28.0
1820,22,34,28.0
1820,22,34,28.0
1820,22,34,28.0
1820,22,34,28.0
1820,22,34,28.0
1820,22,34,28.0
1820,25,34,29.5
1820,25,34,29.5
1820,25,34,29.5
1820,25,34,29.5
1820,25,34,29.5
1820,25,34,29.5
1820,25,34,29.5
1820,25,34,29.5
1820,25,34,29.5
1820,25,34,29.5
1820,31,34,32.5
1820,31,34,32.5
1820,31,34,32.5
1820,31,34,32.5
1820,31,34,32.5
1820,31,34,32.5
1820,31,34,32.5
1820,31,34,32.5
1820,31,34,32.5
1820,31,34,32.5
1820,31,34,32.5
1820,31,34,32.5
1820,31,34,32.5
1820,31,34,32.5
1820,31,34,32.5
1820,31,34,32.5
1820,31,34,32.5
1820,31,34,32.5
1820,31,34,32.5
1820,31,34,32.5
1820,31,34,32.5
1820,31,33,32.0
1820,31,33,32.0
1820,31,33,32.0
1820,31,33,32.0
1820,31,33,32.0
1820,31,33,32.0
1820,31,33,32.0
1820,31,33,32.0
1820,31,33,32.0
1820,31,33,32.0
1820,31,33,32.0
1820,31,33,32.0
1820,31,33,32.0
1820,31,33,32.0
1820,31,33,32.0
1820,31,33,32.0
1820,31,33,32.0
1820,31,33,32.0
1820,31,33,32.0
1820,31,33,32.0
1820,31,33,32.0
1820,31,33,32.0
1820,31,33,32.0
1820,31,33,32.0
1820,31,33,32.0
1820,31,33,32.0
1820,31,33,32.0
1821,31,33,32.0
1821,31,33,32.0
1821,31,33,32.0
1821,31,33,32.0
1821,31,33,32.0
1821,31,33,32.0
1821,31,33,32.0
1821,31,33,32.0
1821,31,33,32.0
1821,31,33,32.0
1821,31,33,32.0
1821,31,33,32.0
1821,31,33,32.0
1821,31,33,32.0
1821,31,33,32.0
1821,31,33,32.0
1821,31,33,32.0
1821,31,33,32.0
1821,31,33,32.0
1822,31,33,32.0
1822,31,33,32.0
1822,31,33,32.0
1822,31,33,32.0
1822,31,33,32.0
1822,31,33,32.0
1823,31,33,32.0
1823,31,33,32.0
1823,31,33,32.0
1823,31,33,32.0
1823,31,33,32.0
1823,31,32,31.5
1823,31,32,31.5
1823,31,32,31.5
1823,31,32,31.5
1823,31,32,31.5
1823,31,32,31.5
1823,31,32,31.5
1823,31,32,31.5
1823,31,32,31.5
1823,31,32,31.5
1823,31,32,31.5
1823,31,32,31.5
1823,31,32,31.5
1823,31,32,31.5
1823,31,32,31.5
1823,31,32,31.5
1823,31,32,31.5
1823,31,32,31.5
1823,31,32,31.5
1823,31,32,31.5
1823,31,32,31.5
1823,31,32,31.5
1823,31,32,31.5
1823,31,32,31.5
1823,31,32,31.5
1823,31,32,31.5
1823,31,32,31.5
1823,31,32,31.5
1823,31,32,31.5
1823,31,32,31.5
1823,31,32,31.5
1823,31,32,31.5
1823,31,32,31.5
1823,31,32,31.5
1824,31,32,31.5
1824,31,32,31.5
1824,31,32,31.5
1824,31,32,31.5
1824,31,32,31.5
1824,31,32,31.5
1824,31,32,31.5
1824,31,32,31.5
1824,31,32,31.5
1824,31,32,31.5
1824,31,32,31.5
1825,31,32,31.5
1825,31,32,31.5
1825,31,32,31.5
1825,31,32,31.5
1825,31,32,31.5
1826,31,32,31.5
1826,31,32,31.5
1826,31,32,31.5
1826,31,32,31.5
1826,31,32,31.5
1826,31,32,31.5
1826,31,32,31.5
1826,31,32,31.5
1826,31,32,31.5
1826,31,32,31.5
1826,31,32,31.5
1826,31,32,31.5
1826,31,32,31.5
1826,31,32,31.5
1826,31,32,31.5
1826,31,32,31.5
1826,31,32,31.5
1826,31,32,31.5
1826,31,32,31.5
1827,31,32,31.5
1827,31,32,31.5
1827,31,32,31.5
1827,31,32,31.5
1827,31,32,31.5
1828,31,32,31.5
1828,31,32,31.5
1828,31,32,31.5
1828,31,32,31.5
1828,31,32,31.5
1828,31,32,31.5
1828,31,32,31.5
1828,31,32,31.5
1828,31,32,31.5
1828,31,32,31.5
1828,31,32,31.5
1829,31,32,31.5
1829,31,32,31.5
1829,31,32,31.5
1829,31,32,31.5
1829,31,32,31.5
1830,31,32,31.5
1830,31,32,31.5
1830,31,32,31.5
1830,31,32,31.5
1830,31,32,31.5
1830,31,32,31.5
1830,31,32,31.5
1830,31,32,31.5
1830,31,32,31.5
1830,31,32,31.5
1831,31,32,31.5
1831,31,32,31.5
1831,31,32,31.5
1831,31,32,31.5
1831,31,32,31.5
1831,31,32,31.5
1831,31,32,31.5
1832,31,32,31.5
1832,31,32,31.5
1833,31,32,31.5
1833,31,32,31.5
1833,31,32,31.5
1833,31,32,31.5
1833,31,32,31.5
1833,31,32,31.5
1833,31,32,31.5
1833,31,32,31.5
1833,31,32,31.5
1834,31,32,31.5
1834,31,32,31.5
1834,31,32,31.5
1834,31,32,31.5
1834,31,32,31.5
1835,31,32,31.5
1835,31,32,31.5
1835,31,32,31.5
1835,31,32,31.5
1835,31,32,31.5
1836,31,32,31.5
1836,31,32,31.5
1836,31,32,31.5
1836,31,32,31.5
1836,31,32,31.5
1836,31,32,31.5
1837,31,32,31.5
1837,31,32,31.5
1837,31,32,31.5
1839,31,32,31.5
1839,31,32,31.5
1839,31,32,31.5
1845,31,32,31.5
1845,31,32,31.5
1845,31,32,31.5
1845,31,32,31.5
1845,31,32,31.5
1845,31,32,31.5
1845,31,32,31.5
1845,31,32,31.5
1845,31,32,31.5
1845,31,32,31.5
1845,31,32,31.5
1845,31,32,31.5
1845,31,32,31.5
1845,31,32,31.5
1845,31,32,31.5
1845,31,32,31.5
1845,31,32,31.5
1845,31,32,31.5
1845,30,32,31.0
1845,30,32,31.0
1845,30,32,31.0
1845,30,32,31.0
1845,30,32,31.0
1845,30,32,31.0
1845,30,32,31.0
1845,30,32,31.0
1845,30,32,31.0
1845,30,32,31.0
1845,30,32,31.0
1845,30,32,31.0
1845,30,32,31.0
1845,30,32,31.0
1845,30,32,31.0
1845,30,32,31.0
1845,30,32,31.0
1845,30,32,31.0
1845,30,32,31.0
1845,30,32,31.0
1845,30,32,31.0
1845,30,32,31.0
1845,30,32,31.0
1845,30,32,31.0
1845,30,32,31.0
1845,30,32,31.0
1845,30,33,31.5
1845,30,33,31.5
1845,30,33,31.5
1845,30,33,31.5
1845,30,33,31.5
1845,30,33,31.5
1845,30,33,31.5
1845,30,33,31.5
1845,30,33,31.5
1845,30,33,31.5
1845,30,33,31.5
1845,30,33,31.5
1845,30,33,31.5
1845,30,33,31.5
1845,30,33,31.5
1845,30,33,31.5
1845,30,33,31.5
1845,30,33,31.5
1845,30,33,31.5
1845,30,33,31.5
1845,30,33,31.5
1845,30,33,31.5
1845,30,33,31.5
1845,30,33,31.5
1845,28,33,30.5
1845,28,33,30.5
1845,28,33,30.5
1845,28,33,30.5
1845,28,33,30.5
1845,28,33,30.5
1845,28,33,30.5
1845,28,33,30.5
1845,28,33,30.5
1845,28,33,30.5
1845,28,33,30.5
1845,28,33,30.5
1845,28,33,30.5
1845,28,33,30.5
1845,28,33,30.5
1845,28,33,30.5
1846,28,33,30.5
1846,28,33,30.5
1846,28,33,30.5
1846,28,33,30.5
1846,28,33,30.5
1846,28,33,30.5
1846,28,33,30.5
1846,28,33,30.5
1846,28,33,30.5
1846,28,33,30.5
1846,28,33,30.5
1846,28,33,30.5
1846,28,33,30.5
1846,28,33,30.5
1846,28,33,30.5
1846,28,33,30.5
1846,28,33,30.5
1846,28,33,30.5
1846,28,33,30.5
1846,28,33,30.5
1846,28,33,30.5
1846,28,33,30.5
1846,28,33,30.5
1846,28,33,30.5
1846,28,33,30.5
1846,28,33,30.5
1846,28,33,30.5
1846,28,33,30.5
1846,28,33,30.5
1846,28,33,30.5
1846,28,33,30.5
1846,28,33,30.5
1846,28,33,30.5
1846,28,33,30.5
1846,28,33,30.5
1846,28,33,30.5
1846,28,33,30.5
1846,28,33,30.5
1846,28,33,30.5
1846,28,33,30.5
1846,28,33,30.5
1846,28,33,30.5
1846,28,33,30.5
1846,28,33,30.5
1846,28,33,30.5
1846,28,33,30.5
1846,28,33,30.5
1846,28,33,30.5
1846,28,33,30.5
1846,28,33,30.5
1846,28,33,30.5
1846,28,35,31.5
1846,28,35,31.5
1846,28,35,31.5
1846,28,35,31.5
1846,28,35,31.5
1846,28,35,31.5
1846,28,35,31.5
1846,28,35,31.5
1846,28,35,31.5
1846,28,35,31.5
1846,28,35,31.5
1846,28,35,31.5
1846,28,35,31.5
1846,28,35,31.5
1846,28,35,31.5
1846,28,35,31.5
1846,28,35,31.5
1846,28,35,31.5
1846,28,35,31.5
1846,28,35,31.5
1846,28,35,31.5
1846,28,35,31.5
1846,28,35,31.5
1847,28,35,31.5
1847,28,35,31.5
1847,28,35,31.5
1847,28,35,31.5
1847,28,35,31.5
1847,28,35,31.5
1847,28,35,31.5
1847,28,35,31.5
1847,28,35,31.5
1847,28,35,31.5
1847,28,35,31.5
1847,28,35,31.5
1847,28,35,31.5
1847,28,35,31.5
1847,28,35,31.5
1847,28,35,31.5
1847,28,35,31.5
1847,28,35,31.5
1847,28,35,31.5
1847,28,35,31.5
1847,28,35,31.5
1847,28,35,31.5
1847,28,35,31.5
1847,28,35,31.5
1847,28,35,31.5
1847,28,35,31.5
1847,28,35,31.5
1847,28,35,31.5
1848,28,35,31.5
1848,28,35,31.5
1848,28,35,31.5
1848,28,35,31.5
1848,28,35,31.5
1848,28,35,31.5
1848,28,35,31.5
1848,28,35,31.5
1848,28,34,31.0
1848,28,34,31.0
1848,28,34,31.0
1848,28,34,31.0
1848,28,34,31.0
1848,28,34,31.0
1848,28,34,31.0
1848,28,34,31.0
1848,28,34,31.0
1848,28,34,31.0
1848,28,34,31.0
1848,28,34,31.0
1848,28,34,31.0
1849,28,34,31.0
1849,28,34,31.0
1849,28,34,31.0
1849,28,34,31.0
1849,28,34,31.0
1849,28,34,31.0
1849,28,34,31.0
1849,28,34,31.0
1849,28,34,31.0
1849,28,34,31.0
1849,28,34,31.0
1849,28,34,31.0
1849,28,34,31.0
1849,28,34,31.0
1849,28,34,31.0
1849,28,34,31.0
1849,28,34,31.0
1849,28,34,31.0
1849,28,34,31.0
1849,28,34,31.0
1849,28,34,31.0
1849,28,34,31.0
1849,28,34,31.0
1849,28,35,31.5
1849,28,35,31.5
1849,28,35,31.5
1849,28,35,31.5
1849,28,35,31.5
1849,28,35,31.5
1849,28,35,31.5
1849,28,35,31.5
1849,28,35,31.5
1850,27,35,31.0
1850,27,35,31.0
1850,27,35,31.0
1850,27,35,31.0
1850,28,35,31.5
1850,28,34,31.0
1850,28,34,31.0
1850,28,34,31.0
1850,28,34,31.0
1850,28,34,31.0
1850,27,34,30.5
1850,27,35,31.0
1850,27,35,31.0
1850,27,35,31.0
1850,27,35,31.0
1850,27,35,31.0
1850,27,35,31.0
1850,27,35,31.0
1850,27,35,31.0
1850,27,35,31.0
1850,27,35,31.0
1850,27,35,31.0
1850,27,35,31.0
1850,27,35,31.0
1850,27,35,31.0
1850,27,35,31.0
1850,27,35,31.0
1850,27,35,31.0
1850,27,35,31.0
1850,27,35,31.0
1850,27,35,31.0
1850,27,35,31.0
1850,27,35,31.0
1851,27,35,31.0
1851,27,35,31.0
1851,27,35,31.0
1851,27,35,31.0
1851,27,35,31.0
1851,27,35,31.0
1851,27,35,31.0
1851,27,35,31.0
1851,27,35,31.0
1851,27,35,31.0
1851,27,35,31.0
1851,27,35,31.0
1851,27,35,31.0
1851,27,35,31.0
1851,27,35,31.0
1851,27,35,31.0
1851,27,35,31.0
1851,27,35,31.0
1851,27,35,31.0
1851,27,35,31.0
1851,27,35,31.0
1851,27,35,31.0
1851,27,35,31.0
1851,27,35,31.0
1851,27,35,31.0
1851,27,35,31.0
1852,27,35,31.0
1852,27,35,31.0
1852,27,35,31.0
1852,27,35,31.0
1852,27,35,31.0
1852,27,35,31.0
1852,27,35,31.0
1852,27,35,31.0
1852,27,35,31.0
1852,27,35,31.0
1852,27,35,31.0
1852,27,35,31.0
1852,27,35,31.0
1852,27,35,31.0
1852,27,35,31.0
1852,27,35,31.0
1852,27,35,31.0
1852,27,35,31.0
1852,27,35,31.0
1852,27,35,31.0
1852,27,35,31.0
1852,27,35,31.0
1852,27,35,31.0
1852,27,35,31.0
1852,27,35,31.0
1852,27,35,31.0
1852,27,35,31.0
1852,27,35,31.0
1852,27,35,31.0
1852,27,35,31.0
1852,27,35,31.0
1853,27,35,31.0
1853,27,35,31.0
1853,27,35,31.0
1853,27,35,31.0
1853,27,35,31.0
1853,27,35,31.0
1853,27,35,31.0
1853,27,35,31.0
1853,27,35,31.0
1853,27,35,31.0
1853,27,35,31.0
1853,27,35,31.0
1853,27,38,32.5
1853,27,37,32.0
1853,27,37,32.0
1853,27,37,32.0
1853,27,37,32.0
1853,27,37,32.0
1853,27,37,32.0
1853,27,37,32.0
1853,27,37,32.0
1853,27,37,32.0
1853,27,37,32.0
1853,27,36,31.5
1853,27,37,32.0
1853,27,37,32.0
1853,27,37,32.0
1853,27,37,32.0
1853,27,37,32.0
1853,27,37,32.0
1853,27,37,32.0
1853,27,37,32.0
1853,27,37,32.0
1853,27,37,32.0
1853,27,37,32.0
1854,27,37,32.0
1854,27,37,32.0
1854,27,37,32.0
1854,27,37,32.0
1854,27,37,32.0
1854,27,37,32.0
1854,27,37,32.0
1854,27,37,32.0
1854,27,37,32.0
1854,27,37,32.0
1854,27,37,32.0
1854,27,37,32.0
1854,27,37,32.0
1854,27,37,32.0
1854,27,37,32.0
1854,27,37,32.0
1854,27,37,32.0
1854,27,37,32.0
1854,27,37,32.0
1854,27,37,32.0
1854,27,36,31.5
1854,27,36,31.5
1854,27,36,31.5
1854,27,37,32.0
1854,27,37,32.0
1854,27,37,32.0
1854,27,37,32.0
1854,27,37,32.0
1854,27,37,32.0
1854,27,37,32.0
1854,27,37,32.0
1854,27,37,32.0
1854,27,37,32.0
1854,27,37,32.0
1854,27,37,32.0
1854,27,37,32.0
1854,27,37,32.0
1854,27,37,32.0
1854,27,37,32.0
1854,27,37,32.0
1854,27,37,32.0
1854,27,37,32.0
1854,27,37,32.0
1854,27,37,32.0
1854,27,37,32.0
1854,27,36,31.5
1854,27,36,31.5
1854,27,36,31.5
1855,27,36,31.5
1855,27,36,31.5
1855,27,36,31.5
1855,27,36,31.5
1855,27,36,31.5
1855,27,36,31.5
1855,27,36,31.5
1855,27,36,31.5
1855,27,36,31.5
1855,27,37,32.0
1855,27,36,31.5
1855,27,36,31.5
1855,27,36,31.5
1855,27,36,31.5
1855,27,36,31.5
1855,27,37,32.0
1855,27,37,32.0
1855,27,37,32.0
1855,27,37,32.0
1855,27,37,32.0
1855,27,37,32.0
1855,27,37,32.0
1855,27,37,32.0
1855,27,37,32.0
1855,27,37,32.0
1855,27,37,32.0
1855,27,37,32.0
1855,27,37,32.0
1855,27,37,32.0
1855,27,37,32.0
1855,27,37,32.0
1855,27,37,32.0
1856,27,37,32.0
1856,27,37,32.0
1856,27,37,32.0
1856,27,37,32.0
1856,27,37,32.0
1856,27,37,32.0
1856,27,37,32.0
1856,27,37,32.0
1856,27,37,32.0
1856,27,36,31.5
1856,26,36,31.0
1856,26,36,31.0
1856,26,36,31.0
1856,26,36,31.0
1856,26,36,31.0
1856,26,36,31.0
1856,26,36,31.0
1856,26,36,31.0
1856,26,36,31.0
1856,26,36,31.0
1856,26,36,31.0
1856,26,36,31.0
1856,26,36,31.0
1856,26,36,31.0
1856,26,36,31.0
1856,26,35,30.5
1856,26,35,30.5
1856,26,35,30.5
1856,26,35,30.5
1856,26,35,30.5
1856,26,35,30.5
1856,26,35,30.5
1856,26,35,30.5
1856,26,35,30.5
1856,26,35,30.5
1856,26,35,30.5
1856,26,35,30.5
1856,26,35,30.5
1856,26,35,30.5
1856,26,35,30.5
1856,26,35,30.5
1856,26,35,30.5
1856,26,35,30.5
1856,26,35,30.5
1856,26,35,30.5
1856,26,35,30.5
1856,26,35,30.5
1856,26,35,30.5
1856,26,35,30.5
1856,26,35,30.5
1856,26,35,30.5
1856,26,35,30.5
1856,26,35,30.5
1856,26,35,30.5
1856,26,35,30.5
1856,26,35,30.5
1856,26,35,30.5
1856,26,35,30.5
1856,26,34,30.0
1856,26,34,30.0
1856,26,29,27.5
1856,26,29,27.5
1856,26,29,27.5
1856,26,29,27.5
1856,26,29,27.5
1856,26,29,27.5
1856,26,29,27.5
1856,26,29,27.5
1856,26,29,27.5
1856,26,29,27.5
1856,26,29,27.5
1856,26,29,27.5
1856,26,29,27.5
1856,26,29,27.5
1856,26,29,27.5
1856,26,28,27.0
1856,26,28,27.0
1856,26,28,27.0
1856,26,28,27.0
1856,26,28,27.0
1856,26,28,27.0
1856,26,28,27.0
1856,26,28,27.0
1856,26,28,27.0
1856,26,29,27.5
1856,26,29,27.5
1856,26,29,27.5
1856,26,29,27.5
1856,26,29,27.5
1856,26,29,27.5
1856,26,29,27.5
1856,26,29,27.5
1856,26,29,27.5
1856,26,29,27.5
1856,26,29,27.5
1856,26,29,27.5
1856,26,29,27.5
1856,26,28,27.0
1856,26,28,27.0
1856,26,28,27.0
1856,26,28,27.0
1856,26,28,27.0
1856,26,28,27.0
1856,26,28,27.0
1856,26,28,27.0
1856,26,28,27.0
1856,26,28,27.0
1856,26,28,27.0
1856,26,28,27.0
1856,26,28,27.0
1856,26,28,27.0
1856,26,28,27.0
1856,26,28,27.0
1856,26,28,27.0
1856,26,28,27.0
1856,26,28,27.0
1856,26,28,27.0
1856,26,28,27.0
1856,26,28,27.0
1856,26,28,27.0
1856,26,28,27.0
1856,26,28,27.0
1856,26,28,27.0
1856,26,28,27.0
1856,26,28,27.0
1856,26,28,27.0
1856,26,28,27.0
1857,26,28,27.0
1857,26,28,27.0
1857,26,28,27.0
1857,26,28,27.0
1857,26,28,27.0
1857,26,28,27.0
1857,26,28,27.0
1857,26,28,27.0
1857,26,28,27.0
1857,26,28,27.0
1857,26,27,26.5
1857,26,27,26.5
1857,26,27,26.5
1857,26,27,26.5
1857,26,27,26.5
1857,26,27,26.5
1857,26,27,26.5
1857,26,27,26.5
1857,26,27,26.5
1857,26,27,26.5
1857,26,27,26.5
1857,26,27,26.5
1857,26,27,26.5
1857,26,27,26.5
1857,26,27,26.5
1857,26,27,26.5
1857,26,27,26.5
1857,26,27,26.5
1857,26,27,26.5
1857,26,27,26.5
1857,26,27,26.5
1857,26,27,26.5
1857,26,27,26.5
1857,26,27,26.5
1857,26,27,26.5
1857,26,27,26.5
1857,23,27,25.0
1857,23,27,25.0
1857,23,27,25.0
1857,23,27,25.0
1857,23,27,25.0
1857,23,27,25.0
1857,23,27,25.0
1857,23,27,25.0
1857,23,27,25.0
1857,23,27,25.0
1857,23,27,25.0
1857,23,27,25.0
1857,23,27,25.0
1857,23,26,24.5
1857,23,26,24.5
1857,23,26,24.5
1857,23,26,24.5
1857,23,26,24.5
1857,23,26,24.5
1857,23,26,24.5
1857,23,26,24.5
1857,23,26,24.5
1857,23,26,24.5
1857,23,26,24.5
1857,23,26,24.5
1857,23,26,24.5
1857,23,26,24.5
1857,23,26,24.5
1857,23,26,24.5
1857,23,26,24.5
1857,23,26,24.5
1857,23,26,24.5
1857,23,26,24.5
1857,23,26,24.5
1857,23,26,24.5
1857,23,26,24.5
1857,23,26,24.5
1857,23,26,24.5
1857,23,26,24.5
1857,23,26,24.5
1857,23,26,24.5
1857,23,26,24.5
1857,23,25,24.0
1857,23,25,24.0
1857,23,25,24.0
1857,23,25,24.0
1857,23,25,24.0
1857,23,25,24.0
1857,23,25,24.0
1857,23,25,24.0
1857,23,26,24.5
1857,23,26,24.5
1857,23,26,24.5
1857,23,26,24.5
1857,23,26,24.5
1857,23,26,24.5
1857,23,26,24.5
1857,23,26,24.5
1857,23,26,24.5
1857,23,26,24.5
1857,23,26,24.5
1857,23,26,24.5
1857,23,26,24.5
1857,23,26,24.5
1857,23,25,24.0
1857,23,25,24.0
1857,23,25,24.0
1857,23,25,24.0
1858,23,25,24.0
1858,23,25,24.0
1858,23,25,24.0
1858,23,25,24.0
1858,23,25,24.0
1858,23,25,24.0
1858,23,25,24.0
1858,23,25,24.0
1858,23,25,24.0
1858,23,25,24.0
1858,23,25,24.0
1858,23,25,24.0
1858,23,25,24.0
1858,23,25,24.0
1858,23,25,24.0
1858,23,25,24.0
1858,23,25,24.0
1858,23,25,24.0
1858,23,25,24.0
1858,23,25,24.0
1858,23,25,24.0
1858,23,25,24.0
1858,23,25,24.0
1858,23,25,24.0
1858,23,25,24.0
1858,23,25,24.0
1858,23,25,24.0
1858,23,25,24.0
1858,23,25,24.0
1858,23,25,24.0
1858,23,25,24.0
1858,23,25,24.0
1858,23,25,24.0
1858,23,25,24.0
1858,23,25,24.0
1858,23,25,24.0
1858,23,25,24.0
1858,23,25,24.0
1858,23,25,24.0
1858,23,25,24.0
1858,23,25,24.0
1858,23,25,24.0
1858,23,25,24.0
1858,23,25,24.0
1858,23,25,24.0
1858,23,25,24.0
1858,23,25,24.0
1858,23,25,24.0
1858,23,25,24.0
1858,23,25,24.0
1859,23,25,24.0
1859,23,25,24.0
1859,23,25,24.0
1859,23,25,24.0
1859,23,25,24.0
1859,23,25,24.0
1859,23,25,24.0
1859,23,25,24.0
1859,23,25,24.0
1859,23,25,24.0
1859,23,25,24.0
1859,23,25,24.0
1859,23,25,24.0
1859,23,25,24.0
1859,23,25,24.0
1859,23,25,24.0
1859,23,25,24.0
1859,23,25,24.0
1859,23,25,24.0
1859,23,25,24.0
1859,23,25,24.0
1859,23,25,24.0
1859,23,25,24.0
1859,23,25,24.0
1859,23,25,24.0
1859,23,25,24.0
1859,23,25,24.0
1859,23,25,24.0
1859,23,25,24.0
1859,23,25,24.0
1859,23,25,24.0
1859,23,25,24.0
1859,23,25,24.0
1859,23,25,24.0
1859,23,25,24.0
1859,23,25,24.0
1859,23,25,24.0
1859,23,25,24.0
1859,23,25,24.0
1859,23,25,24.0
1859,23,25,24.0
1859,23,25,24.0
1859,23,25,24.0
1859,23,25,24.0
1859,23,25,24.0
1859,23,25,24.0
1859,23,25,24.0
1859,23,25,24.0
1859,23,25,24.0
1859,23,25,24.0
1859,23,25,24.0
1859,23,25,24.0
1859,23,25,24.0
1859,23,25,24.0
1859,23,25,24.0
1859,23,25,24.0
1859,23,25,24.0
1859,23,25,24.0
1859,23,25,24.0
1860,23,25,24.0
1860,23,25,24.0
1860,23,25,24.0
1860,23,25,24.0
1860,23,25,24.0
1860,23,25,24.0
1860,23,25,24.0
1860,23,25,24.0
1860,23,25,24.0
1860,23,25,24.0
1860,23,25,24.0
1860,23,25,24.0
1860,23,24,23.5
1860,23,24,23.5
1860,23,24,23.5
1860,23,24,23.5
1860,23,24,23.5
1860,23,24,23.5
1860,23,24,23.5
1860,23,24,23.5
1860,23,24,23.5
1860,23,24,23.5
1860,23,24,23.5
1860,23,24,23.5
1860,23,24,23.5
1860,23,24,23.5
1860,23,24,23.5
1860,23,24,23.5
1860,23,24,23.5
1860,23,24,23.5
1860,23,24,23.5
1860,23,24,23.5
1860,23,24,23.5
1860,23,24,23.5
1860,23,24,23.5
1860,23,25,24.0
1860,23,25,24.0
1860,23,25,24.0
1860,23,24,23.5
1860,23,24,23.5
1860,23,24,23.5
1860,23,24,23.5
1860,23,24,23.5
1860,23,24,23.5
1860,23,24,23.5
1860,23,24,23.5
1860,23,24,23.5
1860,23,24,23.5
1860,23,24,23.5
1860,23,24,23.5
1860,23,24,23.5
1860,23,24,23.5
1860,23,24,23.5
1860,23,24,23.5
1860,23,24,23.5
1860,23,24,23.5
1860,23,24,23.5
1860,23,24,23.5
1860,23,24,23.5
1860,23,24,23.5
1860,23,24,23.5
1860,23,24,23.5
1860,23,24,23.5
1860,23,24,23.5
1860,23,24,23.5
1860,23,24,23.5
1860,23,24,23.5
1860,23,24,23.5
1860,23,24,23.5
1860,23,24,23.5
1860,23,24,23.5
1861,23,24,23.5
1861,23,24,23.5
1861,23,24,23.5
1861,23,24,23.5
1861,23,24,23.5
1861,23,24,23.5
1861,23,24,23.5
1861,23,24,23.5
1861,23,24,23.5
1861,23,24,23.5
1861,23,24,23.5
1861,23,24,23.5
1861,23,24,23.5
1861,23,24,23.5
1861,23,24,23.5
1862,23,24,23.5
1862,23,24,23.5
1862,23,24,23.5
1862,23,24,23.5
1862,23,24,23.5
1862,23,24,23.5
1862,23,24,23.5
1862,23,24,23.5
1862,23,24,23.5
1862,23,24,23.5
1863,23,24,23.5
1863,23,24,23.5
1863,23,24,23.5
1863,23,24,23.5
1863,23,24,23.5
1863,23,24,23.5
1863,23,24,23.5
1863,23,24,23.5
1863,23,24,23.5
1863,23,24,23.5
1863,23,24,23.5
1863,23,24,23.5
1863,23,24,23.5
1863,23,24,23.5
1863,23,24,23.5
1863,23,24,23.5
1863,23,24,23.5
1863,23,24,23.5
1863,23,24,23.5
1863,23,24,23.5
1863,23,24,23.5
1863,23,24,23.5
1863,23,24,23.5
1864,23,24,23.5
1864,23,24,23.5
1864,23,24,23.5
1864,23,24,23.5
1864,23,24,23.5
1864,23,24,23.5
1864,23,24,23.5
1865,23,24,23.5
1865,23,24,23.5
1865,23,24,23.5
1865,23,24,23.5
1865,23,24,23.5
1865,23,24,23.5
1865,23,24,23.5
1865,23,24,23.5
1865,23,24,23.5
1866,23,24,23.5
1866,23,24,23.5
1866,23,24,23.5
1866,23,24,23.5
1866,23,24,23.5
1866,23,24,23.5
1866,23,24,23.5
1866,23,24,23.5
1866,23,24,23.5
1866,23,24,23.5
1866,23,24,23.5
1866,23,24,23.5
1866,23,24,23.5
1866,23,24,23.5
1866,23,24,23.5
1866,23,24,23.5
1866,23,25,24.0
1866,23,25,24.0
1866,23,25,24.0
1866,23,25,24.0
1866,23,25,24.0
1867,23,24,23.5
1867,23,24,23.5
1867,23,24,23.5
1867,23,24,23.5
1867,23,24,23.5
1867,23,24,23.5
1867,23,24,23.5
1867,23,24,23.5
1867,23,24,23.5
1867,23,24,23.5
1867,23,24,23.5
1867,23,24,23.5
1867,23,24,23.5
1867,23,24,23.5
1867,23,24,23.5
1867,23,24,23.5
1867,23,24,23.5
1867,23,24,23.5
1867,23,24,23.5
1867,23,24,23.5
1867,23,24,23.5
1867,23,24,23.5
1867,23,24,23.5
1867,23,24,23.5
1867,23,24,23.5
1867,23,24,23.5
1867,23,24,23.5
1867,23,24,23.5
1867,23,24,23.5
1868,23,24,23.5
1868,23,24,23.5
1868,23,24,23.5
1868,23,24,23.5
1869,23,24,23.5
1869,23,24,23.5
1869,23,24,23.5
1869,23,24,23.5
1869,23,24,23.5
1869,23,24,23.5
1870,23,24,23.5
1870,23,24,23.5
1870,23,24,23.5
1870,23,24,23.5
1870,23,24,23.5
1870,23,24,23.5
1870,23,24,23.5
1871,23,24,23.5
1871,23,24,23.5
1871,23,24,23.5
1871,23,24,23.5
1871,23,24,23.5
1871,23,24,23.5
1871,23,24,23.5
1872,23,24,23.5
1872,23,24,23.5
1872,23,24,23.5
1872,23,24,23.5
1872,23,24,23.5
1872,23,24,23.5
1872,23,24,23.5
1873,23,24,23.5
1873,23,24,23.5
1873,23,24,23.5
1873,23,24,23.5
1873,23,24,23.5
1873,23,24,23.5
1873,23,24,23.5
1873,23,24,23.5
1873,23,24,23.5
1873,23,24,23.5
1873,23,24,23.5
1873,23,24,23.5
1873,23,24,23.5
1873,23,24,23.5
1873,23,24,23.5
1874,23,24,23.5
1874,23,24,23.5
1874,23,24,23.5
1874,23,24,23.5
1874,23,24,23.5
1874,23,24,23.5
1874,23,24,23.5
1874,23,24,23.5
1874,23,24,23.5
1875,23,24,23.5
1875,23,24,23.5
1875,23,24,23.5
1875,23,24,23.5
1875,23,24,23.5
1875,23,24,23.5
1875,23,24,23.5
1875,23,24,23.5
1875,23,24,23.5
1875,23,24,23.5
1875,23,24,23.5
1875,23,24,23.5
1875,23,24,23.5
1877,23,24,23.5
1877,23,24,23.5
1877,23,24,23.5
1877,23,24,23.5
1877,23,24,23.5
1877,23,24,23.5
1877,23,24,23.5
1877,23,24,23.5
1877,23,24,23.5
1877,23,24,23.5
1877,23,24,23.5
1878,23,24,23.5
1878,22,24,23.0
1878,22,23,22.5
1878,22,23,22.5
1878,22,23,22.5
1878,22,23,22.5
1878,21,23,22.0
1878,21,23,22.0
1878,21,23,22.0
1878,21,23,22.0
1878,21,23,22.0
1878,21,23,22.0
1878,21,23,22.0
1878,21,23,22.0
1878,21,23,22.0
1878,21,23,22.0
1878,21,23,22.0
1878,21,23,22.0
1878,21,23,22.0
1878,21,23,22.0
1878,21,23,22.0
1878,21,23,22.0
1878,21,23,22.0
1878,21,23,22.0
1878,21,22,21.5
1878,21,22,21.5
1878,21,22,21.5
1878,21,22,21.5
1878,21,22,21.5
1878,21,22,21.5
1878,21,22,21.5
1878,21,22,21.5
1878,21,22,21.5
1878,21,22,21.5
1878,21,22,21.5
1878,21,22,21.5
1878,21,22,21.5
1878,21,22,21.5
1878,21,22,21.5
1878,21,22,21.5
1878,21,22,21.5
1878,21,22,21.5
1878,21,22,21.5
1878,21,22,21.5
1878,21,22,21.5
1878,21,22,21.5
1878,21,22,21.5
1878,21,22,21.5
1878,21,22,21.5
1878,21,22,21.5
1878,21,22,21.5
1878,21,22,21.5
1878,21,22,21.5
1878,21,22,21.5
1878,21,22,21.5
1878,21,22,21.5
1878,21,22,21.5
1879,21,22,21.5
1879,21,22,21.5
1879,21,22,21.5
1879,21,22,21.5
1879,21,22,21.5
1879,21,22,21.5
1879,21,22,21.5
1879,21,22,21.5
1879,21,22,21.5
1879,21,22,21.5
1879,21,22,21.5
1879,21,22,21.5
1879,21,22,21.5
1879,21,22,21.5
1879,21,22,21.5
1880,21,22,21.5
1880,21,22,21.5
1880,21,22,21.5
1880,21,22,21.5
1880,21,22,21.5
1880,21,22,21.5
1880,21,22,21.5
1880,21,22,21.5
1880,21,22,21.5
1880,21,22,21.5
1880,21,22,21.5
1880,21,22,21.5
1880,21,22,21.5
1880,21,22,21.5
1880,21,22,21.5
1880,21,22,21.5
1880,21,22,21.5
1880,21,22,21.5
1880,21,22,21.5
1880,21,22,21.5
1880,21,22,21.5
1880,21,22,21.5
1880,21,22,21.5
1880,21,22,21.5
1880,21,22,21.5
1880,21,22,21.5
1880,21,22,21.5
1880,21,22,21.5
1880,21,22,21.5
1880,21,22,21.5
1880,21,22,21.5
1880,21,22,21.5
1880,21,22,21.5
1880,21,22,21.5
1880,21,22,21.5
1880,21,22,21.5
1880,21,22,21.5
1880,21,22,21.5
1881,21,22,21.5
1881,21,22,21.5
1881,21,22,21.5
1881,21,22,21.5
1881,21,22,21.5
1881,21,22,21.5
1881,21,22,21.5
1881,21,22,21.5
1881,21,22,21.5
1881,21,22,21.5
1881,21,22,21.5
1882,21,22,21.5
1882,21,22,21.5
1882,21,22,21.5
1882,21,22,21.5
1882,21,22,21.5
1882,21,22,21.5
1882,21,22,21.5
1882,21,22,21.5
1882,21,22,21.5
1882,21,22,21.5
1882,21,22,21.5
1882,21,22,21.5
1882,21,22,21.5
1882,21,22,21.5
1882,21,22,21.5
1882,21,22,21.5
1882,21,22,21.5
1882,21,22,21.5
1882,21,22,21.5
1883,21,22,21.5
1883,21,22,21.5
1883,21,22,21.5
1883,21,22,21.5
1883,21,22,21.5
1883,21,22,21.5
1883,21,22,21.5
1883,21,22,21.5
1883,21,22,21.5
1883,21,22,21.5
1884,21,22,21.5
1884,21,22,21.5
1884,21,22,21.5
1884,21,22,21.5
1884,21,22,21.5
1884,21,22,21.5
1884,21,22,21.5
1884,21,22,21.5
1884,21,22,21.5
1885,21,22,21.5
1885,21,22,21.5
1885,21,22,21.5
1885,21,22,21.5
1885,21,22,21.5
1885,21,22,21.5
1885,21,22,21.5
1885,21,22,21.5
1885,21,22,21.5
1885,21,22,21.5
1885,21,22,21.5
1885,21,22,21.5
1885,21,22,21.5
1886,21,22,21.5
1886,21,22,21.5
1886,21,22,21.5
1886,21,22,21.5
1886,21,22,21.5
1886,21,22,21.5
1886,21,22,21.5
1886,21,22,21.5
1887,21,22,21.5
1887,21,22,21.5
1887,21,22,21.5
1887,21,22,21.5
1887,21,22,21.5
1887,21,22,21.5
1887,21,22,21.5
1887,21,22,21.5
1887,21,22,21.5
1887,21,22,21.5
1887,21,22,21.5
1887,21,22,21.5
1887,21,22,21.5
1887,21,22,21.5
1887,21,22,21.5
1887,21,22,21.5
1887,21,22,21.5
1887,21,22,21.5
1887,21,22,21.5
1887,21,22,21.5
1887,21,22,21.5
1887,21,22,21.5
1887,21,22,21.5
1887,21,22,21.5
1887,21,22,21.5
1887,21,22,21.5
1887,21,22,21.5
1887,21,22,21.5
1889,21,22,21.5
1889,21,22,21.5
1889,21,22,21.5
1889,21,22,21.5
1889,21,22,21.5
1889,21,22,21.5
1889,21,22,21.5
1889,21,22,21.5
1890,21,22,21.5
1890,21,22,21.5
1890,21,22,21.5
1890,21,22,21.5
1890,21,22,21.5
1890,21,22,21.5
1890,21,22,21.5
1890,21,22,21.5
1890,21,22,21.5
1890,21,22,21.5
1890,21,22,21.5
1890,21,22,21.5
1890,21,22,21.5
1890,21,22,21.5
1890,21,22,21.5
1890,21,22,21.5
1890,21,22,21.5
1890,21,22,21.5
1890,21,22,21.5
1890,21,22,21.5
1890,21,22,21.5
1890,21,22,21.5
1891,21,22,21.5
1891,21,22,21.5
1891,21,22,21.5
1892,21,22,21.5
1892,21,22,21.5
1892,21,22,21.5
1892,21,22,21.5
1892,21,22,21.5
1892,21,22,21.5
1892,21,22,21.5
1892,21,22,21.5
1892,21,22,21.5
1892,21,22,21.5
1892,21,22,21.5
1892,21,22,21.5
1893,21,22,21.5
1893,21,22,21.5
1893,21,22,21.5
1893,21,22,21.5
1893,21,22,21.5
1893,21,22,21.5
1893,21,22,21.5
1893,21,22,21.5
1893,21,22,21.5
1893,21,22,21.5
1893,21,22,21.5
1893,21,22,21.5
1893,21,22,21.5
1893,21,22,21.5
1893,21,22,21.5
1894,21,22,21.5
1894,21,22,21.5
1895,21,22,21.5
1895,21,22,21.5
1895,21,22,21.5
1895,21,22,21.5
1895,21,22,21.5
1895,21,22,21.5
1897,21,22,21.5
1897,21,22,21.5
1897,21,22,21.5
1897,21,22,21.5
1897,21,22,21.5
1899,21,22,21.5
1899,21,22,21.5
1899,21,22,21.5
1899,21,22,21.5
1900,21,22,21.5
1901,21,22,21.5
1901,21,22,21.5
1901,21,22,21.5
1901,21,22,21.5
1901,21,22,21.5
1901,21,22,21.5
1901,21,22,21.5
1901,21,22,21.5
1901,21,22,21.5
1901,21,22,21.5
1901,21,22,21.5
1903,21,22,21.5
1904,21,22,21.5
1904,21,22,21.5
1904,21,22,21.5
1904,21,22,21.5
1904,21,22,21.5
1905,21,22,21.5
1905,21,22,21.5
1905,21,22,21.5
1905,21,22,21.5
1906,21,22,21.5
1906,21,22,21.5
1907,21,22,21.5
1907,21,22,21.5
1907,21,22,21.5
1907,21,22,21.5
1907,21,22,21.5
1907,21,22,21.5
1907,21,22,21.5
1907,21,22,21.5
1908,21,22,21.5
1908,21,22,21.5
1908,21,22,21.5
1909,21,22,21.5
1910,21,22,21.5
1910,21,22,21.5
1912,21,22,21.5
1912,21,22,21.5
1912,21,22,21.5
1914,21,22,21.5
1915,21,22,21.5
1915,21,22,21.5
1916,21,22,21.5
1917,21,22,21.5
1917,21,22,21.5
1922,21,22,21.5
1923,21,22,21.5
1924,21,22,21.5
1924,21,22,21.5
1924,21,22,21.5
1932,21,22,21.5
1932,21,22,21.5
1932,21,22,21.5
1932,21,22,21.5
1932,21,22,21.5
1932,21,22,21.5
1933,21,22,21.5
1933,21,22,21.5
1933,21,22,21.5
1933,21,22,21.5
1934,21,22,21.5
1934,21,22,21.5
1934,21,22,21.5
1934,21,22,21.5
1935,21,22,21.5
1935,21,22,21.5
1937,21,22,21.5
1939,21,22,21.5
1944,21,22,21.5
1944,21,22,21.5
1944,21,22,21.5
1944,21,22,21.5
1944,21,22,21.5
1944,21,22,21.5
1945,21,22,21.5
1945,21,22,21.5
1949,21,22,21.5
1949,21,22,21.5
1949,21,22,21.5
1949,21,22,21.5
1953,21,22,21.5
1953,21,22,21.5
1955,21,22,21.5
1955,21,22,21.5
1955,21,22,21.5
1967,21,22,21.5
1967,21,22,21.5
1967,21,22,21.5
1967,21,22,21.5
1967,21,22,21.5
1968,21,22,21.5
1972,21,22,21.5
1972,21,22,21.5
1973,21,22,21.5
1973,21,22,21.5
1975,21,22,21.5
1975,21,22,21.5
1975,21,22,21.5
1975,21,22,21.5
1976,21,22,21.5
1976,21,22,21.5
1976,21,22,21.5
1976,21,22,21.5
1976,21,22,21.5
1978,21,22,21.5
1978,21,22,21.5
1978,21,22,21.5
1978,21,22,21.5
1978,21,22,21.5
1978,21,22,21.5
1978,21,22,21.5
1978,21,22,21.5
1978,21,22,21.5
1978,21,22,21.5
1978,21,22,21.5
1978,21,22,21.5
1978,21,22,21.5
1978,21,22,21.5
1978,21,22,21.5
1978,21,22,21.5
1978,21,22,21.5
1978,21,22,21.5
1978,21,22,21.5
1978,21,22,21.5
1978,21,22,21.5
1978,21,22,21.5
1978,21,22,21.5
1978,21,22,21.5
1978,21,22,21.5
1978,21,22,21.5
1978,21,22,21.5
1978,21,22,21.5
1978,21,22,21.5
1978,21,22,21.5
1978,21,22,21.5
1978,21,22,21.5
1978,21,22,21.5
1978,21,22,21.5
1978,21,22,21.5
1978,21,22,21.5
1978,21,22,21.5
1978,21,22,21.5
1978,21,22,21.5
1978,21,22,21.5
1978,21,22,21.5
1978,21,22,21.5
1978,21,22,21.5
1978,21,22,21.5
1978,21,23,22.0
1978,21,23,22.0
1978,21,23,22.0
1978,21,23,22.0
1978,21,23,22.0
1978,21,23,22.0
1978,21,23,22.0
1978,21,23,22.0
1978,21,23,22.0
1978,21,23,22.0
1978,21,23,22.0
1978,21,23,22.0
1978,21,23,22.0
1978,21,23,22.0
1978,21,23,22.0
1978,21,23,22.0
1978,21,23,22.0
1978,21,23,22.0
1978,21,23,22.0
1978,21,23,22.0
1978,21,23,22.0
1978,21,23,22.0
1978,21,23,22.0
1978,21,23,22.0
1978,21,23,22.0
1978,21,23,22.0
1978,21,23,22.0
1978,21,23,22.0
1978,21,25,23.0
1978,21,24,22.5
1978,21,24,22.5
1978,21,24,22.5
1978,21,24,22.5
1978,21,25,23.0
1978,21,25,23.0
1978,21,25,23.0
1978,21,25,23.0
1978,21,25,23.0
1978,21,25,23.0
1978,21,25,23.0
1978,21,25,23.0
1978,21,25,23.0
1978,21,25,23.0
1978,21,25,23.0
1978,21,25,23.0
1978,21,25,23.0
1978,21,25,23.0
1978,21,25,23.0
1978,21,25,23.0
1978,21,25,23.0
1978,21,25,23.0
1978,21,25,23.0
1978,21,25,23.0
1978,21,25,23.0
1978,21,24,22.5
1978,21,24,22.5
1978,21,24,22.5
1978,21,24,22.5
1978,21,24,22.5
1978,21,24,22.5
1978,21,24,22.5
1978,21,24,22.5
1978,21,24,22.5
1979,21,24,22.5
1979,21,24,22.5
1979,21,24,22.5
1979,21,24,22.5
1979,21,24,22.5
1979,21,24,22.5
1979,21,24,22.5
1979,21,24,22.5
1979,21,24,22.5
1979,21,24,22.5
1979,21,24,22.5
1979,21,25,23.0
1979,21,25,23.0
1979,21,25,23.0
1979,21,25,23.0
1979,21,25,23.0
1979,21,25,23.0
1979,21,25,23.0
1979,21,25,23.0
1979,21,25,23.0
1979,21,25,23.0
1979,21,25,23.0
1979,21,25,23.0
1979,21,25,23.0
1979,21,25,23.0
1979,21,25,23.0
1979,21,25,23.0
1979,21,25,23.0
1979,21,25,23.0
1979,21,25,23.0
1979,21,25,23.0
1980,21,25,23.0
1980,21,25,23.0
1980,21,25,23.0
1980,21,25,23.0
1980,21,25,23.0
1980,21,25,23.0
1980,21,25,23.0
1980,21,25,23.0
1980,21,25,23.0
1980,21,25,23.0
1980,21,25,23.0
1980,21,25,23.0
1980,21,25,23.0
1980,21,25,23.0
1980,21,25,23.0
1980,21,25,23.0
1980,21,25,23.0
1980,21,25,23.0
1981,21,25,23.0
1981,22,25,23.5
1981,22,25,23.5
1981,22,25,23.5
1981,22,25,23.5
1981,22,25,23.5
1981,22,25,23.5
1981,22,25,23.5
1981,22,25,23.5
1981,22,25,23.5
1982,22,25,23.5
1982,22,25,23.5
1982,22,25,23.5
1982,22,25,23.5
1982,22,25,23.5
1982,22,25,23.5
1982,22,25,23.5
1982,22,25,23.5
1982,22,25,23.5
1982,22,25,23.5
1982,22,25,23.5
1982,22,25,23.5
1982,22,25,23.5
1982,22,25,23.5
1982,22,25,23.5
1982,22,25,23.5
1982,22,25,23.5
1982,22,26,24.0
1982,22,26,24.0
1982,22,26,24.0
1982,22,26,24.0
1982,22,26,24.0
1982,22,26,24.0
1982,22,26,24.0
1982,22,26,24.0
1982,22,26,24.0
1982,22,26,24.0
1982,22,26,24.0
1982,22,26,24.0
1982,22,26,24.0
1982,22,26,24.0
1982,22,26,24.0
1982,22,26,24.0
1982,22,26,24.0
1982,22,26,24.0
1982,22,26,24.0
1982,22,26,24.0
1982,22,26,24.0
1982,22,26,24.0
1982,22,26,24.0
1982,22,26,24.0
1982,22,26,24.0
1982,22,26,24.0
1982,22,26,24.0
1982,22,26,24.0
1982,22,26,24.0
1982,22,26,24.0
1982,22,26,24.0
1982,22,26,24.0
1982,22,26,24.0
1982,22,26,24.0
1982,22,26,24.0
1982,22,26,24.0
1982,22,26,24.0
1982,22,26,24.0
1982,22,26,24.0
1983,22,26,24.0
1983,22,26,24.0
1983,22,26,24.0
1983,22,26,24.0
1983,22,25,23.5
1983,22,25,23.5
1983,22,25,23.5
1983,22,25,23.5
1983,22,25,23.5
1983,22,25,23.5
1983,22,25,23.5
1983,22,25,23.5
1983,22,25,23.5
1983,22,25,23.5
1983,22,25,23.5
1983,22,25,23.5
1983,22,25,23.5
1983,22,25,23.5
1983,22,25,23.5
1983,22,25,23.5
1983,22,25,23.5
1983,22,25,23.5
1983,22,25,23.5
1983,22,25,23.5
1983,22,25,23.5
1983,22,25,23.5
1983,22,25,23.5
1983,22,25,23.5
1983,22,25,23.5
1983,22,25,23.5
1983,22,25,23.5
1983,22,25,23.5
1983,22,25,23.5
1983,22,25,23.5
1983,22,25,23.5
1983,22,25,23.5
1983,22,25,23.5
1983,22,25,23.5
1983,22,25,23.5
1983,22,25,23.5
1983,22,25,23.5
1983,22,25,23.5
1983,22,25,23.5
1983,22,25,23.5
1983,22,25,23.5
1983,22,25,23.5
1983,22,25,23.5
1983,22,25,23.5
1983,22,25,23.5
1983,22,25,23.5
1983,22,25,23.5
1983,22,25,23.5
1983,22,25,23.5
1983,22,25,23.5
1984,22,25,23.5
1984,22,25,23.5
1984,22,25,23.5
1984,22,25,23.5
1984,22,25,23.5
1984,22,25,23.5
1985,22,25,23.5
1985,22,25,23.5
1985,22,25,23.5
1985,22,25,23.5
1985,22,25,23.5
1985,22,25,23.5
1985,22,25,23.5
1985,22,25,23.5
1985,22,24,23.0
1985,22,24,23.0
1985,22,24,23.0
1985,22,24,23.0
1985,22,24,23.0
1985,22,24,23.0
1985,22,24,23.0
1985,22,23,22.5
1985,22,23,22.5
1985,22,23,22.5
1985,22,23,22.5
1985,22,23,22.5
1985,22,23,22.5
1985,22,23,22.5
1985,22,23,22.5
1985,22,23,22.5
1985,22,23,22.5
1986,22,23,22.5
1986,22,23,22.5
1986,22,23,22.5
1986,22,23,22.5
1986,22,23,22.5
1986,22,23,22.5
1986,22,23,22.5
1986,22,23,22.5
1986,22,23,22.5
1986,22,23,22.5
1986,22,23,22.5
1986,22,23,22.5
1986,22,23,22.5
1986,22,23,22.5
1986,22,23,22.5
1986,22,23,22.5
1986,22,23,22.5
1986,22,23,22.5
1986,22,23,22.5
1986,22,23,22.5
1986,22,23,22.5
1986,22,23,22.5
1986,22,23,22.5
1986,22,23,22.5
1986,22,23,22.5
1986,22,23,22.5
1986,22,23,22.5
1986,22,23,22.5
1987,22,23,22.5
1987,22,23,22.5
1987,22,23,22.5
1987,22,23,22.5
1987,22,23,22.5
1987,22,23,22.5
1987,22,23,22.5
1987,22,23,22.5
1988,22,23,22.5
1988,22,23,22.5
1988,22,23,22.5
1988,22,23,22.5
1988,22,23,22.5
1988,22,23,22.5
1988,22,23,22.5
1988,22,23,22.5
1989,22,23,22.5
1989,22,23,22.5
1989,22,23,22.5
1989,22,23,22.5
1989,22,23,22.5
1989,22,23,22.5
1989,22,23,22.5
1989,22,23,22.5
1989,22,23,22.5
1990,22,23,22.5
1990,22,23,22.5
1990,22,23,22.5
1990,22,23,22.5
1990,22,23,22.5
1990,22,23,22.5
1990,22,23,22.5
1990,22,23,22.5
1990,22,23,22.5
1990,22,23,22.5
1990,22,23,22.5
1990,22,23,22.5
1990,22,23,22.5
1990,22,23,22.5
1990,22,23,22.5
1990,22,23,22.5
1990,22,23,22.5
1990,22,23,22.5
1990,22,23,22.5
1990,22,23,22.5
1990,22,23,22.5
1990,22,23,22.5
1990,22,23,22.5
1990,22,23,22.5
1990,22,23,22.5
1990,22,23,22.5
1990,22,23,22.5
1990,22,23,22.5
1990,22,23,22.5
1990,22,25,23.5
1990,22,25,23.5
1990,22,25,23.5
1990,22,25,23.5
1990,21,25,23.0
1990,21,25,23.0
1990,21,25,23.0
1990,21,25,23.0
1990,21,25,23.0
1990,21,25,23.0
1990,21,25,23.0
1990,21,25,23.0
1990,21,25,23.0
1990,21,25,23.0
1990,21,25,23.0
1990,21,25,23.0
1990,21,25,23.0
1990,21,25,23.0
1990,21,25,23.0
1990,21,25,23.0
1990,21,25,23.0
1990,21,25,23.0
1990,21,25,23.0
1990,21,25,23.0
1990,21,25,23.0
1990,21,25,23.0
1990,21,25,23.0
1990,21,25,23.0
1990,21,25,23.0
1990,21,25,23.0
1990,21,25,23.0
1990,21,25,23.0
1990,21,25,23.0
1990,21,25,23.0
1990,21,25,23.0
1990,21,25,23.0
1990,21,25,23.0
1990,21,25,23.0
1990,21,25,23.0
1990,21,25,23.0
1990,21,25,23.0
1990,21,25,23.0
1990,21,25,23.0
1990,21,25,23.0
1990,21,25,23.0
1990,21,25,23.0
1990,21,25,23.0
1990,21,25,23.0
1990,21,25,23.0
1990,21,25,23.0
1990,21,25,23.0
1990,21,25,23.0
1990,21,25,23.0
1990,21,25,23.0
1991,21,25,23.0
1991,21,25,23.0
1991,21,25,23.0
1991,21,25,23.0
1991,21,25,23.0
1991,21,25,23.0
1991,21,25,23.0
1991,21,25,23.0
1991,21,25,23.0
1991,21,25,23.0
1991,21,25,23.0
1991,21,25,23.0
1991,21,25,23.0
1991,21,25,23.0
1991,21,25,23.0
1991,21,25,23.0
1991,21,25,23.0
1991,21,25,23.0
1991,21,25,23.0
1991,21,25,23.0
1991,21,25,23.0
1991,21,25,23.0
1991,21,25,23.0
1991,21,25,23.0
1991,21,25,23.0
1991,21,25,23.0
1991,21,25,23.0
1992,21,25,23.0
1992,21,25,23.0
1992,21,25,23.0
1992,21,25,23.0
1992,21,25,23.0
1993,21,25,23.0
1993,21,25,23.0
1993,21,25,23.0
1993,21,25,23.0
1993,21,25,23.0
1993,21,25,23.0
1993,21,25,23.0
1993,21,25,23.0
1993,21,25,23.0
1993,21,25,23.0
1993,21,25,23.0
1993,21,25,23.0
1993,21,25,23.0
1993,21,25,23.0
1993,21,25,23.0
1993,21,25,23.0
1993,21,25,23.0
1993,21,25,23.0
1993,21,25,23.0
1993,21,25,23.0
1993,21,25,23.0
1993,21,25,23.0
1993,21,25,23.0
1993,21,25,23.0
1993,21,25,23.0
1993,21,25,23.0
1994,21,26,23.5
1994,21,26,23.5
1994,21,26,23.5
1994,21,26,23.5
1994,21,26,23.5
1994,21,26,23.5
1994,21,26,23.5
1994,21,26,23.5
1994,21,27,24.0
1994,21,27,24.0
1994,21,27,24.0
1994,21,27,24.0
1994,21,27,24.0
1994,21,27,24.0
1994,21,26,23.5
1994,21,26,23.5
1994,21,26,23.5
1994,22,26,24.0
1994,22,27,24.5
1994,22,26,24.0
1994,22,26,24.0
1994,22,26,24.0
1994,22,26,24.0
1994,22,26,24.0
1994,22,26,24.0
1994,22,26,24.0
1994,22,26,24.0
1994,22,26,24.0
1994,22,26,24.0
1994,22,27,24.5
1994,22,27,24.5
1994,22,27,24.5
1994,22,27,24.5
1994,22,27,24.5
1994,22,27,24.5
1994,22,27,24.5
1994,22,26,24.0
1994,22,26,24.0
1994,22,26,24.0
1994,22,26,24.0
1994,22,26,24.0
1994,22,26,24.0
1994,22,26,24.0
1994,22,27,24.5
1994,22,27,24.5
1994,22,27,24.5
1994,22,26,24.0
1994,22,26,24.0
1994,22,26,24.0
1994,22,26,24.0
1994,22,27,24.5
1994,22,27,24.5
1994,22,26,24.0
1994,22,26,24.0
1994,22,26,24.0
1994,22,26,24.0
1994,22,27,24.5
1994,22,27,24.5
1994,22,27,24.5
1994,22,26,24.0
1994,22,26,24.0
1994,22,26,24.0
1994,22,27,24.5
1994,22,27,24.5
1994,22,27,24.5
1994,22,26,24.0
1994,22,26,24.0
1994,22,26,24.0
1994,22,26,24.0
1994,22,26,24.0
1994,22,26,24.0
1994,22,26,24.0
1994,22,26,24.0
1994,22,26,24.0
1994,22,26,24.0
1994,22,26,24.0
1994,22,26,24.0
1994,22,26,24.0
1994,22,26,24.0
1994,22,26,24.0
1994,22,26,24.0
1994,22,27,24.5
1994,22,27,24.5
1994,22,26,24.0
1994,22,26,24.0
1994,22,26,24.0
1994,22,27,24.5
1994,22,27,24.5
1994,22,27,24.5
1994,22,26,24.0
1994,22,26,24.0
1994,22,27,24.5
1994,22,26,24.0
1994,22,26,24.0
1994,22,26,24.0
1994,22,27,24.5
1994,22,27,24.5
1994,22,27,24.5
1994,22,26,24.0
1994,22,26,24.0
1994,22,26,24.0
1994,22,26,24.0
1994,22,26,24.0
1994,22,26,24.0
1994,22,26,24.0
1994,22,26,24.0
1994,22,27,24.5
1994,22,26,24.0
1994,22,26,24.0
1994,22,27,24.5
1994,22,26,24.0
1994,22,27,24.5
1994,22,27,24.5
1994,22,27,24.5
1994,22,26,24.0
1994,22,26,24.0
1994,22,27,24.5
1994,22,27,24.5
1994,22,27,24.5
1994,22,27,24.5
1994,22,27,24.5
1994,22,27,24.5
1994,22,27,24.5
1994,22,27,24.5
1994,22,27,24.5
1994,22,27,24.5
1994,22,27,24.5
1994,22,27,24.5
1994,22,27,24.5
1994,22,27,24.5
1995,22,27,24.5
1995,22,27,24.5
1995,22,27,24.5
1995,22,27,24.5
1995,22,27,24.5
1995,22,27,24.5
1995,22,27,24.5
1995,22,27,24.5
1995,22,27,24.5
1995,22,27,24.5
1995,22,27,24.5
1995,23,27,25.0
1995,23,27,25.0
1995,23,27,25.0
1995,23,27,25.0
1995,23,27,25.0
1995,23,27,25.0
1995,23,27,25.0
1995,23,27,25.0
1995,23,27,25.0
1995,23,27,25.0
1995,23,27,25.0
1995,23,27,25.0
1995,23,27,25.0
1995,23,27,25.0
1995,24,27,25.5
1995,24,27,25.5
1995,24,27,25.5
1995,24,27,25.5
1995,24,27,25.5
1995,24,27,25.5
1995,24,27,25.5
1995,24,27,25.5
1995,24,27,25.5
1995,24,27,25.5
1995,24,27,25.5
1995,24,27,25.5
1995,24,27,25.5
1995,24,27,25.5
1995,24,27,25.5
1995,24,27,25.5
1995,24,27,25.5
1995,24,27,25.5
1995,24,27,25.5
1996,24,27,25.5
1996,24,27,25.5
1996,24,27,25.5
1996,24,27,25.5
1996,24,27,25.5
1996,24,27,25.5
1996,24,27,25.5
1996,24,27,25.5
1996,24,27,25.5
1997,24,27,25.5
1997,24,27,25.5
1997,25,27,26.0
1997,25,27,26.0
1997,25,27,26.0
1997,25,27,26.0
1997,25,27,26.0
1997,25,27,26.0
1997,25,27,26.0
1997,25,27,26.0
1997,25,27,26.0
1997,25,27,26.0
1997,25,27,26.0
1997,25,27,26.0
1997,25,27,26.0
1997,25,27,26.0
1997,26,27,26.5
1997,26,27,26.5
1997,26,27,26.5
1997,26,27,26.5
1997,26,27,26.5
1997,26,27,26.5
1997,26,27,26.5
1997,26,27,26.5
1997,26,27,26.5
1997,26,27,26.5
1997,26,27,26.5
1997,26,27,26.5
1997,26,27,26.5
1997,26,27,26.5
1997,26,27,26.5
1997,26,27,26.5
1997,26,27,26.5
1997,26,27,26.5
1997,25,27,26.0
1997,25,27,26.0
1997,25,27,26.0
1997,25,27,26.0
1997,25,27,26.0
1997,25,27,26.0
1997,25,27,26.0
1997,25,27,26.0
1997,25,27,26.0
1997,25,27,26.0
1997,25,27,26.0
1997,25,27,26.0
1997,25,27,26.0
1997,25,27,26.0
1997,25,27,26.0
1997,25,27,26.0
1997,25,27,26.0
1997,25,27,26.0
1997,25,27,26.0
1997,25,27,26.0
1997,25,27,26.0
1998,25,27,26.0
1998,25,27,26.0
1998,25,27,26.0
1998,25,27,26.0
1998,25,27,26.0
1998,25,27,26.0
1998,25,27,26.0
1998,25,27,26.0
1998,25,27,26.0
1998,25,27,26.0
1998,25,27,26.0
1998,25,27,26.0
1998,25,27,26.0
1998,25,27,26.0
1998,25,27,26.0
1998,25,27,26.0
1998,25,27,26.0
1998,25,27,26.0
1998,25,27,26.0
1999,25,27,26.0
1999,25,27,26.0
1999,25,27,26.0
1999,25,27,26.0
1999,25,27,26.0
1999,25,27,26.0
2000,25,27,26.0
2000,25,27,26.0
2000,25,27,26.0
2000,25,27,26.0
2000,25,27,26.0
2000,25,27,26.0
2000,25,27,26.0
2000,25,27,26.0
2000,25,27,26.0
2000,25,27,26.0
2000,25,27,26.0
2000,25,27,26.0
2000,25,27,26.0
2000,25,27,26.0
2000,25,27,26.0
2000,25,27,26.0
2001,25,27,26.0
2001,25,27,26.0
2001,25,27,26.0
2001,25,27,26.0
2001,25,27,26.0
2001,25,27,26.0
2001,25,27,26.0
2001,25,27,26.0
2001,25,27,26.0
2001,25,27,26.0
2001,25,27,26.0
2001,25,27,26.0
2001,25,27,26.0
2001,25,27,26.0
2001,25,27,26.0
2001,25,27,26.0
2001,25,27,26.0
2002,25,27,26.0
2002,25,27,26.0
2002,25,27,26.0
2002,25,27,26.0
2002,25,27,26.0
2002,25,27,26.0
2002,25,27,26.0
2002,25,27,26.0
2002,25,27,26.0
2002,25,27,26.0
2002,25,27,26.0
2002,26,27,26.5
2002,26,27,26.5
2002,26,27,26.5
2002,26,27,26.5
2002,26,27,26.5
2002,26,27,26.5
2002,26,27,26.5
2002,26,27,26.5
2002,26,27,26.5
2002,26,27,26.5
2002,26,27,26.5
2002,26,27,26.5
2002,26,27,26.5
2002,26,27,26.5
2002,26,27,26.5
2002,26,27,26.5
2002,26,27,26.5
2003,26,27,26.5
2003,26,27,26.5
2003,26,27,26.5
2003,26,27,26.5
2003,26,27,26.5
2003,26,27,26.5
2003,26,27,26.5
2003,26,27,26.5
2003,26,27,26.5
2003,26,27,26.5
2003,26,27,26.5
2003,26,27,26.5
2003,26,27,26.5
2003,26,27,26.5
2003,26,27,26.5
2003,26,27,26.5
2003,26,27,26.5
2003,26,27,26.5
2003,26,27,26.5
2003,26,27,26.5
2003,26,27,26.5
2003,26,27,26.5
2004,26,27,26.5
2004,26,27,26.5
2004,26,27,26.5
2004,26,27,26.5
2004,26,27,26.5
2004,26,27,26.5
2004,26,27,26.5
2004,26,27,26.5
2004,26,27,26.5
2004,26,27,26.5
2004,26,27,26.5
2004,26,27,26.5
2004,26,27,26.5
2004,26,27,26.5
2004,26,27,26.5
2004,26,27,26.5
2004,26,27,26.5
2004,26,27,26.5
2004,26,27,26.5
2004,26,27,26.5
2004,26,28,27.0
2004,26,28,27.0
2004,26,28,27.0
2004,26,28,27.0
2005,26,28,27.0
2005,26,28,27.0
2005,26,28,27.0
2005,26,28,27.0
2005,26,28,27.0
2005,26,28,27.0
2005,26,28,27.0
2006,26,28,27.0
2006,26,28,27.0
2006,26,28,27.0
2006,26,28,27.0
2007,26,28,27.0
2007,26,28,27.0
2007,26,28,27.0
2007,26,28,27.0
2007,26,28,27.0
2007,26,28,27.0
2007,26,28,27.0
2007,26,28,27.0
2007,26,28,27.0
2007,26,28,27.0
2007,26,28,27.0
2008,26,28,27.0
2008,26,28,27.0
2008,26,28,27.0
2008,26,28,27.0
2008,26,28,27.0
2008,26,28,27.0
2008,26,28,27.0
2010,26,28,27.0
2010,26,28,27.0
2010,26,28,27.0
2010,26,28,27.0
2010,26,28,27.0
2010,26,28,27.0
2010,26,28,27.0
2010,26,28,27.0
2010,26,28,27.0
2010,26,28,27.0
2010,26,28,27.0
2010,26,28,27.0
2010,26,28,27.0
2010,26,28,27.0
2010,26,28,27.0
2010,26,28,27.0
2010,26,28,27.0
2010,25,28,26.5
2010,25,28,26.5
2010,25,28,26.5
2010,25,28,26.5
2010,25,28,26.5
2010,25,28,26.5
2010,25,28,26.5
2010,25,28,26.5
2010,25,28,26.5
2010,25,28,26.5
2010,25,28,26.5
2010,25,28,26.5
2010,25,28,26.5
2010,25,28,26.5
2010,25,28,26.5
2010,25,28,26.5
2010,25,28,26.5
2010,25,28,26.5
2010,25,28,26.5
2010,25,28,26.5
2010,25,28,26.5
2010,25,28,26.5
2010,25,28,26.5
2010,25,28,26.5
2010,25,28,26.5
2010,25,28,26.5
2010,25,28,26.5
2010,25,28,26.5
2010,25,28,26.5
2010,25,28,26.5
2010,25,28,26.5
2010,25,28,26.5
2010,25,28,26.5
2010,25,28,26.5
2010,25,28,26.5
2010,25,28,26.5
2010,25,28,26.5
2010,25,28,26.5
2010,25,28,26.5
2010,25,28,26.5
2010,25,28,26.5
2010,25,28,26.5
2010,25,28,26.5
2010,25,28,26.5
2010,25,28,26.5
2010,25,28,26.5
2010,25,28,26.5
2010,25,28,26.5
2010,25,28,26.5
2010,25,28,26.5
2010,25,29,27.0
2010,25,29,27.0
2010,25,29,27.0
2010,25,29,27.0
2010,25,29,27.0
2010,25,29,27.0
2010,25,29,27.0
2010,25,29,27.0
2010,25,29,27.0
2010,25,29,27.0
2010,25,29,27.0
2010,25,29,27.0
2010,25,29,27.0
2010,25,29,27.0
2010,25,29,27.0
2010,25,29,27.0
2010,25,29,27.0
2010,25,29,27.0
2010,25,29,27.0
2010,25,29,27.0
2010,25,29,27.0
2010,25,29,27.0
2010,25,29,27.0
2010,25,29,27.0
2010,25,29,27.0
2010,25,29,27.0
2010,25,29,27.0
2010,25,29,27.0
2010,25,29,27.0
2010,25,29,27.0
2010,25,29,27.0
2010,25,29,27.0
2010,25,29,27.0
2010,25,29,27.0
2010,25,29,27.0
2010,25,29,27.0
2010,25,29,27.0
2010,25,29,27.0
2010,25,29,27.0
2010,25,29,27.0
2011,25,29,27.0
2011,25,29,27.0
2011,25,29,27.0
2011,25,29,27.0
2011,25,29,27.0
2011,25,29,27.0
2011,25,30,27.5
2011,25,30,27.5
2011,25,30,27.5
2011,25,30,27.5
2011,25,30,27.5
2011,25,30,27.5
2011,25,30,27.5
2011,25,30,27.5
2011,25,30,27.5
2011,25,30,27.5
2011,25,30,27.5
2011,25,30,27.5
2011,25,30,27.5
2011,25,30,27.5
2011,25,30,27.5
2011,25,30,27.5
2011,25,30,27.5
2011,25,30,27.5
2011,25,30,27.5
2011,25,30,27.5
2011,25,30,27.5
2011,25,30,27.5
2011,25,30,27.5
2011,25,30,27.5
2011,25,30,27.5
2011,25,30,27.5
2011,25,30,27.5
2011,25,30,27.5
2011,25,30,27.5
2011,25,30,27.5
2011,25,30,27.5
2011,25,30,27.5
2011,25,30,27.5
2011,25,30,27.5
2011,25,30,27.5
2011,25,30,27.5
2011,25,30,27.5
2011,25,30,27.5
2011,25,30,27.5
2011,25,30,27.5
2011,25,30,27.5
2011,25,30,27.5
2011,25,30,27.5
2011,25,30,27.5
2011,25,30,27.5
2011,25,30,27.5
2011,25,30,27.5
2011,25,30,27.5
2011,25,30,27.5
2011,25,30,27.5
2011,25,30,27.5
2011,25,30,27.5
2011,25,30,27.5
2011,25,30,27.5
2011,25,30,27.5
2011,25,30,27.5
2011,25,30,27.5
2011,25,30,27.5
2011,25,30,27.5
2011,25,30,27.5
2011,25,30,27.5
2011,25,30,27.5
2011,25,30,27.5
2011,25,30,27.5
2011,25,30,27.5
2011,25,30,27.5
2011,25,30,27.5
2011,25,30,27.5
2011,25,30,27.5
2012,25,30,27.5
2012,25,30,27.5
2012,25,30,27.5
2012,25,30,27.5
2012,25,30,27.5
2012,25,30,27.5
2012,25,30,27.5
2012,25,30,27.5
2012,25,30,27.5
2012,25,30,27.5
2012,25,30,27.5
2012,26,30,28.0
2012,26,30,28.0
2012,26,30,28.0
2012,26,30,28.0
2012,26,30,28.0
2012,26,30,28.0
2012,26,30,28.0
2012,26,30,28.0
2012,26,30,28.0
2012,26,30,28.0
2012,26,30,28.0
2012,26,30,28.0
2012,26,30,28.0
2012,26,30,28.0
2012,26,30,28.0
2012,26,30,28.0
2012,26,30,28.0
2012,26,30,28.0
2012,26,30,28.0
2012,26,30,28.0
2012,26,30,28.0
2012,26,30,28.0
2012,26,30,28.0
2012,26,30,28.0
2012,26,30,28.0
2012,26,30,28.0
2012,26,30,28.0
2012,26,30,28.0
2012,26,30,28.0
2012,26,30,28.0
2012,26,30,28.0
2012,26,30,28.0
2012,26,30,28.0
2012,26,30,28.0
2012,26,30,28.0
2012,26,30,28.0
2012,26,30,28.0
2012,26,30,28.0
2012,26,30,28.0
2012,26,30,28.0
2012,26,30,28.0
2012,26,30,28.0
2012,26,30,28.0
2012,26,30,28.0
2012,26,30,28.0
2012,26,30,28.0
2012,26,30,28.0
2012,26,30,28.0
2012,26,30,28.0
2012,26,30,28.0
2012,26,30,28.0
2012,26,30,28.0
2013,26,30,28.0
2013,26,30,28.0
2013,26,30,28.0
2013,26,30,28.0
2013,26,30,28.0
2013,26,30,28.0
2013,26,30,28.0
2013,26,30,28.0
2013,26,30,28.0
2013,26,30,28.0
2013,26,30,28.0
2013,26,30,28.0
2013,26,30,28.0
2013,26,30,28.0
2013,26,30,28.0
2013,26,30,28.0
2013,26,30,28.0
2013,26,30,28.0
2013,26,30,28.0
2013,26,30,28.0
2013,26,30,28.0
2013,26,30,28.0
2013,26,30,28.0
2013,26,30,28.0
2013,26,30,28.0
2013,26,30,28.0
2013,26,30,28.0
2013,26,30,28.0
2013,26,30,28.0
2013,26,30,28.0
2013,26,30,28.0
2013,26,30,28.0
2013,26,30,28.0
2013,26,30,28.0
2013,26,30,28.0
2013,26,30,28.0
2013,26,30,28.0
2013,26,30,28.0
2013,26,30,28.0
2013,26,30,28.0
2013,26,30,28.0
2013,26,30,28.0
2013,26,30,28.0
2013,26,30,28.0
2013,26,30,28.0
2013,26,30,28.0
2013,26,30,28.0
2013,26,30,28.0
2013,26,30,28.0
2014,26,30,28.0
2014,26,30,28.0
2014,26,30,28.0
2014,26,30,28.0
2014,26,30,28.0
2014,26,30,28.0
2014,26,30,28.0
2014,26,30,28.0
2014,26,30,28.0
2014,26,30,28.0
2014,26,30,28.0
2015,26,30,28.0
2015,26,30,28.0
2015,26,30,28.0
2015,26,30,28.0
2015,26,30,28.0
2015,26,30,28.0
2015,26,30,28.0
2015,26,30,28.0
2015,26,30,28.0
2015,26,30,28.0
2015,26,30,28.0
2015,26,30,28.0
2015,26,30,28.0
2015,26,30,28.0
2015,26,30,28.0
2015,26,30,28.0
2015,26,30,28.0
2015,26,30,28.0
2015,26,30,28.0
2015,26,30,28.0
2015,26,30,28.0
2015,26,30,28.0
2016,26,30,28.0
2016,26,30,28.0
2016,26,30,28.0
2016,26,30,28.0
2016,26,30,28.0
2016,26,30,28.0
2016,26,30,28.0
2016,26,30,28.0
2016,26,30,28.0
2016,26,30,28.0
2016,26,30,28.0
2016,26,30,28.0
2016,26,30,28.0
2016,26,30,28.0
2016,26,30,28.0
2016,26,30,28.0
2016,26,30,28.0
2016,26,30,28.0
2016,26,30,28.0
2016,26,30,28.0
2016,26,30,28.0
2016,26,30,28.0
2016,26,30,28.0
2016,26,30,28.0
2016,26,30,28.0
2016,26,30,28.0
2016,26,30,28.0
2016,26,30,28.0
2016,26,30,28.0
2016,26,30,28.0
2016,26,30,28.0
2016,26,30,28.0
2016,26,30,28.0
2016,26,30,28.0
2016,26,30,28.0
2016,26,30,28.0
2016,26,30,28.0
2016,26,30,28.0
2016,26,30,28.0
2016,26,30,28.0
2016,26,30,28.0
2016,26,30,28.0
2016,26,30,28.0
2016,26,31,28.5
2016,26,31,28.5
2016,26,32,29.0
2016,26,32,29.0
2016,26,32,29.0
2016,26,32,29.0
2016,26,32,29.0
2016,26,32,29.0
2016,26,32,29.0
2016,26,32,29.0
2016,26,32,29.0
2016,26,32,29.0
2016,26,32,29.0
2016,26,32,29.0
2016,26,32,29.0
2016,26,32,29.0
2016,26,32,29.0
2016,26,32,29.0
2016,26,32,29.0
2016,26,32,29.0
2016,26,32,29.0
2016,26,32,29.0
2017,26,32,29.0
2017,26,32,29.0
2017,26,32,29.0
2017,26,32,29.0
2017,26,32,29.0
2017,26,32,29.0
2017,26,32,29.0
2017,26,32,29.0
2017,26,32,29.0
2017,26,32,29.0
2017,26,32,29.0
2017,26,32,29.0
2017,26,32,29.0
2017,26,32,29.0
2017,26,32,29.0
2017,26,32,29.0
2018,26,32,29.0
2018,26,32,29.0
2018,26,32,29.0
2018,26,32,29.0
2018,26,32,29.0
2018,26,32,29.0
2018,26,32,29.0
2018,26,32,29.0
2018,26,32,29.0
2018,26,32,29.0
2018,26,32,29.0
2018,26,32,29.0
2018,26,32,29.0
2018,26,32,29.0
2018,26,32,29.0
2018,26,32,29.0
2018,26,32,29.0
2018,26,32,29.0
2018,26,32,29.0
2018,26,32,29.0
2019,26,32,29.0
2019,26,32,29.0
2019,23,32,27.5
2019,23,32,27.5
2019,23,32,27.5
2019,23,32,27.5
2019,23,32,27.5
2019,23,32,27.5
2019,22,32,27.0
2019,22,32,27.0
2019,22,32,27.0
2019,22,32,27.0
2019,26,32,29.0
2019,26,32,29.0
2019,26,32,29.0
2019,26,32,29.0
2019,26,32,29.0
2019,26,32,29.0
2019,26,32,29.0
2019,26,32,29.0
2019,26,32,29.0
2019,26,32,29.0
2019,26,32,29.0
2019,26,32,29.0
2019,26,32,29.0
2019,26,32,29.0
2019,26,32,29.0
2019,26,32,29.0
2019,26,32,29.0
2019,26,32,29.0
2019,26,32,29.0
2019,26,32,29.0
2019,26,32,29.0
2019,26,32,29.0
2020,26,32,29.0
2020,26,32,29.0
2020,26,32,29.0
2020,26,32,29.0
2020,26,32,29.0
2020,26,32,29.0
2020,26,32,29.0
2020,26,32,29.0
2020,26,32,29.0
2020,26,32,29.0
2020,26,32,29.0
2020,26,32,29.0
2020,26,32,29.0
2020,26,32,29.0
2020,26,32,29.0
2020,26,32,29.0
2020,26,32,29.0
2020,26,32,29.0
2020,26,32,29.0
2020,26,32,29.0
2020,26,32,29.0
2020,26,32,29.0
2020,26,32,29.0
2020,26,32,29.0
2020,26,32,29.0
2020,26,32,29.0
2020,26,32,29.0
2020,26,32,29.0
2020,26,32,29.0
2020,26,32,29.0
2020,26,32,29.0
2021,26,32,29.0
2021,26,32,29.0
2021,26,32,29.0
2021,26,32,29.0
2021,26,32,29.0
2021,26,32,29.0
2021,26,32,29.0
2021,26,32,29.0
2021,26,32,29.0
2021,26,32,29.0
2021,26,32,29.0
2021,26,32,29.0
2021,26,32,29.0
2021,26,32,29.0
2023,26,32,29.0
2023,26,32,29.0
2023,26,32,29.0
2023,26,32,29.0
2023,26,32,29.0
2023,26,32,29.0
2023,26,32,29.0
2023,26,32,29.0
2023,26,32,29.0
2023,26,32,29.0
2024,26,32,29.0
2024,26,32,29.0
2024,26,32,29.0
2024,26,32,29.0
2024,26,32,29.0
2024,26,32,29.0
2024,26,32,29.0
2024,26,32,29.0
2024,26,32,29.0
2024,26,32,29.0
2024,26,32,29.0
2024,26,32,29.0
2024,26,32,29.0
2024,26,32,29.0
2024,26,32,29.0
2024,26,32,29.0
2025,26,32,29.0
2025,26,32,29.0
2025,26,32,29.0
2025,26,32,29.0
2025,26,32,29.0
2025,26,32,29.0
2025,26,32,29.0
2025,29,32,30.5
2025,29,32,30.5
2025,29,32,30.5
2025,29,32,30.5
2025,29,32,30.5
2025,29,32,30.5
2025,29,32,30.5
2025,30,32,31.0
2025,30,32,31.0
2025,30,32,31.0
2025,30,32,31.0
2025,30,32,31.0
2025,30,32,31.0
2025,30,32,31.0
2025,30,32,31.0
2025,30,32,31.0
2025,30,32,31.0
2025,30,32,31.0
2025,30,32,31.0
2025,30,32,31.0
2025,30,32,31.0
2025,30,32,31.0
2025,30,32,31.0
2025,30,32,31.0
2025,30,32,31.0
2025,30,32,31.0
2025,30,32,31.0
2025,30,32,31.0
2025,30,32,31.0
2025,30,32,31.0
2025,30,32,31.0
2025,30,32,31.0
2025,30,32,31.0
2025,30,32,31.0
2025,30,32,31.0
2025,30,32,31.0
2025,30,32,31.0
2025,30,32,31.0
2025,30,32,31.0
2025,30,32,31.0
2025,30,32,31.0
2025,26,32,29.0
2025,27,32,29.5
2025,27,32,29.5
2025,27,32,29.5
2025,27,32,29.5
2025,27,32,29.5
2025,27,32,29.5
2025,27,32,29.5
2025,27,32,29.5
2025,27,32,29.5
2025,27,32,29.5
2025,27,32,29.5
2025,27,32,29.5
2025,27,32,29.5
2025,26,32,29.0
2025,26,32,29.0
2025,26,32,29.0
2025,26,32,29.0
2025,26,32,29.0
2025,26,32,29.0
2025,26,32,29.0
2025,26,32,29.0
2025,26,32,29.0
2025,26,32,29.0
2025,26,32,29.0
2025,26,32,29.0
2025,27,32,29.5
2025,27,32,29.5
2025,27,32,29.5
2025,27,32,29.5
2025,27,32,29.5
2025,27,32,29.5
2025,27,32,29.5
2025,27,32,29.5
2025,27,32,29.5
2025,27,32,29.5
2025,27,32,29.5
2025,27,32,29.5
2025,27,32,29.5
2026,27,32,29.5
2026,27,32,29.5
2026,27,32,29.5
2026,27,32,29.5
2026,27,32,29.5
2026,27,32,29.5
2026,27,32,29.5
2026,27,32,29.5
2026,27,32,29.5
2026,27,32,29.5
2026,27,32,29.5
2026,27,32,29.5
2026,27,32,29.5
2026,27,31,29.0
2026,28,31,29.5
2026,29,31,30.0
2026,29,31,30.0
2026,29,31,30.0
2026,29,31,30.0
2026,29,31,30.0
2026,29,31,30.0
2026,29,31,30.0
2026,29,31,30.0
2026,29,31,30.0
2026,29,31,30.0
2026,29,31,30.0
2026,29,31,30.0
2026,29,31,30.0
2026,29,31,30.0
2026,29,31,30.0
2026,29,31,30.0
2026,29,31,30.0
2026,29,31,30.0
2026,29,31,30.0
2026,29,31,30.0
2026,29,31,30.0
2026,29,31,30.0
2026,29,31,30.0
2026,29,31,30.0
2026,29,31,30.0
2026,29,31,30.0
2026,29,31,30.0
2026,29,31,30.0
2026,29,31,30.0
2026,29,31,30.0
2026,29,32,30.5
2026,29,32,30.5
2026,29,32,30.5
2026,29,32,30.5
2026,29,31,30.0
2026,29,31,30.0
2026,29,31,30.0
2026,29,31,30.0
2026,29,31,30.0
2026,29,31,30.0
2026,30,31,30.5
2026,30,31,30.5
2026,30,31,30.5
2026,30,31,30.5
2026,30,31,30.5
2026,30,31,30.5
2026,30,31,30.5
2026,30,31,30.5
2026,30,31,30.5
2026,30,31,30.5
2026,30,31,30.5
2026,30,31,30.5
2026,30,31,30.5
2026,30,31,30.5
2026,30,31,30.5
2026,30,32,31.0
2026,30,32,31.0
2026,30,32,31.0
2026,30,31,30.5
2026,30,31,30.5
2026,30,32,31.0
2026,30,31,30.5
2026,30,31,30.5
2026,30,31,30.5
2026,30,31,30.5
2026,30,31,30.5
2026,30,31,30.5
2027,30,31,30.5
2027,30,31,30.5
2027,30,31,30.5
2027,30,31,30.5
2027,30,31,30.5
2027,30,31,30.5
2027,30,31,30.5
2028,30,31,30.5
2028,30,31,30.5
2028,30,31,30.5
2028,30,31,30.5
2028,30,31,30.5
2028,30,31,30.5
2028,30,31,30.5
2028,30,31,30.5
2028,30,31,30.5
2028,30,31,30.5
2028,30,31,30.5
2028,30,31,30.5
2028,30,31,30.5
2028,30,32,31.0
2028,31,32,31.5
2028,31,32,31.5
2028,31,32,31.5
2028,31,32,31.5
2028,31,32,31.5
2028,31,32,31.5
2028,31,32,31.5
2028,31,32,31.5
2028,31,32,31.5
2028,31,32,31.5
2028,31,32,31.5
2028,31,32,31.5
2029,31,32,31.5
2029,31,32,31.5
2029,31,32,31.5
2029,31,32,31.5
2029,31,32,31.5
2029,31,32,31.5
2029,31,32,31.5
2029,31,32,31.5
2029,31,32,31.5
2029,31,32,31.5
2029,31,32,31.5
2029,31,32,31.5
2029,31,32,31.5
2029,31,32,31.5
2029,31,32,31.5
2029,31,32,31.5
2029,31,32,31.5
2029,31,32,31.5
2029,31,32,31.5
2029,31,32,31.5
2029,31,32,31.5
2029,31,32,31.5
2029,31,32,31.5
2029,31,32,31.5
2029,31,32,31.5
2029,31,32,31.5
2029,31,32,31.5
2029,31,32,31.5
2029,31,32,31.5
2030,31,32,31.5
2030,31,32,31.5
2030,31,32,31.5
2030,31,32,31.5
2030,31,32,31.5
2030,31,32,31.5
2030,31,32,31.5
2031,31,32,31.5
2031,31,32,31.5
2031,31,32,31.5
2032,31,32,31.5
2032,31,32,31.5
2032,31,32,31.5
2032,31,32,31.5
2032,31,32,31.5
2032,31,32,31.5
2032,31,32,31.5
2032,31,32,31.5
2032,31,32,31.5
2032,31,32,31.5
2032,31,32,31.5
2032,31,32,31.5
2032,31,32,31.5
2033,31,32,31.5
2033,31,32,31.5
2033,31,32,31.5
2033,31,32,31.5
2033,31,32,31.5
2033,31,32,31.5
2033,31,32,31.5
2033,31,32,31.5
2033,31,32,31.5
2033,31,32,31.5
2033,31,32,31.5
2033,31,32,31.5
2033,31,32,31.5
2034,31,32,31.5
2034,31,32,31.5
2034,31,32,31.5
2034,31,32,31.5
2034,31,32,31.5
2034,31,32,31.5
2034,31,32,31.5
2034,31,32,31.5
2034,31,32,31.5
2034,31,32,31.5
2034,31,32,31.5
2034,31,32,31.5
2034,31,32,31.5
2034,31,32,31.5
2034,31,32,31.5
2034,31,32,31.5
2034,31,32,31.5
2034,31,32,31.5
2034,31,32,31.5
2034,31,32,31.5
2034,31,32,31.5
2034,31,32,31.5
2034,31,32,31.5
2034,31,32,31.5
2034,31,32,31.5
2034,31,32,31.5
2034,31,32,31.5
2034,31,32,31.5
2034,31,32,31.5
2034,31,32,31.5
2034,31,32,31.5
2034,31,32,31.5
2034,31,32,31.5
2034,31,32,31.5
2034,31,32,31.5
2034,31,32,31.5
2034,31,33,32.0
2034,31,33,32.0
2034,31,33,32.0
2035,31,33,32.0
2035,31,33,32.0
2035,31,33,32.0
2035,31,33,32.0
2035,31,33,32.0
2035,31,33,32.0
2035,31,33,32.0
2035,31,33,32.0
2035,31,33,32.0
2035,31,33,32.0
2035,31,33,32.0
2035,31,33,32.0
2035,31,33,32.0
2035,31,33,32.0
2035,31,33,32.0
2035,31,33,32.0
2035,31,33,32.0
2035,31,33,32.0
2035,31,33,32.0
2036,31,33,32.0
2036,31,33,32.0
2036,31,33,32.0
2036,31,33,32.0
2036,31,33,32.0
2036,31,33,32.0
2036,31,33,32.0
2036,31,33,32.0
2036,31,33,32.0
2036,31,33,32.0
2037,31,33,32.0
2037,31,33,32.0
2037,31,33,32.0
2037,31,33,32.0
2037,31,33,32.0
2037,31,33,32.0
2037,31,33,32.0
2037,31,33,32.0
2038,31,33,32.0
2038,31,33,32.0
2038,31,33,32.0
2038,31,33,32.0
2038,31,33,32.0
2038,31,33,32.0
2038,31,33,32.0
2038,31,33,32.0
2038,31,33,32.0
2038,31,33,32.0
2038,31,33,32.0
2039,31,33,32.0
2039,31,33,32.0
2039,31,33,32.0
2039,31,33,32.0
2039,31,33,32.0
2039,31,33,32.0
2039,31,32,31.5
2039,31,32,31.5
2039,31,32,31.5
2039,31,32,31.5
2039,31,32,31.5
2039,31,32,31.5
2039,31,32,31.5
2039,31,32,31.5
2039,31,32,31.5
2039,31,32,31.5
2039,31,32,31.5
2039,31,32,31.5
2039,31,32,31.5
2039,31,32,31.5
2039,31,32,31.5
2040,31,32,31.5
2040,31,32,31.5
2042,31,32,31.5
2042,31,32,31.5
2042,31,32,31.5
2042,31,32,31.5
2042,31,32,31.5
2042,31,32,31.5
2042,31,32,31.5
2042,31,32,31.5
2042,31,32,31.5
2042,31,32,31.5
2042,31,32,31.5
2042,31,32,31.5
2042,31,32,31.5
2042,31,32,31.5
2042,31,32,31.5
2042,31,32,31.5
2042,31,32,31.5
2042,31,32,31.5
2042,31,32,31.5
2042,31,32,31.5
2042,31,32,31.5
2042,31,32,31.5
2042,31,32,31.5
2042,31,32,31.5
2042,31,32,31.5
2042,31,32,31.5
2042,31,32,31.5
2042,31,32,31.5
2042,31,32,31.5
2042,30,32,31.0
2042,30,32,31.0
2042,30,32,31.0
2042,30,32,31.0
2042,30,32,31.0
2042,30,32,31.0
2042,30,32,31.0
2042,30,32,31.0
2042,30,32,31.0
2042,30,32,31.0
2042,30,32,31.0
2042,30,32,31.0
2042,30,32,31.0
2042,30,32,31.0
2042,30,32,31.0
2042,30,32,31.0
2042,30,32,31.0
2042,30,32,31.0
2042,30,32,31.0
2042,30,32,31.0
2042,30,32,31.0
2042,30,32,31.0
2042,30,32,31.0
2042,30,32,31.0
2042,30,32,31.0
2042,30,32,31.0
2042,30,32,31.0
2042,30,32,31.0
2042,30,32,31.0
2042,30,32,31.0
2042,30,32,31.0
2042,30,32,31.0
2042,30,32,31.0
2042,30,32,31.0
2042,30,32,31.0
2042,30,32,31.0
2042,30,32,31.0
2042,30,32,31.0
2042,30,32,31.0
2042,30,32,31.0
2042,30,32,31.0
2042,30,32,31.0
2042,30,32,31.0
2042,30,32,31.0
2042,30,32,31.0
2042,30,32,31.0
2042,30,32,31.0
2042,30,32,31.0
2042,30,32,31.0
2042,30,32,31.0
2042,30,32,31.0
2042,30,32,31.0
2042,30,32,31.0
2042,30,33,31.5
2042,30,33,31.5
2042,30,33,31.5
2042,30,33,31.5
2042,30,33,31.5
2042,30,33,31.5
2042,30,33,31.5
2042,30,33,31.5
2042,30,33,31.5
2042,30,33,31.5
2042,30,33,31.5
2042,30,33,31.5
2042,30,33,31.5
2042,30,33,31.5
2042,30,33,31.5
2042,30,33,31.5
2042,30,33,31.5
2042,30,33,31.5
2042,30,33,31.5
2042,30,33,31.5
2042,30,33,31.5
2042,30,33,31.5
2042,30,33,31.5
2042,30,33,31.5
2042,30,33,31.5
2042,30,33,31.5
2042,30,33,31.5
2042,30,33,31.5
2042,30,33,31.5
2042,30,33,31.5
2042,30,33,31.5
2042,30,33,31.5
2042,30,33,31.5
2042,30,33,31.5
2042,30,33,31.5
2042,30,33,31.5
2042,30,33,31.5
2042,30,33,31.5
2042,30,33,31.5
2042,30,33,31.5
2042,30,33,31.5
2042,31,33,32.0
2042,31,33,32.0
2042,31,33,32.0
2042,31,33,32.0
2042,31,33,32.0
2042,31,33,32.0
2042,31,33,32.0
2042,31,33,32.0
2042,31,33,32.0
2042,31,33,32.0
2042,31,33,32.0
2042,31,33,32.0
2042,31,33,32.0
2042,31,33,32.0
2042,31,33,32.0
2042,31,33,32.0
2042,31,33,32.0
2042,31,33,32.0
2042,31,33,32.0
2042,31,33,32.0
2042,31,33,32.0
2042,31,33,32.0
2042,31,33,32.0
2042,31,33,32.0
2042,31,33,32.0
2042,31,33,32.0
2042,31,33,32.0
2042,31,33,32.0
2042,31,33,32.0
2042,31,33,32.0
2042,31,33,32.0
2043,31,33,32.0
2043,31,33,32.0
2043,31,33,32.0
2043,31,33,32.0
2043,31,33,32.0
2043,31,33,32.0
2043,31,33,32.0
2043,31,33,32.0
2043,31,33,32.0
2043,31,33,32.0
2043,31,33,32.0
2043,31,33,32.0
2043,31,33,32.0
2043,31,33,32.0
2043,31,33,32.0
2043,31,35,33.0
2043,31,35,33.0
2043,31,35,33.0
2043,31,35,33.0
2043,31,35,33.0
2043,31,35,33.0
2043,31,35,33.0
2043,31,35,33.0
2043,31,35,33.0
2043,31,35,33.0
2043,31,35,33.0
2043,31,35,33.0
2043,31,35,33.0
2043,31,35,33.0
2043,31,35,33.0
2043,31,35,33.0
2043,31,35,33.0
2043,31,35,33.0
2043,31,35,33.0
2043,31,35,33.0
2043,31,35,33.0
2043,31,35,33.0
2043,31,35,33.0
2043,31,35,33.0
2043,31,35,33.0
2043,31,35,33.0
2043,31,35,33.0
2043,31,35,33.0
2043,31,35,33.0
2043,31,35,33.0
2043,31,35,33.0
2043,31,35,33.0
2043,31,35,33.0
2043,31,35,33.0
2043,31,35,33.0
2043,31,35,33.0
2043,31,35,33.0
2043,31,35,33.0
2043,31,35,33.0
2043,31,35,33.0
2043,31,35,33.0
2043,31,35,33.0
2043,31,35,33.0
2043,31,35,33.0
2043,31,35,33.0
2043,31,35,33.0
2043,31,35,33.0
2043,31,35,33.0
2043,31,35,33.0
2043,31,35,33.0
2044,31,35,33.0
2044,31,35,33.0
2044,31,35,33.0
2044,31,35,33.0
2044,31,35,33.0
2044,31,35,33.0
2044,31,35,33.0
2044,31,35,33.0
2044,31,35,33.0
2044,31,35,33.0
2044,31,35,33.0
2044,31,35,33.0
2044,31,35,33.0
2044,31,35,33.0
2044,31,35,33.0
2044,31,35,33.0
2044,31,35,33.0
2044,31,35,33.0
2044,31,35,33.0
2044,31,35,33.0
2044,31,35,33.0
2044,31,35,33.0
2044,31,35,33.0
2044,31,35,33.0
2044,31,35,33.0
2044,31,35,33.0
2044,31,35,33.0
2044,31,35,33.0
2044,31,35,33.0
2044,31,35,33.0
2044,31,35,33.0
2044,31,35,33.0
2044,31,35,33.0
2044,31,35,33.0
2044,31,35,33.0
2044,31,35,33.0
2044,31,35,33.0
2044,31,35,33.0
2044,31,35,33.0
2044,31,35,33.0
2044,31,35,33.0
2044,31,35,33.0
2044,31,35,33.0
2044,31,35,33.0
2044,31,35,33.0
2044,31,35,33.0
2044,31,35,33.0
2044,31,35,33.0
2044,31,35,33.0
2044,31,35,33.0
2044,31,35,33.0
2044,31,35,33.0
2044,31,35,33.0
2044,31,35,33.0
2044,31,35,33.0
2044,31,35,33.0
2044,31,35,33.0
2044,31,35,33.0
2044,31,35,33.0
2044,31,35,33.0
2044,31,35,33.0
2044,31,35,33.0
2044,31,35,33.0
2044,31,35,33.0
2044,31,35,33.0
2044,31,35,33.0
2044,31,35,33.0
2044,31,35,33.0
2044,31,35,33.0
2044,31,35,33.0
2044,31,35,33.0
2044,31,35,33.0
2044,31,35,33.0
2044,32,35,33.5
2044,32,35,33.5
2044,32,35,33.5
2044,32,35,33.5
2044,32,35,33.5
2045,32,35,33.5
2045,32,35,33.5
2045,32,35,33.5
2045,32,35,33.5
2045,32,35,33.5
2045,32,35,33.5
2045,32,35,33.5
2045,32,35,33.5
2045,32,35,33.5
2045,32,35,33.5
2045,32,35,33.5
2045,32,35,33.5
2045,32,35,33.5
2045,32,35,33.5
2045,32,35,33.5
2045,32,35,33.5
2045,32,35,33.5
2045,32,35,33.5
2045,32,35,33.5
2045,32,35,33.5
2045,32,35,33.5
2045,32,35,33.5
2045,32,35,33.5
2045,32,35,33.5
2045,32,35,33.5
2045,32,35,33.5
2045,32,35,33.5
2045,32,35,33.5
2045,28,35,31.5
2045,28,35,31.5
2045,28,35,31.5
2045,28,35,31.5
2045,28,35,31.5
2045,28,35,31.5
2045,28,35,31.5
2045,28,35,31.5
2045,28,35,31.5
2045,28,35,31.5
2045,29,35,32.0
2045,29,35,32.0
2045,29,35,32.0
2046,29,35,32.0
2046,29,35,32.0
2046,29,35,32.0
2046,29,35,32.0
2046,29,35,32.0
2046,29,35,32.0
2046,29,35,32.0
2046,29,35,32.0
2046,29,35,32.0
2046,29,35,32.0
2046,29,35,32.0
2046,29,35,32.0
2046,29,35,32.0
2046,29,35,32.0
2046,29,35,32.0
2046,29,35,32.0
2046,30,35,32.5
2046,30,35,32.5
2046,30,35,32.5
2046,30,35,32.5
2046,30,35,32.5
2046,30,35,32.5
2046,30,35,32.5
2046,30,35,32.5
2046,30,35,32.5
2046,30,35,32.5
2046,30,35,32.5
2046,30,35,32.5
2046,30,35,32.5
2046,30,35,32.5
2046,30,35,32.5
2046,30,35,32.5
2046,30,35,32.5
2046,30,35,32.5
2046,30,35,32.5
2046,30,35,32.5
2046,30,35,32.5
2046,30,35,32.5
2046,30,35,32.5
2046,30,35,32.5
2046,30,35,32.5
2046,30,35,32.5
2046,30,35,32.5
2046,30,35,32.5
2046,30,35,32.5
2046,30,35,32.5
2046,30,35,32.5
2046,30,35,32.5
2046,30,35,32.5
2046,30,35,32.5
2046,30,35,32.5
2046,30,35,32.5
2046,30,35,32.5
2046,30,35,32.5
2046,30,35,32.5
2046,30,35,32.5
2046,30,35,32.5
2046,30,35,32.5
2046,30,35,32.5
2046,30,35,32.5
2046,30,35,32.5
2046,30,35,32.5
2046,30,35,32.5
2046,30,35,32.5
2046,30,35,32.5
2046,30,35,32.5
2046,30,35,32.5
2046,30,35,32.5
2046,30,35,32.5
2046,30,35,32.5
2046,30,35,32.5
2046,30,35,32.5
2046,30,35,32.5
2046,30,35,32.5
2046,31,35,33.0
2046,31,35,33.0
2046,31,35,33.0
2046,31,35,33.0
2046,31,35,33.0
2046,31,35,33.0
2046,31,35,33.0
2046,31,35,33.0
2046,31,35,33.0
2046,31,35,33.0
2046,31,35,33.0
2046,31,35,33.0
2046,31,35,33.0
2046,31,35,33.0
2046,31,35,33.0
2046,31,35,33.0
2046,31,35,33.0
2046,31,35,33.0
2046,31,35,33.0
2047,31,35,33.0
2047,31,35,33.0
2047,31,35,33.0
2047,31,35,33.0
2047,31,35,33.0
2047,31,35,33.0
2047,31,35,33.0
2047,31,35,33.0
2047,30,35,32.5
2047,30,35,32.5
2047,30,35,32.5
2047,30,35,32.5
2047,30,35,32.5
2047,31,35,33.0
2047,31,35,33.0
2047,31,35,33.0
2047,31,35,33.0
2047,31,35,33.0
2047,31,35,33.0
2047,31,35,33.0
2047,31,35,33.0
2047,31,35,33.0
2047,31,35,33.0
2047,31,35,33.0
2047,31,37,34.0
2047,31,37,34.0
2047,31,37,34.0
2047,31,37,34.0
2047,31,37,34.0
2047,31,36,33.5
2047,31,36,33.5
2047,31,36,33.5
2047,31,36,33.5
2047,30,36,33.0
2047,30,36,33.0
2047,30,36,33.0
2047,30,36,33.0
2047,32,36,34.0
2047,32,36,34.0
2047,32,36,34.0
2047,32,36,34.0
2047,32,36,34.0
2047,32,36,34.0
2047,32,36,34.0
2047,32,36,34.0
2047,32,36,34.0
2047,32,36,34.0
2047,32,36,34.0
2047,32,36,34.0
2047,32,36,34.0
2047,32,36,34.0
2047,30,36,33.0
2047,30,36,33.0
2047,30,36,33.0
2047,30,36,33.0
2047,30,36,33.0
2047,30,36,33.0
2047,30,36,33.0
2047,30,36,33.0
2047,30,36,33.0
2047,30,36,33.0
2047,30,36,33.0
2047,30,36,33.0
2047,30,36,33.0
2047,30,36,33.0
2047,30,36,33.0
2047,30,36,33.0
2047,30,36,33.0
2047,30,36,33.0
2047,30,36,33.0
2047,30,36,33.0
2047,30,36,33.0
2047,30,36,33.0
2047,30,36,33.0
2047,30,36,33.0
2047,30,36,33.0
2047,31,36,33.5
2047,31,36,33.5
2047,31,36,33.5
2047,31,36,33.5
2047,31,36,33.5
2047,31,36,33.5
2047,31,36,33.5
2047,31,36,33.5
2047,31,36,33.5
2047,31,36,33.5
2047,31,36,33.5
2047,31,36,33.5
2047,31,36,33.5
2047,31,36,33.5
2047,32,36,34.0
2047,32,36,34.0
2047,32,36,34.0
2047,32,36,34.0
2047,32,36,34.0
2047,32,36,34.0
2047,32,36,34.0
2047,32,36,34.0
2047,32,36,34.0
2047,32,36,34.0
2047,32,36,34.0
2047,32,36,34.0
2047,32,36,34.0
2048,32,36,34.0
2048,32,36,34.0
2048,32,36,34.0
2048,32,36,34.0
2048,32,36,34.0
2048,32,36,34.0
2048,32,36,34.0
2048,32,36,34.0
2048,32,36,34.0
2048,32,36,34.0
2048,32,36,34.0
2048,32,36,34.0
2048,32,36,34.0
2048,32,36,34.0
2048,32,36,34.0
2048,32,36,34.0
2048,32,36,34.0
2048,31,36,33.5
2048,31,36,33.5
2048,31,36,33.5
2048,31,36,33.5
2048,31,36,33.5
2048,31,36,33.5
2048,31,36,33.5
2048,31,36,33.5
2048,31,36,33.5
2048,31,36,33.5
2048,31,36,33.5
2048,31,36,33.5
2048,31,36,33.5
2048,31,36,33.5
2048,31,36,33.5
2048,31,36,33.5
2048,31,36,33.5
2048,31,36,33.5
2048,31,36,33.5
2048,31,36,33.5
2048,31,36,33.5
2048,31,36,33.5
2048,31,36,33.5
2048,31,36,33.5
2048,31,36,33.5
2048,31,36,33.5
2048,31,36,33.5
2048,31,36,33.5
2048,31,36,33.5
2048,31,36,33.5
2048,31,36,33.5
2048,31,36,33.5
2048,31,36,33.5
2048,31,36,33.5
2049,31,36,33.5
2049,31,36,33.5
2049,31,36,33.5
2049,31,36,33.5
2049,31,36,33.5
2049,31,36,33.5
2049,31,36,33.5
2049,31,36,33.5
2049,31,36,33.5
2050,31,36,33.5
2050,31,36,33.5
2050,31,36,33.5
2050,31,36,33.5
2050,31,36,33.5
2050,31,36,33.5
2050,31,36,33.5
2050,31,36,33.5
2050,31,36,33.5
2050,31,36,33.5
2050,31,36,33.5
2050,31,36,33.5
2050,29,36,32.5
2050,29,36,32.5
2050,29,36,32.5
2050,29,36,32.5
2050,29,36,32.5
2050,29,36,32.5
2050,29,36,32.5
2050,30,36,33.0
2050,30,36,33.0
2050,30,36,33.0
2050,30,36,33.0
2050,30,36,33.0
2050,30,36,33.0
2050,30,36,33.0
2050,30,36,33.0
2050,31,36,33.5
2050,31,36,33.5
2050,31,36,33.5
2050,31,36,33.5
2050,31,36,33.5
2050,31,36,33.5
2050,31,36,33.5
2050,31,36,33.5
2050,31,36,33.5
2050,31,36,33.5
2050,31,36,33.5
2050,31,36,33.5
2050,31,36,33.5
2050,31,36,33.5
2050,31,36,33.5
2050,31,36,33.5
2050,31,36,33.5
2050,29,36,32.5
2050,29,36,32.5
2050,29,36,32.5
2050,29,36,32.5
2050,29,36,32.5
2050,29,36,32.5
2050,29,36,32.5
2050,29,36,32.5
2050,29,36,32.5
2050,29,36,32.5
2050,29,36,32.5
2050,29,36,32.5
2050,29,36,32.5
2050,29,36,32.5
2050,29,36,32.5
2050,29,36,32.5
2050,29,36,32.5
2050,29,36,32.5
2050,29,36,32.5
2050,29,36,32.5
2051,29,36,32.5
2051,29,36,32.5
2051,29,36,32.5
2051,29,36,32.5
2051,29,36,32.5
2051,29,36,32.5
2051,29,36,32.5
2051,29,36,32.5
2051,29,36,32.5
2051,29,36,32.5
2051,29,36,32.5
2051,30,36,33.0
2051,30,36,33.0
2051,30,36,33.0
2051,30,36,33.0
2051,30,36,33.0
2051,30,36,33.0
2051,30,36,33.0
2051,30,36,33.0
2051,30,36,33.0
2051,30,36,33.0
2051,30,36,33.0
2051,30,36,33.0
2051,30,36,33.0
2051,30,36,33.0
2051,30,36,33.0
2051,30,36,33.0
2051,30,36,33.0
2051,30,36,33.0
2051,27,36,31.5
2051,27,36,31.5
2051,27,36,31.5
2051,27,36,31.5
2051,27,36,31.5
2051,27,36,31.5
2051,27,36,31.5
2051,27,36,31.5
2051,27,36,31.5
2051,27,36,31.5
2051,27,36,31.5
2051,27,36,31.5
2051,27,36,31.5
2051,27,36,31.5
2051,27,36,31.5
2051,27,36,31.5
2051,28,36,32.0
2051,28,36,32.0
2051,28,36,32.0
2051,28,36,32.0
2051,28,36,32.0
2051,28,36,32.0
2051,28,36,32.0
2051,28,36,32.0
2051,28,36,32.0
2051,28,36,32.0
2051,28,36,32.0
2051,28,36,32.0
2051,28,36,32.0
2051,28,36,32.0
2051,28,36,32.0
2051,28,36,32.0
2051,28,36,32.0
2051,28,36,32.0
2051,28,36,32.0
2051,28,36,32.0
2051,28,36,32.0
2051,29,36,32.5
2051,29,36,32.5
2051,29,36,32.5
2051,29,36,32.5
2051,29,36,32.5
2051,29,36,32.5
2051,29,36,32.5
2051,29,36,32.5
2051,29,36,32.5
2051,29,36,32.5
2051,29,36,32.5
2051,29,36,32.5
2051,29,36,32.5
2051,29,36,32.5
2051,29,36,32.5
2051,29,36,32.5
2051,29,36,32.5
2051,29,36,32.5
2051,29,36,32.5
2051,29,36,32.5
2051,29,36,32.5
2051,29,36,32.5
2051,29,36,32.5
2051,29,36,32.5
2051,29,36,32.5
2051,29,36,32.5
2051,29,36,32.5
2051,29,36,32.5
2051,29,36,32.5
2051,29,36,32.5
2051,29,36,32.5
2051,29,36,32.5
2051,29,36,32.5
2051,29,36,32.5
2051,29,36,32.5
2051,29,36,32.5
2052,29,36,32.5
2052,29,36,32.5
2052,29,36,32.5
2052,29,36,32.5
2052,29,36,32.5
2052,29,36,32.5
2052,29,36,32.5
2052,29,36,32.5
2052,29,36,32.5
2052,29,36,32.5
2052,29,36,32.5
2052,29,36,32.5
2052,29,36,32.5
2052,29,36,32.5
2052,29,36,32.5
2052,29,36,32.5
2052,29,36,32.5
2052,29,36,32.5
2052,29,36,32.5
2052,29,36,32.5
2052,29,36,32.5
2052,29,36,32.5
2052,29,36,32.5
2052,29,36,32.5
2052,29,36,32.5
2053,29,36,32.5
2053,29,36,32.5
2053,29,36,32.5
2053,29,36,32.5
2054,29,36,32.5
2054,29,36,32.5
2054,29,36,32.5
2054,29,36,32.5
2054,27,36,31.5
2054,27,36,31.5
2054,27,36,31.5
2054,27,36,31.5
2054,27,36,31.5
2054,27,36,31.5
2054,27,36,31.5
2054,27,36,31.5
2054,27,36,31.5
2054,27,36,31.5
2054,27,36,31.5
2054,27,36,31.5
2054,27,36,31.5
2054,27,36,31.5
2054,27,36,31.5
2054,27,36,31.5
2054,27,36,31.5
2054,27,36,31.5
2054,27,36,31.5
2054,27,36,31.5
2054,27,36,31.5
2054,27,36,31.5
2054,27,36,31.5
2054,28,36,32.0
2054,28,37,32.5
2054,28,37,32.5
2054,28,37,32.5
2054,28,37,32.5
2054,28,37,32.5
2054,28,37,32.5
2054,28,37,32.5
2054,28,37,32.5
2054,28,37,32.5
2054,28,37,32.5
2054,28,37,32.5
2054,28,37,32.5
2054,28,37,32.5
2054,28,37,32.5
2054,28,37,32.5
2054,28,37,32.5
2054,28,37,32.5
2054,28,37,32.5
2054,28,37,32.5
2054,28,37,32.5
2054,28,37,32.5
2054,28,37,32.5
2054,28,37,32.5
2055,28,37,32.5
2055,28,37,32.5
2055,28,37,32.5
2055,28,37,32.5
2055,33,37,35.0
2055,33,37,35.0
2055,33,37,35.0
2055,33,37,35.0
2055,33,37,35.0
2055,33,37,35.0
2055,33,37,35.0
2055,33,37,35.0
2055,33,37,35.0
2055,33,37,35.0
2055,33,37,35.0
2055,33,37,35.0
2055,33,37,35.0
2055,33,37,35.0
2055,33,37,35.0
2055,33,37,35.0
2055,33,37,35.0
2055,33,37,35.0
2055,33,37,35.0
2055,33,37,35.0
2055,33,37,35.0
2055,33,37,35.0
2055,33,37,35.0
2055,33,37,35.0
2056,33,37,35.0
2056,33,37,35.0
2056,33,37,35.0
2056,33,37,35.0
2056,33,37,35.0
2056,33,37,35.0
2056,33,37,35.0
2056,33,37,35.0
2056,33,37,35.0
2056,33,37,35.0
2056,33,37,35.0
2056,33,37,35.0
2056,33,37,35.0
2056,33,37,35.0
2056,33,37,35.0
2056,33,37,35.0
2056,33,37,35.0
2056,33,37,35.0
2056,33,37,35.0
2056,33,37,35.0
2056,33,37,35.0
2056,33,37,35.0
2056,33,37,35.0
2056,33,37,35.0
2056,33,37,35.0
2056,33,37,35.0
2056,33,37,35.0
2056,33,37,35.0
2056,33,37,35.0
2056,33,37,35.0
2056,33,37,35.0
2056,33,37,35.0
2056,33,37,35.0
2056,33,37,35.0
2056,33,37,35.0
2056,33,37,35.0
2056,33,37,35.0
2056,33,37,35.0
2056,33,37,35.0
2056,33,37,35.0
2056,33,37,35.0
2056,33,37,35.0
2056,33,37,35.0
2056,33,37,35.0
2056,33,37,35.0
2056,33,37,35.0
2056,33,37,35.0
2056,33,37,35.0
2056,33,37,35.0
2056,33,37,35.0
2056,33,37,35.0
2056,33,37,35.0
2056,34,37,35.5
2056,34,37,35.5
2056,34,37,35.5
2056,34,37,35.5
2056,34,37,35.5
2056,34,37,35.5
2056,34,37,35.5
2056,34,37,35.5
2056,34,37,35.5
2056,34,37,35.5
2056,34,37,35.5
2056,34,37,35.5
2056,34,37,35.5
2056,34,37,35.5
2056,34,37,35.5
2056,34,37,35.5
2056,34,37,35.5
2057,34,37,35.5
2057,34,37,35.5
2057,34,37,35.5
2057,35,37,36.0
2057,35,37,36.0
2057,35,37,36.0
2057,35,37,36.0
2057,35,37,36.0
2057,35,38,36.5
2057,35,38,36.5
2057,35,38,36.5
2057,35,38,36.5
2057,35,38,36.5
2057,35,38,36.5
2057,35,38,36.5
2057,35,38,36.5
2057,35,38,36.5
2057,35,38,36.5
2057,35,38,36.5
2057,35,38,36.5
2057,35,38,36.5
2057,35,38,36.5
2057,35,38,36.5
2057,35,38,36.5
2057,35,38,36.5
2057,35,38,36.5
2057,35,38,36.5
2057,35,38,36.5
2057,35,38,36.5
2057,35,38,36.5
2057,35,38,36.5
2057,35,38,36.5
2058,35,38,36.5
2058,35,38,36.5
2058,35,38,36.5
2058,35,38,36.5
2058,35,38,36.5
2058,35,38,36.5
2058,35,38,36.5
2058,35,38,36.5
2058,35,38,36.5
2058,35,38,36.5
2058,35,38,36.5
2058,35,38,36.5
2058,35,38,36.5
2059,35,38,36.5
2059,35,38,36.5
2059,35,38,36.5
2059,35,38,36.5
2059,35,38,36.5
2059,35,38,36.5
2059,35,38,36.5
2059,35,38,36.5
2059,35,38,36.5
2059,35,38,36.5
2059,35,38,36.5
2059,35,38,36.5
2059,35,38,36.5
2059,35,38,36.5
2059,35,38,36.5
2059,35,38,36.5
2059,35,38,36.5
2059,35,38,36.5
2059,35,38,36.5
2059,35,38,36.5
2059,35,38,36.5
2059,35,38,36.5
2059,35,38,36.5
2059,35,37,36.0
2059,35,37,36.0
2059,35,37,36.0
2060,35,37,36.0
2060,35,37,36.0
2060,35,37,36.0
2060,35,37,36.0
2060,35,37,36.0
2060,35,37,36.0
2060,35,37,36.0
2060,35,37,36.0
2060,35,37,36.0
2060,35,37,36.0
2060,35,37,36.0
2060,35,37,36.0
2060,35,37,36.0
2060,35,37,36.0
2060,35,37,36.0
2060,35,37,36.0
2060,35,37,36.0
2060,35,37,36.0
2061,35,37,36.0
2061,35,37,36.0
2061,35,37,36.0
2061,35,37,36.0
2061,35,37,36.0
2061,35,37,36.0
2061,35,37,36.0
2061,34,37,35.5
2061,34,37,35.5
2061,34,37,35.5
2061,34,37,35.5
2061,34,37,35.5
2061,34,37,35.5
2061,34,37,35.5
2061,34,37,35.5
2061,34,37,35.5
2061,34,37,35.5
2061,34,37,35.5
2061,34,37,35.5
2061,34,37,35.5
2061,34,37,35.5
2061,34,37,35.5
2062,34,37,35.5
2062,34,37,35.5
2062,34,37,35.5
2062,34,37,35.5
2062,34,37,35.5
2062,34,37,35.5
2062,34,37,35.5
2062,34,37,35.5
2062,34,37,35.5
2062,34,37,35.5
2063,34,37,35.5
2063,34,37,35.5
2063,34,37,35.5
2063,34,37,35.5
2063,34,37,35.5
2063,34,37,35.5
2063,34,37,35.5
2063,34,37,35.5
2063,34,37,35.5
2064,34,37,35.5
2064,34,37,35.5
2064,34,37,35.5
2064,34,37,35.5
2064,34,37,35.5
2064,34,37,35.5
2064,34,37,35.5
2064,34,37,35.5
2064,34,37,35.5
2064,34,37,35.5
2064,34,37,35.5
2065,34,37,35.5
2065,34,37,35.5
2065,34,37,35.5
2065,35,37,36.0
2065,35,37,36.0
2065,35,37,36.0
2065,35,37,36.0
2065,35,37,36.0
2065,35,37,36.0
2065,35,37,36.0
2065,35,37,36.0
2065,35,37,36.0
2065,35,37,36.0
2065,35,37,36.0
2065,35,37,36.0
2065,35,37,36.0
2065,35,37,36.0
2065,35,37,36.0
2065,35,37,36.0
2065,35,37,36.0
2065,35,37,36.0
2065,35,37,36.0
2065,35,37,36.0
2065,35,37,36.0
2065,35,37,36.0
2065,35,37,36.0
2065,35,37,36.0
2065,35,37,36.0
2065,35,37,36.0
2066,35,37,36.0
2066,35,37,36.0
2066,35,37,36.0
2066,35,37,36.0
2066,35,37,36.0
2066,35,37,36.0
2067,35,37,36.0
2067,35,37,36.0
2067,35,37,36.0
2067,35,37,36.0
2067,35,37,36.0
2067,35,37,36.0
2067,35,37,36.0
2067,35,37,36.0
2067,35,37,36.0
2067,35,37,36.0
2067,35,37,36.0
2068,35,37,36.0
2068,35,37,36.0
2068,35,37,36.0
2068,35,37,36.0
2068,35,37,36.0
2068,35,37,36.0
2068,35,37,36.0
2068,35,37,36.0
2069,35,37,36.0
2069,35,37,36.0
2069,35,37,36.0
2069,35,37,36.0
2069,34,37,35.5
2069,34,37,35.5
2069,34,37,35.5
2069,34,37,35.5
2069,34,37,35.5
2069,34,37,35.5
2069,34,37,35.5
2069,34,37,35.5
2069,34,37,35.5
2069,34,37,35.5
2069,34,37,35.5
2069,34,37,35.5
2069,34,37,35.5
2069,34,37,35.5
2069,34,37,35.5
2069,34,37,35.5
2069,34,37,35.5
2069,34,37,35.5
2069,34,37,35.5
2069,34,37,35.5
2069,34,37,35.5
2070,34,37,35.5
2071,34,37,35.5
2071,34,37,35.5
2071,34,37,35.5
2071,34,37,35.5
2071,34,37,35.5
2071,34,37,35.5
2071,34,37,35.5
2071,34,37,35.5
2071,34,37,35.5
2071,34,37,35.5
2071,34,35,34.5
2071,34,35,34.5
2071,34,35,34.5
2071,34,35,34.5
2071,34,35,34.5
2071,34,35,34.5
2071,34,35,34.5
2071,34,35,34.5
2071,34,35,34.5
2071,34,35,34.5
2071,34,35,34.5
2071,34,35,34.5
2071,34,35,34.5
2071,34,35,34.5
2071,34,35,34.5
2072,34,35,34.5
2072,34,35,34.5
2072,34,35,34.5
2072,34,35,34.5
2072,34,35,34.5
2072,34,35,34.5
2072,34,35,34.5
2072,34,35,34.5
2072,34,35,34.5
2072,34,35,34.5
2072,34,35,34.5
2072,34,35,34.5
2072,34,35,34.5
2072,34,35,34.5
2072,34,35,34.5
2072,34,35,34.5
2072,34,35,34.5
2072,34,35,34.5
2072,34,35,34.5
2072,34,35,34.5
2072,34,35,34.5
2072,34,35,34.5
2072,34,35,34.5
2072,34,35,34.5
2072,34,35,34.5
2072,34,35,34.5
2072,34,35,34.5
2072,34,35,34.5
2072,34,35,34.5
2073,34,35,34.5
2073,34,35,34.5
2073,34,35,34.5
2074,34,35,34.5
2074,34,35,34.5
2074,34,35,34.5
2074,34,35,34.5
2074,34,35,34.5
2074,34,35,34.5
2074,34,35,34.5
2074,34,35,34.5
2074,34,35,34.5
2074,34,35,34.5
2074,34,35,34.5
2074,34,35,34.5
2074,34,35,34.5
2074,34,35,34.5
2075,34,35,34.5
2075,34,35,34.5
2075,34,35,34.5
2076,34,35,34.5
2076,34,35,34.5
2076,34,35,34.5
2076,34,35,34.5
2076,34,35,34.5
2076,34,35,34.5
2076,34,35,34.5
2076,34,35,34.5
2076,34,35,34.5
2076,34,35,34.5
2076,34,35,34.5
2076,34,35,34.5
2076,34,35,34.5
2076,34,35,34.5
2076,34,35,34.5
2076,34,35,34.5
2076,34,35,34.5
2076,34,35,34.5
2076,34,35,34.5
2076,34,35,34.5
2076,34,35,34.5
2076,34,35,34.5
2076,34,35,34.5
2076,34,35,34.5
2076,34,35,34.5
2076,34,35,34.5
2076,34,35,34.5
2076,34,35,34.5
2076,34,35,34.5
2076,34,35,34.5
2076,34,35,34.5
2076,34,35,34.5
2076,34,35,34.5
2076,34,35,34.5
2076,34,35,34.5
2076,34,35,34.5
2076,34,35,34.5
2076,34,35,34.5
2076,34,35,34.5
2076,34,35,34.5
2076,34,35,34.5
2076,34,35,34.5
2076,34,35,34.5
2076,34,35,34.5
2076,34,35,34.5
2076,34,35,34.5
2076,34,35,34.5
2076,34,35,34.5
2076,34,35,34.5
2076,34,35,34.5
2076,34,35,34.5
2076,34,35,34.5
2076,34,35,34.5
2076,34,35,34.5
2076,34,35,34.5
2076,34,35,34.5
2076,34,35,34.5
2076,34,35,34.5
2076,34,35,34.5
2076,34,35,34.5
2076,34,35,34.5
2076,34,35,34.5
2076,34,35,34.5
2076,34,35,34.5
2076,34,35,34.5
2076,34,35,34.5
2076,34,35,34.5
2076,34,35,34.5
2076,34,35,34.5
2076,34,35,34.5
2076,34,35,34.5
2076,34,35,34.5
2076,34,35,34.5
2076,34,35,34.5
2076,34,35,34.5
2076,34,35,34.5
2076,34,35,34.5
2076,34,35,34.5
2076,34,35,34.5
2076,34,35,34.5
2076,34,35,34.5
2076,34,35,34.5
2076,34,35,34.5
2076,34,35,34.5
2076,34,35,34.5
2076,34,35,34.5
2076,34,35,34.5
2076,34,35,34.5
2076,34,35,34.5
2076,34,35,34.5
2076,34,35,34.5
2076,34,35,34.5
2076,34,35,34.5
2076,34,35,34.5
2076,34,35,34.5
2076,34,35,34.5
2076,34,35,34.5
2076,34,35,34.5
2076,34,35,34.5
2076,34,35,34.5
2076,34,35,34.5
2076,34,35,34.5
2076,34,35,34.5
2076,34,35,34.5
2076,34,35,34.5
2076,34,35,34.5
2076,34,35,34.5
2076,34,35,34.5
2076,34,35,34.5
2076,34,35,34.5
2076,34,35,34.5
2076,34,35,34.5
2076,34,35,34.5
2076,34,35,34.5
2077,34,35,34.5
2077,34,35,34.5
2077,31,35,33.0
2077,31,35,33.0
2077,31,35,33.0
2077,31,35,33.0
2077,31,35,33.0
2077,31,35,33.0
2077,34,35,34.5
2077,34,35,34.5
2077,34,35,34.5
2077,34,35,34.5
2077,34,35,34.5
2077,34,35,34.5
2077,31,35,33.0
2077,31,35,33.0
2077,31,35,33.0
2077,31,35,33.0
2077,31,35,33.0
2077,31,35,33.0
2077,31,35,33.0
2077,31,35,33.0
2077,31,35,33.0
2078,31,35,33.0
2078,31,35,33.0
2078,31,35,33.0
2079,31,35,33.0
2079,31,35,33.0
2079,31,35,33.0
2079,31,35,33.0
2079,31,35,33.0
2079,31,35,33.0
2079,31,35,33.0
2079,31,35,33.0
2079,31,35,33.0
2079,31,35,33.0
2079,31,35,33.0
2079,31,35,33.0
2079,31,35,33.0
2079,31,35,33.0
2079,31,35,33.0
2079,31,35,33.0
2079,31,35,33.0
2079,31,35,33.0
2079,31,35,33.0
2079,31,35,33.0
2079,31,35,33.0
2079,31,35,33.0
2079,31,35,33.0
2079,31,35,33.0
2079,31,35,33.0
2079,31,35,33.0
2079,31,37,34.0
2079,31,37,34.0
2079,31,37,34.0
2079,31,37,34.0
2079,31,37,34.0
2079,31,37,34.0
2079,31,37,34.0
2079,31,37,34.0
2079,31,37,34.0
2079,31,37,34.0
2079,31,37,34.0
2079,31,37,34.0
2079,31,37,34.0
2079,31,37,34.0
2079,31,37,34.0
2079,31,37,34.0
2079,31,37,34.0
2079,31,37,34.0
2079,31,37,34.0
2079,31,37,34.0
2079,31,37,34.0
2079,31,37,34.0
2079,31,37,34.0
2079,31,37,34.0
2079,31,37,34.0
2079,31,37,34.0
2079,31,37,34.0
2079,31,37,34.0
2079,31,37,34.0
2080,31,37,34.0
2080,31,37,34.0
2080,31,37,34.0
2080,31,37,34.0
2080,31,37,34.0
2081,31,37,34.0
2081,31,37,34.0
2081,31,37,34.0
2081,31,37,34.0
2081,31,37,34.0
2081,31,37,34.0
2081,31,37,34.0
2081,31,37,34.0
2081,31,37,34.0
2081,31,38,34.5
2081,31,38,34.5
2081,31,38,34.5
2081,31,38,34.5
2081,31,38,34.5
2081,31,38,34.5
2081,31,41,36.0
2081,31,41,36.0
2081,31,41,36.0
2081,31,41,36.0
2081,31,41,36.0
2081,31,40,35.5
2081,31,40,35.5
2081,31,40,35.5
2081,31,40,35.5
2081,31,40,35.5
2081,31,40,35.5
2081,31,40,35.5
2081,31,40,35.5
2081,31,40,35.5
2081,31,40,35.5
2081,31,40,35.5
2081,31,40,35.5
2081,31,40,35.5
2081,31,40,35.5
2081,31,40,35.5
2081,31,40,35.5
2081,31,40,35.5
2081,31,40,35.5
2081,31,40,35.5
2081,31,40,35.5
2081,31,40,35.5
2082,31,40,35.5
2082,31,40,35.5
2082,31,40,35.5
2082,31,40,35.5
2082,31,40,35.5
2082,31,40,35.5
2082,31,40,35.5
2082,31,40,35.5
2082,31,40,35.5
2082,31,40,35.5
2082,31,40,35.5
2082,31,40,35.5
2082,31,40,35.5
2082,31,40,35.5
2082,31,40,35.5
2082,31,40,35.5
2082,31,40,35.5
2082,31,40,35.5
2082,31,40,35.5
2082,31,40,35.5
2082,31,40,35.5
2082,31,40,35.5
2082,31,40,35.5
2082,31,40,35.5
2082,31,40,35.5
2082,31,40,35.5
2082,31,40,35.5
2082,31,40,35.5
2083,31,39,35.0
2083,35,39,37.0
2083,35,39,37.0
2083,35,39,37.0
2083,35,39,37.0
2083,35,39,37.0
2083,35,39,37.0
2083,35,39,37.0
2083,35,39,37.0
2083,35,39,37.0
2083,35,39,37.0
2083,35,39,37.0
2083,35,39,37.0
2083,35,39,37.0
2083,35,39,37.0
2083,35,39,37.0
2083,35,39,37.0
2083,35,39,37.0
2083,35,39,37.0
2083,35,39,37.0
2083,35,39,37.0
2083,35,39,37.0
2083,35,39,37.0
2083,35,39,37.0
2083,35,39,37.0
2083,35,39,37.0
2083,35,39,37.0
2083,35,39,37.0
2083,35,39,37.0
2083,35,39,37.0
2083,35,39,37.0
2083,35,39,37.0
2083,35,39,37.0
2083,35,39,37.0
2083,35,39,37.0
2083,35,39,37.0
2083,35,39,37.0
2083,35,39,37.0
2083,35,39,37.0
2083,35,39,37.0
2083,35,39,37.0
2083,35,39,37.0
2083,35,39,37.0
2083,35,39,37.0
2083,35,39,37.0
2083,35,39,37.0
2083,35,39,37.0
2083,35,38,36.5
2083,35,38,36.5
2083,35,38,36.5
2083,35,38,36.5
2083,35,38,36.5
2083,35,38,36.5
2083,35,38,36.5
2083,35,38,36.5
2083,35,38,36.5
2083,35,38,36.5
2083,35,38,36.5
2083,35,38,36.5
2083,35,39,37.0
2083,35,39,37.0
2084,35,39,37.0
2084,35,39,37.0
2084,35,39,37.0
2084,35,39,37.0
2084,35,39,37.0
2084,35,38,36.5
2084,35,38,36.5
2084,35,38,36.5
2084,35,38,36.5
2084,35,38,36.5
2084,35,38,36.5
2084,35,38,36.5
2084,35,38,36.5
2084,35,38,36.5
2084,35,38,36.5
2084,35,38,36.5
2084,35,38,36.5
2084,35,38,36.5
2084,35,38,36.5
2084,35,38,36.5
2084,35,38,36.5
2084,35,38,36.5
2084,35,38,36.5
2084,35,38,36.5
2084,35,38,36.5
2084,35,38,36.5
2084,35,38,36.5
2085,35,38,36.5
2085,35,38,36.5
2085,35,38,36.5
2085,35,38,36.5
2085,35,37,36.0
2085,35,37,36.0
2085,35,37,36.0
2085,35,37,36.0
2085,35,37,36.0
2085,35,37,36.0
2085,35,37,36.0
2085,35,37,36.0
2085,35,37,36.0
2085,35,37,36.0
2085,35,36,35.5
2085,35,36,35.5
2085,35,36,35.5
2085,35,36,35.5
2085,35,36,35.5
2085,35,36,35.5
2085,35,36,35.5
2085,35,36,35.5
2085,35,36,35.5
2085,35,36,35.5
2085,35,36,35.5
2085,35,36,35.5
2085,35,36,35.5
2085,35,36,35.5
2085,35,36,35.5
2085,35,36,35.5
2085,35,36,35.5
2085,35,36,35.5
2086,35,36,35.5
2086,35,36,35.5
2086,35,36,35.5
2086,35,36,35.5
2086,35,36,35.5
2086,35,36,35.5
2086,35,36,35.5
2086,35,36,35.5
2086,35,36,35.5
2086,35,36,35.5
2086,35,36,35.5
2086,35,36,35.5
2086,35,36,35.5
2086,35,36,35.5
2086,35,36,35.5
2086,35,36,35.5
2086,35,36,35.5
2087,35,36,35.5
2087,35,36,35.5
2087,35,36,35.5
2087,35,36,35.5
2087,35,36,35.5
2087,35,36,35.5
2087,35,36,35.5
2087,35,36,35.5
2087,35,36,35.5
2087,35,36,35.5
2087,35,36,35.5
2087,35,36,35.5
2087,35,36,35.5
2087,35,36,35.5
2087,35,36,35.5
2087,35,36,35.5
2087,35,36,35.5
2088,35,36,35.5
2088,35,36,35.5
2088,35,36,35.5
2088,35,36,35.5
2088,35,36,35.5
2088,35,36,35.5
2088,35,36,35.5
2088,35,36,35.5
2088,35,36,35.5
2088,35,36,35.5
2088,35,36,35.5
2088,35,36,35.5
2088,35,36,35.5
2088,35,36,35.5
2088,35,36,35.5
2088,35,36,35.5
2088,35,36,35.5
2088,35,36,35.5
2088,35,36,35.5
2088,35,36,35.5
2088,35,36,35.5
2088,35,36,35.5
2088,35,36,35.5
2088,35,37,36.0
2088,35,37,36.0
2088,35,38,36.5
2088,35,38,36.5
2088,35,38,36.5
2088,35,38,36.5
2088,35,38,36.5
2088,34,38,36.0
2088,34,38,36.0
2088,34,38,36.0
2088,34,38,36.0
2088,34,38,36.0
2088,34,38,36.0
2088,34,38,36.0
2088,34,38,36.0
2088,34,38,36.0
2088,34,38,36.0
2088,34,38,36.0
2088,34,38,36.0
2088,34,38,36.0
2088,34,38,36.0
2088,34,38,36.0
2088,34,38,36.0
2088,34,38,36.0
2088,34,38,36.0
2088,34,38,36.0
2088,34,38,36.0
2088,34,38,36.0
2088,34,38,36.0
2088,34,38,36.0
2088,34,38,36.0
2088,34,38,36.0
2088,34,38,36.0
2088,34,38,36.0
2088,34,38,36.0
2088,34,38,36.0
2088,34,38,36.0
2088,34,38,36.0
2088,34,38,36.0
2088,34,38,36.0
2088,34,38,36.0
2088,34,38,36.0
2088,34,38,36.0
2088,34,38,36.0
2088,34,38,36.0
2088,34,38,36.0
2088,34,38,36.0
2088,34,38,36.0
2088,34,38,36.0
2088,34,38,36.0
2088,34,38,36.0
2088,34,38,36.0
2088,34,38,36.0
2088,34,38,36.0
2088,34,38,36.0
2088,34,38,36.0
2088,34,38,36.0
2088,34,38,36.0
2088,34,38,36.0
2088,34,38,36.0
2088,34,38,36.0
2088,34,38,36.0
2088,34,38,36.0
2088,34,38,36.0
2088,34,38,36.0
2088,34,38,36.0
2088,34,38,36.0
2088,34,38,36.0
2088,34,38,36.0
2088,34,38,36.0
2088,34,38,36.0
2089,34,38,36.0
2089,34,38,36.0
2089,34,38,36.0
2089,34,38,36.0
2089,34,38,36.0
2089,34,38,36.0
2089,34,38,36.0
2089,34,38,36.0
2089,34,39,36.5
2089,34,39,36.5
2089,34,39,36.5
2089,34,39,36.5
2089,34,39,36.5
2089,34,39,36.5
2089,34,39,36.5
2089,34,39,36.5
2089,34,39,36.5
2089,34,39,36.5
2089,34,39,36.5
2089,34,39,36.5
2089,34,39,36.5
2089,34,39,36.5
2090,34,39,36.5
2090,34,39,36.5
2090,34,39,36.5
2090,34,39,36.5
2090,34,39,36.5
2090,34,39,36.5
2090,34,39,36.5
2090,34,39,36.5
2090,34,39,36.5
2090,34,39,36.5
2090,34,39,36.5
2090,34,39,36.5
2090,34,39,36.5
2090,34,39,36.5
2090,34,39,36.5
2090,34,39,36.5
2090,34,39,36.5
2090,34,39,36.5
2090,34,39,36.5
2090,34,39,36.5
2090,34,39,36.5
2090,34,39,36.5
2090,34,39,36.5
2090,34,39,36.5
2090,34,39,36.5
2090,34,39,36.5
2090,34,39,36.5
2090,34,39,36.5
2090,34,39,36.5
2090,34,39,36.5
2090,34,39,36.5
2090,34,39,36.5
2090,34,39,36.5
2090,34,39,36.5
2090,34,39,36.5
2090,34,39,36.5
2090,34,39,36.5
2090,34,39,36.5
2090,34,39,36.5
2090,34,39,36.5
2090,34,39,36.5
2091,34,39,36.5
2091,34,39,36.5
2091,34,39,36.5
2091,34,39,36.5
2091,34,39,36.5
2091,34,39,36.5
2091,34,39,36.5
2091,34,39,36.5
2091,34,39,36.5
2091,34,39,36.5
2091,34,39,36.5
2092,34,39,36.5
2092,34,39,36.5
2092,34,39,36.5
2092,34,39,36.5
2092,34,39,36.5
2092,34,39,36.5
2092,34,39,36.5
2092,34,39,36.5
2093,34,39,36.5
2093,34,39,36.5
2093,34,39,36.5
2093,36,39,37.5
2093,36,39,37.5
2093,36,39,37.5
2093,36,39,37.5
2093,36,39,37.5
2093,36,39,37.5
2093,36,39,37.5
2093,36,39,37.5
2093,36,39,37.5
2093,36,39,37.5
2093,36,39,37.5
2093,36,39,37.5
2093,36,39,37.5
2093,36,39,37.5
2093,36,39,37.5
2093,36,39,37.5
2093,36,39,37.5
2093,36,39,37.5
2093,36,39,37.5
2093,36,39,37.5
2093,36,39,37.5
2093,36,39,37.5
2093,36,39,37.5
2093,36,39,37.5
2093,36,39,37.5
2093,36,39,37.5
2093,36,39,37.5
2093,36,39,37.5
2093,36,39,37.5
2093,36,39,37.5
2093,36,39,37.5
2093,36,39,37.5
2093,36,39,37.5
2094,36,39,37.5
2094,36,39,37.5
2094,36,39,37.5
2094,36,39,37.5
2094,36,39,37.5
2094,36,39,37.5
2094,36,39,37.5
2094,36,39,37.5
2094,36,39,37.5
2094,36,39,37.5
2094,36,39,37.5
2094,36,39,37.5
2094,36,39,37.5
2094,36,39,37.5
2094,36,39,37.5
2094,36,39,37.5
2094,36,39,37.5
2094,36,39,37.5
2094,36,39,37.5
2094,36,39,37.5
2094,36,39,37.5
2094,36,39,37.5
2094,36,39,37.5
2094,36,39,37.5
2094,36,39,37.5
2094,36,39,37.5
2094,36,39,37.5
2094,36,39,37.5
2094,36,39,37.5
2094,36,39,37.5
2094,36,39,37.5
2094,36,39,37.5
2094,36,39,37.5
2094,36,39,37.5
2094,36,39,37.5
2094,36,39,37.5
2094,36,39,37.5
2094,36,39,37.5
2094,36,39,37.5
2094,36,39,37.5
2094,36,39,37.5
2094,36,39,37.5
2094,36,39,37.5
2094,36,39,37.5
2094,36,39,37.5
2094,36,39,37.5
2094,36,39,37.5
2094,36,39,37.5
2094,36,39,37.5
2094,36,39,37.5
2094,36,39,37.5
2094,36,39,37.5
2094,36,39,37.5
2094,36,39,37.5
2094,36,39,37.5
2094,36,39,37.5
2094,36,39,37.5
2094,36,39,37.5
2094,36,41,38.5
2094,36,41,38.5
2094,36,41,38.5
2094,36,41,38.5
2094,36,41,38.5
2094,36,41,38.5
2094,36,41,38.5
2094,36,41,38.5
2094,36,41,38.5
2094,36,40,38.0
2094,36,40,38.0
2094,36,40,38.0
2094,36,40,38.0
2094,36,41,38.5
2094,36,41,38.5
2094,36,41,38.5
2095,36,41,38.5
2095,36,41,38.5
2095,36,41,38.5
2095,36,41,38.5
2095,36,41,38.5
2095,36,41,38.5
2095,36,41,38.5
2095,36,41,38.5
2095,36,41,38.5
2095,36,41,38.5
2095,36,41,38.5
2095,36,41,38.5
2095,36,41,38.5
2095,36,41,38.5
2095,36,41,38.5
2095,36,41,38.5
2095,36,41,38.5
2095,36,41,38.5
2095,36,41,38.5
2095,36,41,38.5
2095,36,41,38.5
2095,36,41,38.5
2095,36,41,38.5
2095,36,41,38.5
2095,36,41,38.5
2095,36,41,38.5
2095,36,41,38.5
2095,36,41,38.5
2095,36,41,38.5
2095,36,41,38.5
2095,36,41,38.5
2095,36,41,38.5
2095,36,41,38.5
2095,36,41,38.5
2095,36,41,38.5
2095,37,41,39.0
2095,37,41,39.0
2095,37,41,39.0
2095,37,41,39.0
2095,37,41,39.0
2095,37,41,39.0
2095,37,41,39.0
2095,37,41,39.0
2095,37,41,39.0
2095,37,41,39.0
2095,37,41,39.0
2095,37,41,39.0
2095,37,41,39.0
2095,37,41,39.0
2095,37,41,39.0
2095,37,41,39.0
2095,37,41,39.0
2095,37,41,39.0
2095,37,41,39.0
2095,37,41,39.0
2095,37,41,39.0
2095,37,41,39.0
2095,37,41,39.0
2095,37,41,39.0
2095,37,41,39.0
2095,37,41,39.0
2095,37,41,39.0
2095,37,41,39.0
2095,37,41,39.0
2095,37,41,39.0
2095,37,41,39.0
2095,37,41,39.0
2095,37,41,39.0
2095,37,41,39.0
2095,37,41,39.0
2095,37,41,39.0
2095,37,41,39.0
2095,37,41,39.0
2095,37,41,39.0
2095,37,41,39.0
2096,37,41,39.0
2096,37,41,39.0
2096,37,41,39.0
2096,37,41,39.0
2096,37,41,39.0
2096,37,41,39.0
2096,37,41,39.0
2096,37,41,39.0
2096,37,41,39.0
2096,37,41,39.0
2097,37,41,39.0
2097,37,41,39.0
2097,37,41,39.0
2097,37,41,39.0
2097,37,41,39.0
2097,37,41,39.0
2097,37,41,39.0
2097,37,41,39.0
2097,37,41,39.0
2097,37,41,39.0
2097,37,41,39.0
2097,37,41,39.0
2097,37,41,39.0
2097,37,41,39.0
2097,37,40,38.5
2097,37,40,38.5
2097,37,40,38.5
2097,37,40,38.5
2097,37,40,38.5
2097,37,40,38.5
2097,37,40,38.5
2097,37,40,38.5
2097,37,40,38.5
2097,37,40,38.5
2097,37,40,38.5
2097,37,40,38.5
2098,37,40,38.5
2098,37,40,38.5
2098,37,40,38.5
2098,38,40,39.0
2098,38,40,39.0
2098,38,40,39.0
2098,38,40,39.0
2098,38,40,39.0
2098,38,40,39.0
2098,38,40,39.0
2098,38,40,39.0
2098,38,40,39.0
2098,38,40,39.0
2098,38,40,39.0
2098,38,40,39.0
2098,38,40,39.0
2098,38,40,39.0
2098,38,40,39.0
2098,38,40,39.0
2098,38,40,39.0
2098,38,40,39.0
2098,38,40,39.0
2098,38,40,39.0
2098,38,40,39.0
2098,38,40,39.0
2098,38,40,39.0
2098,38,40,39.0
2098,38,40,39.0
2098,38,40,39.0
2098,38,40,39.0
2098,38,40,39.0
2099,38,40,39.0
2099,38,40,39.0
2099,38,40,39.0
2099,38,40,39.0
2099,38,40,39.0
2099,38,40,39.0
2099,38,40,39.0
2099,38,40,39.0
2099,38,40,39.0
2099,38,40,39.0
2099,38,40,39.0
2099,38,40,39.0
2099,38,39,38.5
2099,38,39,38.5
2099,38,39,38.5
2099,38,39,38.5
2099,38,39,38.5
2099,38,39,38.5
2099,38,39,38.5
2099,38,39,38.5
2099,38,39,38.5
2099,38,39,38.5
2099,38,39,38.5
2099,38,39,38.5
2099,38,39,38.5
2099,38,39,38.5
2099,38,39,38.5
2099,38,39,38.5
2099,38,39,38.5
2099,38,39,38.5
2099,38,39,38.5
2099,38,39,38.5
2099,38,39,38.5
2099,38,39,38.5
2099,37,39,38.0
2099,37,39,38.0
2099,37,39,38.0
2099,37,39,38.0
2099,37,39,38.0
2099,37,39,38.0
2099,37,39,38.0
2099,37,39,38.0
2099,37,39,38.0
2099,37,39,38.0
2099,37,39,38.0
2099,37,39,38.0
2099,37,39,38.0
2099,37,39,38.0
2100,37,39,38.0
2100,37,39,38.0
2100,37,39,38.0
2100,37,39,38.0
2100,37,39,38.0
2100,37,39,38.0
2100,37,39,38.0
2100,37,39,38.0
2100,37,39,38.0
2100,37,39,38.0
2100,37,39,38.0
2100,37,39,38.0
2100,37,39,38.0
2100,37,39,38.0
2100,37,39,38.0
2100,37,39,38.0
2100,37,39,38.0
2100,37,39,38.0
2100,37,39,38.0
2100,37,39,38.0
2100,37,39,38.0
2100,37,39,38.0
2100,37,39,38.0
2100,37,39,38.0
2100,37,39,38.0
2101,37,39,38.0
2101,37,39,38.0
2101,37,39,38.0
2101,37,39,38.0
2101,37,39,38.0
2101,37,39,38.0
2101,37,39,38.0
2101,37,39,38.0
2101,37,39,38.0
2101,37,39,38.0
2101,37,39,38.0
2101,37,39,38.0
2101,38,39,38.5
2101,38,39,38.5
2101,38,39,38.5
2101,38,39,38.5
2101,38,39,38.5
2101,38,39,38.5
2101,38,39,38.5
2101,38,39,38.5
2101,38,39,38.5
2101,38,39,38.5
2102,38,39,38.5
2102,38,39,38.5
2102,38,39,38.5
2102,38,39,38.5
2102,38,39,38.5
2102,38,39,38.5
2102,38,39,38.5
2102,38,39,38.5
2102,38,39,38.5
2102,38,39,38.5
2102,38,39,38.5
2102,38,39,38.5
2102,38,39,38.5
2102,38,39,38.5
2102,38,39,38.5
2102,38,39,38.5
2102,38,39,38.5
2102,38,39,38.5
2102,38,39,38.5
2102,38,39,38.5
2102,38,39,38.5
2102,38,39,38.5
2102,38,39,38.5
2102,38,39,38.5
2102,38,39,38.5
2102,38,39,38.5
2102,38,39,38.5
2102,38,39,38.5
2102,38,39,38.5
2102,38,39,38.5
2102,38,39,38.5
2103,38,39,38.5
2103,38,39,38.5
2103,38,39,38.5
2103,38,39,38.5
2103,38,39,38.5
2103,38,39,38.5
2103,38,39,38.5
2103,38,39,38.5
2103,38,39,38.5
2103,38,39,38.5
2103,38,39,38.5
2103,38,39,38.5
2104,38,39,38.5
2104,38,39,38.5
2104,38,39,38.5
2104,38,39,38.5
2105,38,39,38.5
2105,38,39,38.5
2105,38,39,38.5
2105,38,39,38.5
2105,38,39,38.5
2105,38,39,38.5
2105,38,39,38.5
2106,38,39,38.5
2107,38,39,38.5
2107,38,39,38.5
2107,38,39,38.5
2107,38,39,38.5
2107,38,39,38.5
2107,38,39,38.5
2107,38,39,38.5
2108,38,39,38.5
2108,38,39,38.5
2109,38,39,38.5
2109,38,39,38.5
2109,38,39,38.5
2109,38,39,38.5
2109,38,39,38.5
2109,38,39,38.5
2109,38,39,38.5
2109,38,39,38.5
2109,38,39,38.5
2109,38,39,38.5
2109,38,39,38.5
2110,38,39,38.5
2110,38,39,38.5
2110,38,39,38.5
2110,38,39,38.5
2110,38,39,38.5
2110,38,39,38.5
2111,38,39,38.5
2112,38,39,38.5
2112,38,39,38.5
2112,38,39,38.5
2112,38,39,38.5
2112,38,39,38.5
2112,38,39,38.5
2112,38,39,38.5
2112,38,39,38.5
2112,38,39,38.5
2112,38,39,38.5
2112,38,39,38.5
2113,38,39,38.5
2114,38,39,38.5
2114,38,39,38.5
2115,38,39,38.5
2115,38,39,38.5
2115,38,39,38.5
2117,38,39,38.5
2117,38,39,38.5
2118,38,39,38.5
2118,38,39,38.5
2118,38,39,38.5
2118,38,39,38.5
2119,38,39,38.5
2119,38,39,38.5
2119,38,39,38.5
2122,38,39,38.5
2122,38,39,38.5
2122,38,39,38.5
2122,38,39,38.5
2122,38,39,38.5
2123,38,39,38.5
2123,38,39,38.5
2123,38,39,38.5
2123,38,39,38.5
2123,38,39,38.5
2123,38,39,38.5
2123,38,39,38.5
2123,38,39,38.5
2123,38,39,38.5
2123,38,40,39.0
2123,38,40,39.0
2123,38,40,39.0
2123,38,40,39.0
2123,38,40,39.0
2123,38,40,39.0
2123,38,40,39.0
2123,38,40,39.0
2123,38,40,39.0
2123,38,40,39.0
2123,38,40,39.0
2123,38,40,39.0
2123,38,40,39.0
2124,38,40,39.0
2124,38,40,39.0
2124,38,40,39.0
2127,38,40,39.0
2127,38,40,39.0
2127,38,40,39.0
2127,38,40,39.0
2127,38,40,39.0
2127,38,40,39.0
2128,38,40,39.0
2129,38,40,39.0
2129,38,40,39.0
2129,38,40,39.0
2130,38,40,39.0
2130,38,40,39.0
2130,38,40,39.0
2130,38,40,39.0
2130,38,40,39.0
2130,38,40,39.0
2130,38,40,39.0
2130,38,40,39.0
2130,38,40,39.0
2130,38,40,39.0
2130,38,40,39.0
2130,38,40,39.0
2130,38,40,39.0
2130,38,40,39.0
2130,38,40,39.0
2130,38,40,39.0
2130,38,40,39.0
2130,38,40,39.0
2130,38,40,39.0
2130,38,40,39.0
2130,38,40,39.0
2130,38,40,39.0
2130,38,40,39.0
2130,38,40,39.0
2130,38,40,39.0
2130,38,40,39.0
2130,38,40,39.0
2130,38,40,39.0
2130,38,40,39.0
2130,38,40,39.0
2130,38,40,39.0
2130,38,40,39.0
2130,38,40,39.0
2130,38,40,39.0
2130,38,40,39.0
2130,38,40,39.0
2130,38,40,39.0
2130,38,41,39.5
2130,38,41,39.5
2130,38,41,39.5
2130,38,41,39.5
2130,38,41,39.5
2130,38,41,39.5
2130,38,41,39.5
2130,38,41,39.5
2130,38,41,39.5
2130,38,41,39.5
2130,38,41,39.5
2130,38,41,39.5
2130,38,42,40.0
2130,38,42,40.0
2130,38,42,40.0
2130,38,42,40.0
2130,38,42,40.0
2130,38,42,40.0
2130,38,42,40.0
2130,38,42,40.0
2130,38,42,40.0
2130,38,42,40.0
2130,38,42,40.0
2130,38,42,40.0
2130,38,42,40.0
2130,38,42,40.0
2130,38,42,40.0
2130,38,42,40.0
2130,38,42,40.0
2130,38,42,40.0
2130,38,42,40.0
2130,38,42,40.0
2130,38,42,40.0
2130,38,42,40.0
2130,38,42,40.0
2130,38,42,40.0
2130,38,42,40.0
2130,38,42,40.0
2130,38,42,40.0
2130,38,42,40.0
2130,38,42,40.0
2130,38,42,40.0
2130,38,42,40.0
2130,38,42,40.0
2130,38,42,40.0
2130,38,42,40.0
2130,38,42,40.0
2130,38,42,40.0
2130,38,42,40.0
2130,38,42,40.0
2130,38,42,40.0
2130,38,42,40.0
2130,38,42,40.0
2130,38,42,40.0
2130,38,42,40.0
2130,38,42,40.0
2130,38,42,40.0
2131,38,42,40.0
2131,38,42,40.0
2131,38,42,40.0
2131,38,42,40.0
2131,38,42,40.0
2131,38,42,40.0
2131,38,42,40.0
2131,38,42,40.0
2131,38,42,40.0
2131,38,42,40.0
2131,38,42,40.0
2131,38,42,40.0
2131,38,42,40.0
2131,38,42,40.0
2131,38,42,40.0
2131,38,42,40.0
2131,38,42,40.0
2131,38,42,40.0
2131,38,42,40.0
2131,38,42,40.0
2131,38,42,40.0
2131,38,42,40.0
2132,38,42,40.0
2132,38,42,40.0
2132,38,42,40.0
2132,38,42,40.0
2132,38,42,40.0
2132,38,42,40.0
2132,38,42,40.0
2132,38,42,40.0
2132,38,42,40.0
2132,38,42,40.0
2132,38,42,40.0
2132,38,42,40.0
2132,38,42,40.0
2132,38,42,40.0
2132,38,42,40.0
2132,38,42,40.0
2132,38,42,40.0
2132,38,42,40.0
2132,38,42,40.0
2132,38,42,40.0
2132,38,42,40.0
2132,38,42,40.0
2132,38,42,40.0
2132,38,42,40.0
2132,38,42,40.0
2132,38,42,40.0
2132,38,42,40.0
2132,37,42,39.5
2132,37,42,39.5
2132,37,42,39.5
2132,37,42,39.5
2132,37,42,39.5
2132,37,42,39.5
2132,37,42,39.5
2132,37,42,39.5
2133,37,42,39.5
2133,37,42,39.5
2133,37,42,39.5
2133,37,42,39.5
2133,37,42,39.5
2133,37,42,39.5
2133,37,42,39.5
2133,37,42,39.5
2133,37,42,39.5
2133,37,42,39.5
2133,37,42,39.5
2133,39,42,40.5
2133,39,42,40.5
2133,39,42,40.5
2133,39,42,40.5
2133,39,42,40.5
2133,39,42,40.5
2133,39,42,40.5
2133,39,42,40.5
2133,39,42,40.5
2133,39,42,40.5
2133,39,42,40.5
2134,39,42,40.5
2134,39,42,40.5
2134,39,42,40.5
2134,39,42,40.5
2134,39,42,40.5
2134,39,42,40.5
2134,39,42,40.5
2134,39,42,40.5
2134,39,42,40.5
2134,39,42,40.5
2134,39,42,40.5
2134,39,42,40.5
2134,39,42,40.5
2134,39,42,40.5
2134,39,42,40.5
2134,39,42,40.5
2134,39,42,40.5
2134,39,41,40.0
2134,39,41,40.0
2134,39,41,40.0
2134,39,41,40.0
2134,39,41,40.0
2134,39,41,40.0
2134,39,41,40.0
2135,39,41,40.0
2135,39,41,40.0
2135,39,41,40.0
2135,39,41,40.0
2135,39,41,40.0
2135,39,41,40.0
2135,39,41,40.0
2135,39,41,40.0
2135,39,41,40.0
2135,39,41,40.0
2135,39,41,40.0
2135,39,41,40.0
2135,39,41,40.0
2135,39,41,40.0
2135,39,40,39.5
2135,39,40,39.5
2135,39,40,39.5
2135,39,40,39.5
2135,39,40,39.5
2135,39,40,39.5
2135,39,40,39.5
2135,39,40,39.5
2135,39,40,39.5
2135,39,40,39.5
2135,39,40,39.5
2135,39,40,39.5
2135,39,40,39.5
2135,39,40,39.5
2135,39,40,39.5
2135,39,40,39.5
2135,39,40,39.5
2135,39,40,39.5
2135,39,40,39.5
2135,39,40,39.5
2135,39,40,39.5
2135,39,40,39.5
2135,39,40,39.5
2135,39,40,39.5
2135,39,40,39.5
2135,39,40,39.5
2135,39,40,39.5
2135,39,40,39.5
2135,39,40,39.5
2135,39,40,39.5
2135,39,40,39.5
2135,39,40,39.5
2135,39,40,39.5
2135,39,40,39.5
2135,39,40,39.5
2136,39,40,39.5
2136,39,40,39.5
2136,39,40,39.5
2136,39,40,39.5
2136,39,40,39.5
2136,39,40,39.5
2136,39,40,39.5
2136,39,40,39.5
2136,39,40,39.5
2136,39,40,39.5
2136,39,40,39.5
2136,39,40,39.5
2136,39,40,39.5
2136,39,40,39.5
2136,39,40,39.5
2136,39,40,39.5
2136,39,40,39.5
2136,39,40,39.5
2136,39,40,39.5
2136,39,40,39.5
2136,39,40,39.5
2136,39,40,39.5
2136,39,40,39.5
2136,39,40,39.5
2136,39,40,39.5
2136,39,40,39.5
2136,39,40,39.5
2136,39,40,39.5
2136,39,40,39.5
2136,39,40,39.5
2136,39,40,39.5
2136,39,40,39.5
2136,39,40,39.5
2136,39,40,39.5
2136,39,40,39.5
2136,39,40,39.5
2136,39,40,39.5
2136,39,40,39.5
2137,39,40,39.5
2137,39,40,39.5
2137,39,40,39.5
2137,39,40,39.5
2137,39,40,39.5
2137,39,40,39.5
2138,39,40,39.5
2138,39,40,39.5
2138,39,40,39.5
2138,39,40,39.5
2138,39,40,39.5
2138,39,40,39.5
2138,39,40,39.5
2138,39,40,39.5
2138,39,40,39.5
2138,39,40,39.5
2138,39,40,39.5
2138,39,40,39.5
2138,39,40,39.5
2138,39,40,39.5
2138,39,40,39.5
2138,39,40,39.5
2138,39,40,39.5
2138,39,40,39.5
2138,39,40,39.5
2138,39,40,39.5
2138,39,40,39.5
2138,39,40,39.5
2138,39,40,39.5
2138,39,40,39.5
2138,39,40,39.5
2139,39,40,39.5
2139,39,40,39.5
2139,39,40,39.5
2139,39,40,39.5
2139,39,40,39.5
2139,39,40,39.5
2139,37,40,38.5
2139,37,39,38.0
2139,37,39,38.0
2139,37,39,38.0
2139,37,39,38.0
2139,37,39,38.0
2139,37,39,38.0
2139,37,39,38.0
2139,37,39,38.0
2139,38,39,38.5
2139,38,39,38.5
2139,38,39,38.5
2139,38,39,38.5
2139,38,39,38.5
2139,38,39,38.5
2139,38,39,38.5
2139,38,39,38.5
2139,38,39,38.5
2139,38,39,38.5
2139,38,39,38.5
2139,38,39,38.5
2139,38,39,38.5
2139,38,39,38.5
2139,38,39,38.5
2139,38,39,38.5
2139,38,39,38.5
2139,38,39,38.5
2139,38,39,38.5
2139,38,39,38.5
2139,38,39,38.5
2139,38,39,38.5
2139,38,40,39.0
2139,38,40,39.0
2139,38,40,39.0
2139,38,40,39.0
2139,38,40,39.0
2139,38,40,39.0
2139,38,40,39.0
2139,38,40,39.0
2139,38,40,39.0
2139,38,40,39.0
2139,38,40,39.0
2139,38,40,39.0
2139,38,40,39.0
2139,38,40,39.0
2139,38,40,39.0
2140,38,40,39.0
2140,38,40,39.0
2140,38,40,39.0
2140,38,40,39.0
2140,38,40,39.0
2140,38,40,39.0
2140,38,40,39.0
2140,38,40,39.0
2140,38,40,39.0
2140,38,40,39.0
2140,38,40,39.0
2140,38,40,39.0
2140,38,40,39.0
2140,38,40,39.0
2140,38,40,39.0
2140,38,40,39.0
2140,38,40,39.0
2140,38,40,39.0
2140,38,40,39.0
2140,38,40,39.0
2140,38,40,39.0
2140,38,40,39.0
2140,38,40,39.0
2140,38,40,39.0
2140,38,40,39.0
2140,38,40,39.0
2140,38,40,39.0
2140,38,40,39.0
2140,38,40,39.0
2140,38,40,39.0
2140,38,40,39.0
2140,38,40,39.0
2140,38,40,39.0
2140,38,40,39.0
2140,38,40,39.0
2140,38,40,39.0
2140,38,40,39.0
2140,38,40,39.0
2140,38,40,39.0
2140,38,40,39.0
2140,38,40,39.0
2140,38,40,39.0
2140,38,40,39.0
2140,38,40,39.0
2140,38,40,39.0
2140,38,40,39.0
2140,38,40,39.0
2140,38,40,39.0
2140,38,40,39.0
2140,38,40,39.0
2140,38,40,39.0
2140,38,40,39.0
2140,38,40,39.0
2140,38,40,39.0
2140,38,40,39.0
2140,38,40,39.0
2140,38,40,39.0
2140,38,40,39.0
2140,38,40,39.0
2140,38,40,39.0
2140,38,40,39.0
2140,38,40,39.0
2140,38,40,39.0
2140,38,40,39.0
2140,38,40,39.0
2140,38,40,39.0
2140,38,40,39.0
2140,38,40,39.0
2141,38,40,39.0
2141,38,40,39.0
2141,38,40,39.0
2141,38,40,39.0
2141,38,40,39.0
2142,38,40,39.0
2142,38,40,39.0
2142,38,40,39.0
2142,38,40,39.0
2142,38,40,39.0
2142,38,40,39.0
2142,38,40,39.0
2142,38,40,39.0
2142,38,40,39.0
2142,37,40,38.5
2142,37,40,38.5
2142,37,40,38.5
2142,37,40,38.5
2142,37,40,38.5
2142,37,40,38.5
2142,37,40,38.5
2142,37,40,38.5
2142,37,40,38.5
2142,37,40,38.5
2142,37,40,38.5
2143,37,40,38.5
2143,37,40,38.5
2143,37,40,38.5
2143,37,40,38.5
2143,37,40,38.5
2143,37,40,38.5
2143,37,40,38.5
2143,37,40,38.5
2143,37,40,38.5
2143,37,40,38.5
2145,37,40,38.5
2145,37,40,38.5
2145,37,40,38.5
2145,37,40,38.5
2145,37,40,38.5
2145,37,40,38.5
2145,37,40,38.5
2145,37,40,38.5
2146,37,40,38.5
2146,37,40,38.5
2146,37,40,38.5
2146,37,40,38.5
2146,37,42,39.5
2146,37,42,39.5
2146,37,43,40.0
2146,37,43,40.0
2146,37,43,40.0
2146,37,42,39.5
2146,37,42,39.5
2146,37,42,39.5
2146,37,42,39.5
2146,37,42,39.5
2146,37,42,39.5
2146,37,42,39.5
2146,37,43,40.0
2146,37,43,40.0
2146,37,43,40.0
2146,37,42,39.5
2146,37,42,39.5
2146,37,42,39.5
2146,37,42,39.5
2146,37,42,39.5
2146,37,42,39.5
2147,37,42,39.5
2147,37,42,39.5
2147,37,42,39.5
2147,37,42,39.5
2147,37,42,39.5
2147,37,42,39.5
2147,37,42,39.5
2147,37,42,39.5
2147,37,42,39.5
2147,37,42,39.5
2147,37,42,39.5
2147,37,42,39.5
2147,37,42,39.5
2147,37,42,39.5
2147,37,42,39.5
2147,37,42,39.5
2147,37,42,39.5
2147,37,42,39.5
2147,37,42,39.5
2147,37,42,39.5
2147,37,42,39.5
2147,37,42,39.5
2148,37,42,39.5
2148,37,42,39.5
2148,37,42,39.5
2148,37,42,39.5
2148,37,42,39.5
2148,37,42,39.5
2148,37,42,39.5
2148,37,42,39.5
2148,37,42,39.5
2148,37,42,39.5
2148,37,42,39.5
2148,37,42,39.5
2148,37,42,39.5
2149,37,42,39.5
2149,37,42,39.5
2149,37,41,39.0
2149,38,41,39.5
2149,38,41,39.5
2149,38,41,39.5
2149,38,41,39.5
2149,38,41,39.5
2149,38,41,39.5
2149,38,41,39.5
2149,38,42,40.0
2149,38,42,40.0
2149,38,42,40.0
2149,38,42,40.0
2149,38,42,40.0
2149,38,42,40.0
2149,38,42,40.0
2149,38,42,40.0
2149,38,42,40.0
2149,38,42,40.0
2149,38,42,40.0
2149,38,42,40.0
2149,38,42,40.0
2149,38,42,40.0
2149,38,42,40.0
2149,38,42,40.0
2149,38,42,40.0
2149,38,42,40.0
2149,38,42,40.0
2149,38,42,40.0
2149,38,42,40.0
2149,38,42,40.0
2149,38,42,40.0
2149,38,42,40.0
2149,38,42,40.0
2149,38,42,40.0
2149,38,42,40.0
2150,38,42,40.0
2150,38,42,40.0
2150,38,42,40.0
2150,38,42,40.0
2150,38,42,40.0
2150,38,42,40.0
2150,38,42,40.0
2150,38,42,40.0
2150,38,42,40.0
2150,38,42,40.0
2150,38,42,40.0
2150,38,42,40.0
2150,38,42,40.0
2150,38,42,40.0
2150,38,42,40.0
2150,38,42,40.0
2150,38,42,40.0
2150,38,42,40.0
2150,38,42,40.0
2151,38,42,40.0
2151,38,42,40.0
2151,38,42,40.0
2151,38,42,40.0
2151,38,42,40.0
2151,38,42,40.0
2152,38,42,40.0
2152,38,42,40.0
2152,38,42,40.0
2152,38,42,40.0
2152,38,42,40.0
2152,38,42,40.0
2152,38,42,40.0
2152,38,42,40.0
2152,38,42,40.0
2152,38,42,40.0
2152,38,42,40.0
2152,38,42,40.0
2152,38,42,40.0
2152,38,42,40.0
2152,38,42,40.0
2152,38,42,40.0
2152,38,42,40.0
2153,38,42,40.0
2153,38,42,40.0
2153,38,42,40.0
2153,38,42,40.0
2153,38,42,40.0
2154,38,42,40.0
2154,38,42,40.0
2155,38,42,40.0
2155,38,42,40.0
2155,41,42,41.5
2155,41,42,41.5
2155,41,42,41.5
2155,41,42,41.5
2155,41,42,41.5
2155,41,42,41.5
2155,41,42,41.5
2155,41,42,41.5
2155,41,42,41.5
2155,41,42,41.5
2155,41,42,41.5
2155,41,42,41.5
2155,41,42,41.5
2155,41,42,41.5
2155,41,42,41.5
2155,41,42,41.5
2155,41,42,41.5
2155,41,43,42.0
2155,41,43,42.0
2155,41,43,42.0
2155,41,43,42.0
2155,41,43,42.0
2155,41,43,42.0
2155,41,43,42.0
2155,41,43,42.0
2155,41,43,42.0
2155,41,43,42.0
2155,41,43,42.0
2155,41,43,42.0
2155,41,43,42.0
2155,41,43,42.0
2155,41,43,42.0
2155,41,43,42.0
2155,41,43,42.0
2155,41,43,42.0
2155,41,43,42.0
2155,40,43,41.5
2155,40,43,41.5
2155,40,43,41.5
2155,40,43,41.5
2155,40,43,41.5
2155,40,43,41.5
2155,40,44,42.0
2155,40,42,41.0
2155,38,42,40.0
2155,38,42,40.0
2155,38,42,40.0
2155,38,42,40.0
2155,38,42,40.0
2155,38,42,40.0
2155,38,42,40.0
2155,38,42,40.0
2155,38,42,40.0
2155,38,42,40.0
2155,38,42,40.0
2155,37,42,39.5
2155,37,42,39.5
2155,37,42,39.5
2155,37,43,40.0
2155,37,43,40.0
2155,37,43,40.0
2155,37,43,40.0
2155,37,43,40.0
2155,37,43,40.0
2155,37,43,40.0
2155,37,43,40.0
2155,37,43,40.0
2155,37,43,40.0
2155,37,43,40.0
2155,37,43,40.0
2155,37,43,40.0
2155,37,43,40.0
2155,37,43,40.0
2155,37,43,40.0
2155,37,43,40.0
2155,36,43,39.5
2155,36,43,39.5
2155,36,43,39.5
2155,36,43,39.5
2155,36,43,39.5
2155,36,43,39.5
2155,36,43,39.5
2155,36,43,39.5
2155,36,43,39.5
2155,36,43,39.5
2155,36,43,39.5
2155,36,43,39.5
2155,36,43,39.5
2155,35,43,39.0
2155,35,43,39.0
2155,35,43,39.0
2155,35,43,39.0
2155,35,43,39.0
2155,35,43,39.0
2155,35,43,39.0
2155,35,43,39.0
2155,35,43,39.0
2155,35,43,39.0
2155,35,43,39.0
2155,35,43,39.0
2155,35,43,39.0
2155,35,43,39.0
2155,33,43,38.0
2155,34,43,38.5
2155,34,43,38.5
2155,34,43,38.5
2155,34,43,38.5
2155,34,43,38.5
2155,34,43,38.5
2155,34,43,38.5
2155,33,43,38.0
2155,33,43,38.0
2155,35,43,39.0
2155,35,43,39.0
2155,35,43,39.0
2155,35,43,39.0
2155,35,43,39.0
2155,38,43,40.5
2155,38,43,40.5
2155,38,43,40.5
2155,38,43,40.5
2155,38,43,40.5
2155,38,43,40.5
2155,38,43,40.5
2155,38,43,40.5
2155,38,43,40.5
2155,38,43,40.5
2155,38,43,40.5
2155,38,43,40.5
2155,38,43,40.5
2155,38,43,40.5
2155,38,43,40.5
2155,38,43,40.5
2155,38,43,40.5
2155,38,43,40.5
2155,38,43,40.5
2155,38,43,40.5
2155,38,43,40.5
2155,37,43,40.0
2155,35,43,39.0
2155,34,43,38.5
2155,34,43,38.5
2155,34,43,38.5
2155,34,43,38.5
2155,34,43,38.5
2155,35,43,39.0
2155,35,43,39.0
2155,35,43,39.0
2155,35,43,39.0
2155,35,43,39.0
2155,35,43,39.0
2155,35,43,39.0
2155,35,43,39.0
2155,35,43,39.0
2155,35,43,39.0
2155,35,43,39.0
2155,35,43,39.0
2155,35,43,39.0
2155,35,43,39.0
2155,36,43,39.5
2155,36,43,39.5
2155,36,43,39.5
2155,36,43,39.5
2155,36,43,39.5
2155,36,43,39.5
2155,36,43,39.5
2155,36,43,39.5
2155,36,43,39.5
2155,36,43,39.5
2155,36,43,39.5
2155,36,43,39.5
2155,36,43,39.5
2155,36,43,39.5
2155,36,43,39.5
2155,36,43,39.5
2155,36,43,39.5
2155,36,43,39.5
2155,36,43,39.5
2156,36,43,39.5
2156,36,43,39.5
2156,36,43,39.5
2156,36,43,39.5
2156,36,43,39.5
2156,36,43,39.5
2156,36,43,39.5
2156,36,43,39.5
2156,36,43,39.5
2156,36,43,39.5
2156,36,43,39.5
2156,36,43,39.5
2156,36,43,39.5
2156,36,43,39.5
2156,36,43,39.5
2156,36,43,39.5
2156,36,43,39.5
2156,36,43,39.5
2156,36,43,39.5
2156,36,43,39.5
2156,36,43,39.5
2156,36,43,39.5
2156,36,43,39.5
2156,36,43,39.5
2156,36,43,39.5
2156,36,43,39.5
2156,36,43,39.5
2156,39,43,41.0
2156,39,43,41.0
2156,39,43,41.0
2156,39,43,41.0
2156,39,43,41.0
2156,39,43,41.0
2156,39,43,41.0
2156,39,43,41.0
2156,39,43,41.0
2156,39,43,41.0
2156,39,43,41.0
2156,39,43,41.0
2156,39,43,41.0
2156,39,43,41.0
2156,40,43,41.5
2156,40,43,41.5
2156,40,43,41.5
2156,40,43,41.5
2156,40,43,41.5
2156,40,43,41.5
2156,40,43,41.5
2156,40,43,41.5
2156,40,43,41.5
2156,40,43,41.5
2156,40,43,41.5
2156,40,43,41.5
2156,40,43,41.5
2156,40,43,41.5
2156,40,43,41.5
2156,40,43,41.5
2156,40,43,41.5
2156,40,43,41.5
2156,40,43,41.5
2156,40,43,41.5
2156,40,43,41.5
2156,40,43,41.5
2156,40,43,41.5
2156,40,43,41.5
2156,40,43,41.5
2156,40,43,41.5
2156,40,43,41.5
2156,40,43,41.5
2156,40,43,41.5
2156,40,43,41.5
2156,40,43,41.5
2156,40,43,41.5
2156,40,43,41.5
2156,40,43,41.5
2156,40,43,41.5
2156,40,43,41.5
2156,40,43,41.5
2156,40,43,41.5
2156,40,43,41.5
2156,40,43,41.5
2157,40,43,41.5
2157,40,43,41.5
2157,40,43,41.5
2157,40,43,41.5
2157,40,43,41.5
2157,40,43,41.5
2157,40,43,41.5
2157,40,43,41.5
2157,40,43,41.5
2157,40,43,41.5
2157,40,43,41.5
2157,40,43,41.5
2157,40,43,41.5
2157,40,43,41.5
2157,40,43,41.5
2157,40,43,41.5
2157,40,43,41.5
2157,40,43,41.5
2157,40,43,41.5
2157,40,43,41.5
2157,40,43,41.5
2157,40,43,41.5
2157,40,43,41.5
2157,40,43,41.5
2157,40,43,41.5
2157,40,43,41.5
2157,40,43,41.5
2157,40,43,41.5
2157,40,43,41.5
2157,40,43,41.5
2158,40,43,41.5
2158,40,43,41.5
2158,40,43,41.5
2158,40,43,41.5
2158,40,43,41.5
2158,40,43,41.5
2158,40,43,41.5
2158,40,43,41.5
2158,40,43,41.5
2158,40,43,41.5
2158,40,43,41.5
2158,41,43,42.0
2158,41,43,42.0
2158,41,43,42.0
2158,41,43,42.0
2158,41,43,42.0
2158,41,43,42.0
2158,41,43,42.0
2158,41,43,42.0
2158,41,43,42.0
2158,41,43,42.0
2158,41,43,42.0
2158,41,43,42.0
2158,41,43,42.0
2158,41,43,42.0
2158,41,43,42.0
2158,41,43,42.0
2158,41,43,42.0
2158,41,43,42.0
2158,41,43,42.0
2158,42,43,42.5
2158,42,43,42.5
2158,42,43,42.5
2158,42,43,42.5
2158,42,43,42.5
2158,42,43,42.5
2158,41,43,42.0
2158,41,43,42.0
2158,41,43,42.0
2158,41,43,42.0
2158,42,43,42.5
2158,42,43,42.5
2158,42,43,42.5
2158,42,43,42.5
2158,41,43,42.0
2159,41,43,42.0
2159,41,43,42.0
2159,41,43,42.0
2159,42,43,42.5
2159,42,43,42.5
2159,42,43,42.5
2159,42,43,42.5
2159,42,43,42.5
2159,42,43,42.5
2159,41,43,42.0
2159,41,43,42.0
2159,41,43,42.0
2159,41,43,42.0
2159,41,43,42.0
2159,41,43,42.0
2159,41,43,42.0
2159,41,43,42.0
2159,41,43,42.0
2159,41,43,42.0
2159,41,43,42.0
2159,41,43,42.0
2159,41,43,42.0
2159,41,43,42.0
2159,41,43,42.0
2159,41,43,42.0
2159,41,43,42.0
2159,41,43,42.0
2160,41,43,42.0
2160,41,43,42.0
2160,41,43,42.0
2160,41,43,42.0
2160,41,43,42.0
2160,41,43,42.0
2160,41,43,42.0
2160,41,43,42.0
2160,41,43,42.0
2160,41,43,42.0
2161,41,43,42.0
2161,41,43,42.0
2161,41,43,42.0
2161,41,43,42.0
2161,41,43,42.0
2161,41,43,42.0
2161,41,43,42.0
2161,41,43,42.0
2161,41,43,42.0
2161,41,43,42.0
2161,41,43,42.0
2161,41,43,42.0
2161,41,43,42.0
2161,41,43,42.0
2161,41,43,42.0
2161,41,43,42.0
2161,41,43,42.0
2161,41,43,42.0
2161,41,43,42.0
2161,41,43,42.0
2161,41,43,42.0
2161,41,43,42.0
2161,41,43,42.0
2161,41,43,42.0
2161,41,43,42.0
2161,41,43,42.0
2161,41,43,42.0
2161,41,43,42.0
2161,41,43,42.0
2161,41,43,42.0
2161,41,43,42.0
2161,41,43,42.0
2161,41,43,42.0
2161,41,43,42.0
2161,41,43,42.0
2162,40,43,41.5
2162,40,43,41.5
2162,40,43,41.5
2162,40,43,41.5
2162,40,43,41.5
2162,40,43,41.5
2162,40,43,41.5
2162,40,43,41.5
2162,40,43,41.5
2162,41,43,42.0
2162,41,43,42.0
2162,41,43,42.0
2162,41,43,42.0
2162,41,43,42.0
2162,41,43,42.0
2162,41,43,42.0
2162,41,43,42.0
2163,41,43,42.0
2163,41,43,42.0
2163,41,43,42.0
2163,41,43,42.0
2163,41,43,42.0
2163,41,43,42.0
2163,41,43,42.0
2163,41,43,42.0
2163,41,43,42.0
2163,41,43,42.0
2163,41,43,42.0
2163,41,43,42.0
2163,41,43,42.0
2164,41,43,42.0
2164,41,43,42.0
2164,41,43,42.0
2164,41,43,42.0
2164,41,43,42.0
2164,41,43,42.0
2164,41,43,42.0
2164,41,43,42.0
2164,41,43,42.0
2164,41,43,42.0
2164,41,43,42.0
2164,41,43,42.0
2164,41,43,42.0
2164,41,43,42.0
2164,41,43,42.0
2164,41,43,42.0
2164,41,43,42.0
2164,41,43,42.0
2164,41,43,42.0
2164,41,43,42.0
2164,41,43,42.0
2165,41,43,42.0
2165,41,43,42.0
2165,41,43,42.0
2165,41,43,42.0
2165,41,43,42.0
2165,41,43,42.0
2165,41,43,42.0
2165,41,43,42.0
2166,41,43,42.0
2166,41,43,42.0
2166,41,43,42.0
2166,41,43,42.0
2166,41,43,42.0
2166,41,43,42.0
2166,41,43,42.0
2166,41,43,42.0
2166,41,43,42.0
2166,41,43,42.0
2166,41,43,42.0
2166,41,43,42.0
2166,41,43,42.0
2167,41,42,41.5
2167,41,42,41.5
2167,41,42,41.5
2167,41,42,41.5
2167,41,42,41.5
2167,41,42,41.5
2167,41,42,41.5
2167,41,42,41.5
2167,41,42,41.5
2167,41,42,41.5
2167,41,42,41.5
2167,41,42,41.5
2167,41,42,41.5
2168,41,42,41.5
2168,41,42,41.5
2168,41,42,41.5
2168,41,42,41.5
2168,41,42,41.5
2168,40,42,41.0
2168,40,42,41.0
2168,40,42,41.0
2168,40,42,41.0
2168,40,42,41.0
2168,40,42,41.0
2168,40,42,41.0
2168,41,42,41.5
2168,41,42,41.5
2168,41,42,41.5
2168,41,42,41.5
2168,41,42,41.5
2168,41,42,41.5
2168,41,42,41.5
2168,40,42,41.0
2168,40,42,41.0
2168,40,42,41.0
2168,40,42,41.0
2168,40,42,41.0
2168,40,42,41.0
2169,40,42,41.0
2169,40,42,41.0
2169,40,42,41.0
2169,40,42,41.0
2170,40,42,41.0
2170,40,42,41.0
2170,40,42,41.0
2170,40,42,41.0
2170,41,42,41.5
2170,41,42,41.5
2170,41,42,41.5
2170,41,42,41.5
2170,41,42,41.5
2170,41,42,41.5
2170,41,42,41.5
2170,41,42,41.5
2170,41,42,41.5
2170,41,42,41.5
2170,41,42,41.5
2170,41,42,41.5
2170,41,42,41.5
2170,41,42,41.5
2170,41,42,41.5
2170,41,42,41.5
2170,41,43,42.0
2170,41,43,42.0
2170,41,43,42.0
2170,41,43,42.0
2170,41,43,42.0
2170,41,43,42.0
2170,41,43,42.0
2170,41,43,42.0
2170,41,43,42.0
2170,41,43,42.0
2170,41,43,42.0
2170,41,43,42.0
2170,41,43,42.0
2170,41,43,42.0
2170,41,43,42.0
2170,41,43,42.0
2170,41,43,42.0
2170,41,43,42.0
2170,41,43,42.0
2170,41,43,42.0
2170,41,43,42.0
2170,41,43,42.0
2170,41,43,42.0
2170,41,43,42.0
2170,41,43,42.0
2170,41,43,42.0
2170,41,43,42.0
2170,41,43,42.0
2170,41,43,42.0
2170,41,43,42.0
2170,41,42,41.5
2170,41,42,41.5
2170,41,42,41.5
2170,41,42,41.5
2170,41,42,41.5
2170,41,42,41.5
2170,41,42,41.5
2170,41,42,41.5
2170,41,42,41.5
2170,41,42,41.5
2170,41,42,41.5
2170,41,42,41.5
2171,41,42,41.5
2171,41,42,41.5
2171,41,42,41.5
2171,41,42,41.5
2171,41,42,41.5
2171,41,42,41.5
2171,41,42,41.5
2171,41,42,41.5
2171,41,42,41.5
2171,41,42,41.5
2171,41,42,41.5
2171,41,42,41.5
2171,41,42,41.5
2171,41,42,41.5
2171,41,42,41.5
2171,41,42,41.5
2172,41,42,41.5
2172,41,42,41.5
2172,41,42,41.5
2172,41,42,41.5
2173,41,42,41.5
2173,41,42,41.5
2173,41,42,41.5
2173,41,42,41.5
2173,41,42,41.5
2173,41,42,41.5
2173,41,42,41.5
2174,41,42,41.5
2174,41,42,41.5
2174,41,42,41.5
2174,41,42,41.5
2174,41,42,41.5
2174,41,42,41.5
2174,41,42,41.5
2174,41,42,41.5
2174,41,42,41.5
2174,41,42,41.5
2174,41,42,41.5
2174,41,42,41.5
2174,41,42,41.5
2174,40,42,41.0
2174,40,42,41.0
2174,40,42,41.0
2174,40,42,41.0
2174,40,42,41.0
2174,40,42,41.0
2174,40,42,41.0
2174,40,42,41.0
2174,41,42,41.5
2174,41,42,41.5
2174,41,42,41.5
2174,41,42,41.5
2174,41,42,41.5
2174,41,42,41.5
2174,41,42,41.5
2174,41,42,41.5
2174,41,42,41.5
2174,41,42,41.5
2174,41,42,41.5
2174,41,43,42.0
2174,41,43,42.0
2174,41,43,42.0
2174,41,43,42.0
2174,41,43,42.0
2174,41,43,42.0
2174,41,43,42.0
2174,41,43,42.0
2174,41,43,42.0
2174,41,43,42.0
2174,41,43,42.0
2174,41,43,42.0
2174,41,43,42.0
2174,41,43,42.0
2174,41,43,42.0
2174,41,43,42.0
2174,41,43,42.0
2174,41,43,42.0
2174,40,43,41.5
2174,40,43,41.5
2174,40,43,41.5
2174,40,43,41.5
2174,40,43,41.5
2174,40,43,41.5
2174,40,43,41.5
2174,40,43,41.5
2174,40,43,41.5
2174,40,43,41.5
2174,40,43,41.5
2174,40,43,41.5
2174,40,43,41.5
2174,40,43,41.5
2174,40,43,41.5
2174,40,43,41.5
2174,40,43,41.5
2174,40,43,41.5
2174,40,43,41.5
2174,40,43,41.5
2174,40,43,41.5
2174,40,43,41.5
2174,40,43,41.5
2174,40,43,41.5
2174,40,43,41.5
2174,40,43,41.5
2174,40,43,41.5
2174,40,43,41.5
2174,40,43,41.5
2174,40,43,41.5
2174,40,43,41.5
2174,40,43,41.5
2174,40,43,41.5
2174,40,43,41.5
2174,40,43,41.5
2174,40,43,41.5
2174,40,43,41.5
2174,40,43,41.5
2174,40,43,41.5
2174,40,43,41.5
2174,40,43,41.5
2174,40,44,42.0
2174,40,44,42.0
2174,40,44,42.0
2174,40,44,42.0
2174,40,44,42.0
2174,40,44,42.0
2174,40,44,42.0
2174,40,44,42.0
2174,40,44,42.0
2174,40,44,42.0
2174,40,44,42.0
2174,40,44,42.0
2174,40,44,42.0
2174,40,44,42.0
2174,40,44,42.0
2174,40,44,42.0
2174,40,44,42.0
2174,40,44,42.0
2174,40,44,42.0
2174,40,44,42.0
2174,40,44,42.0
2174,40,44,42.0
2174,40,44,42.0
2174,40,44,42.0
2174,40,44,42.0
2174,40,44,42.0
2174,40,44,42.0
2174,40,44,42.0
2174,40,44,42.0
2174,40,44,42.0
2174,40,44,42.0
2174,40,44,42.0
2174,40,44,42.0
2174,40,44,42.0
2174,40,44,42.0
2174,40,44,42.0
2174,40,44,42.0
2174,40,44,42.0
2174,40,44,42.0
2175,40,44,42.0
2175,40,44,42.0
2175,40,44,42.0
2175,40,44,42.0
2175,40,44,42.0
2175,40,44,42.0
2175,40,44,42.0
2175,40,44,42.0
2175,40,44,42.0
2175,40,44,42.0
2175,40,44,42.0
2175,40,44,42.0
2175,40,44,42.0
2175,40,44,42.0
2175,40,44,42.0
2175,40,44,42.0
2175,40,44,42.0
2175,40,44,42.0
2175,40,44,42.0
2175,40,44,42.0
2175,40,44,42.0
2175,40,44,42.0
2176,40,44,42.0
2176,40,44,42.0
2176,40,44,42.0
2176,40,44,42.0
2176,40,44,42.0
2176,40,44,42.0
2176,40,44,42.0
2176,40,44,42.0
2177,40,44,42.0
2177,40,44,42.0
2177,40,44,42.0
2177,40,44,42.0
2177,40,44,42.0
2177,40,44,42.0
2177,40,44,42.0
2177,40,44,42.0
2178,40,44,42.0
2178,40,44,42.0
2178,40,44,42.0
2178,40,44,42.0
2178,40,44,42.0
2178,40,44,42.0
2178,40,44,42.0
2178,40,44,42.0
2178,40,44,42.0
2178,40,44,42.0
2178,40,44,42.0
2178,40,44,42.0
2178,40,44,42.0
2178,40,44,42.0
2178,40,44,42.0
2178,40,44,42.0
2178,40,44,42.0
2178,40,44,42.0
2178,40,44,42.0
2178,40,44,42.0
2178,40,44,42.0
2178,40,44,42.0
2178,40,44,42.0
2178,40,44,42.0
2178,40,44,42.0
2179,40,44,42.0
2179,40,44,42.0
2179,40,44,42.0
2179,40,44,42.0
2179,40,44,42.0
2180,40,41,40.5
2180,40,41,40.5
2180,40,41,40.5
2180,40,41,40.5
2180,40,41,40.5
2180,40,41,40.5
2180,40,41,40.5
2180,40,41,40.5
2180,40,41,40.5
2180,40,41,40.5
2180,40,41,40.5
2180,40,41,40.5
2180,40,41,40.5
2180,40,41,40.5
2180,40,41,40.5
2180,40,41,40.5
2181,40,41,40.5
2181,40,41,40.5
2181,40,41,40.5
2181,40,41,40.5
2181,40,44,42.0
2181,40,44,42.0
2181,40,45,42.5
2181,40,46,43.0
2181,40,46,43.0
2181,40,47,43.5
2181,40,47,43.5
2181,40,47,43.5
2181,40,46,43.0
2181,40,46,43.0
2181,40,46,43.0
2181,40,46,43.0
2181,40,46,43.0
2181,40,46,43.0
2181,40,46,43.0
2181,40,46,43.0
2181,40,46,43.0
2181,40,46,43.0
2181,40,46,43.0
2181,40,46,43.0
2181,40,46,43.0
2181,40,46,43.0
2181,40,46,43.0
2181,40,46,43.0
2181,40,46,43.0
2181,40,46,43.0
2181,40,46,43.0
2181,40,46,43.0
2181,40,46,43.0
2181,40,46,43.0
2181,40,46,43.0
2181,40,46,43.0
2181,40,46,43.0
2181,40,46,43.0
2181,40,46,43.0
2181,40,46,43.0
2181,40,46,43.0
2181,40,46,43.0
2181,40,46,43.0
2181,40,46,43.0
2181,40,46,43.0
2181,40,46,43.0
2181,38,46,42.0
2181,38,46,42.0
2181,38,46,42.0
2181,37,46,41.5
2181,37,46,41.5
2181,37,46,41.5
2181,40,46,43.0
2181,40,46,43.0
2181,40,46,43.0
2181,40,46,43.0
2181,40,46,43.0
2181,41,46,43.5
2181,41,46,43.5
2181,41,46,43.5
2181,41,46,43.5
2181,41,46,43.5
2181,41,46,43.5
2181,40,46,43.0
2181,40,46,43.0
2181,40,46,43.0
2181,40,46,43.0
2181,40,46,43.0
2181,40,46,43.0
2181,40,46,43.0
2181,40,46,43.0
2181,40,46,43.0
2181,40,46,43.0
2181,40,46,43.0
2181,40,46,43.0
2181,40,46,43.0
2181,40,46,43.0
2181,40,46,43.0
2181,40,46,43.0
2181,40,46,43.0
2181,40,46,43.0
2181,40,46,43.0
2181,40,46,43.0
2181,40,46,43.0
2181,40,46,43.0
2181,40,46,43.0
2181,37,46,41.5
2181,38,46,42.0
2181,38,46,42.0
2181,38,46,42.0
2181,37,46,41.5
2181,37,46,41.5
2181,37,46,41.5
2181,37,46,41.5
2181,37,46,41.5
2181,38,46,42.0
2181,38,46,42.0
2181,38,46,42.0
2181,39,46,42.5
2181,39,46,42.5
2181,39,46,42.5
2181,39,46,42.5
2182,39,46,42.5
2182,39,46,42.5
2182,39,46,42.5
2182,39,46,42.5
2182,39,46,42.5
2182,39,46,42.5
2182,39,46,42.5
2182,39,46,42.5
2182,39,46,42.5
2182,39,46,42.5
2182,39,46,42.5
2182,39,46,42.5
2182,39,46,42.5
2182,39,46,42.5
2182,39,46,42.5
2182,39,46,42.5
2182,39,46,42.5
2182,39,46,42.5
2182,39,46,42.5
2182,39,46,42.5
2182,39,46,42.5
2182,39,46,42.5
2182,39,46,42.5
2182,39,46,42.5
2182,40,46,43.0
2182,40,46,43.0
2182,40,46,43.0
2182,40,46,43.0
2182,40,46,43.0
2182,40,46,43.0
2182,40,46,43.0
2182,40,46,43.0
2182,40,46,43.0
2182,40,46,43.0
2182,40,46,43.0
2182,40,46,43.0
2182,40,46,43.0
2182,40,46,43.0
2182,41,46,43.5
2183,41,46,43.5
2183,41,46,43.5
2183,41,46,43.5
2183,41,46,43.5
2183,41,46,43.5
2183,41,46,43.5
2183,41,46,43.5
2183,41,46,43.5
2183,41,47,44.0
2183,41,47,44.0
2183,41,47,44.0
2183,41,46,43.5
2183,41,46,43.5
2183,41,46,43.5
2183,41,46,43.5
2183,41,46,43.5
2183,41,46,43.5
2183,41,46,43.5
2183,41,46,43.5
2183,41,46,43.5
2183,41,46,43.5
2183,41,46,43.5
2183,40,46,43.0
2183,40,46,43.0
2183,40,46,43.0
2183,40,46,43.0
2183,40,46,43.0
2183,40,46,43.0
2183,40,46,43.0
2183,40,46,43.0
2183,40,46,43.0
2183,40,46,43.0
2183,40,46,43.0
2183,40,46,43.0
2183,40,46,43.0
2183,38,46,42.0
2183,38,46,42.0
2183,38,46,42.0
2183,37,46,41.5
2183,37,46,41.5
2183,37,46,41.5
2183,37,46,41.5
2183,37,46,41.5
2183,37,46,41.5
2183,37,46,41.5
2183,37,46,41.5
2183,37,46,41.5
2183,37,46,41.5
2183,40,46,43.0
2183,40,46,43.0
2183,40,46,43.0
2183,40,46,43.0
2183,40,46,43.0
2183,40,46,43.0
2183,38,46,42.0
2183,38,46,42.0
2183,38,46,42.0
2183,37,46,41.5
2183,37,46,41.5
2183,37,46,41.5
2183,37,46,41.5
2183,37,46,41.5
2183,37,46,41.5
2183,37,46,41.5
2183,37,46,41.5
2183,37,46,41.5
2183,37,46,41.5
2183,37,46,41.5
2183,37,46,41.5
2184,37,46,41.5
2184,37,46,41.5
2184,37,46,41.5
2184,37,46,41.5
2184,38,46,42.0
2184,38,46,42.0
2184,38,46,42.0
2184,38,46,42.0
2184,38,46,42.0
2184,38,46,42.0
2184,39,46,42.5
2184,39,46,42.5
2184,39,46,42.5
2184,39,46,42.5
2184,39,46,42.5
2184,37,46,41.5
2184,37,46,41.5
2184,37,46,41.5
2184,37,46,41.5
2184,37,46,41.5
2184,37,46,41.5
2184,37,46,41.5
2184,38,46,42.0
2184,38,46,42.0
2184,38,46,42.0
2184,38,46,42.0
2184,38,46,42.0
2184,38,46,42.0
2184,38,46,42.0
2184,38,46,42.0
2184,38,46,42.0
2184,39,46,42.5
2184,39,46,42.5
2184,39,46,42.5
2184,39,47,43.0
2184,39,47,43.0
2184,39,47,43.0
2184,39,47,43.0
2184,39,47,43.0
2184,39,47,43.0
2184,39,47,43.0
2184,37,47,42.0
2184,37,47,42.0
2184,37,46,41.5
2185,37,46,41.5
2185,37,46,41.5
2185,38,46,42.0
2185,38,46,42.0
2185,38,46,42.0
2185,38,46,42.0
2185,38,46,42.0
2185,38,46,42.0
2185,38,46,42.0
2185,38,46,42.0
2185,38,46,42.0
2185,38,46,42.0
2185,38,46,42.0
2185,38,46,42.0
2185,38,46,42.0
2185,38,46,42.0
2185,38,46,42.0
2185,38,46,42.0
2185,38,46,42.0
2185,38,46,42.0
2185,38,46,42.0
2185,39,46,42.5
2185,39,46,42.5
2185,39,46,42.5
2185,39,46,42.5
2185,39,46,42.5
2185,39,46,42.5
2185,39,46,42.5
2185,37,46,41.5
2185,38,46,42.0
2185,39,46,42.5
2185,39,46,42.5
2185,39,46,42.5
2185,39,46,42.5
2185,39,46,42.5
2185,39,46,42.5
2185,37,46,41.5
2186,37,46,41.5
2186,37,46,41.5
2186,38,46,42.0
2186,39,46,42.5
2186,39,46,42.5
2186,39,46,42.5
2186,39,46,42.5
2186,39,46,42.5
2186,39,46,42.5
2186,39,46,42.5
2186,39,46,42.5
2186,39,46,42.5
2186,39,46,42.5
2186,39,46,42.5
2186,39,46,42.5
2186,39,46,42.5
2186,39,46,42.5
2186,39,46,42.5
2186,38,46,42.0
2186,38,46,42.0
2186,38,46,42.0
2186,38,46,42.0
2186,38,46,42.0
2186,38,46,42.0
2186,38,46,42.0
2186,38,46,42.0
2186,39,46,42.5
2186,39,46,42.5
2186,39,46,42.5
2186,39,46,42.5
2186,39,46,42.5
2186,39,46,42.5
2186,39,46,42.5
2186,39,46,42.5
2186,39,46,42.5
2186,39,46,42.5
2186,39,46,42.5
2186,39,46,42.5
2186,39,46,42.5
2186,39,46,42.5
2186,39,46,42.5
2186,39,46,42.5
2186,39,46,42.5
2186,38,46,42.0
2186,38,46,42.0
2186,39,46,42.5
2186,39,46,42.5
2186,39,46,42.5
2186,39,46,42.5
2186,39,46,42.5
2186,39,46,42.5
2186,39,46,42.5
2186,39,46,42.5
2186,39,46,42.5
2187,39,46,42.5
2187,39,46,42.5
2187,39,46,42.5
2187,39,46,42.5
2187,39,46,42.5
2187,39,46,42.5
2187,39,46,42.5
2187,40,46,43.0
2187,40,46,43.0
2187,40,46,43.0
2187,40,46,43.0
2187,40,46,43.0
2187,40,46,43.0
2187,40,46,43.0
2187,40,46,43.0
2187,40,46,43.0
2187,40,46,43.0
2187,40,46,43.0
2187,40,46,43.0
2187,40,46,43.0
2187,40,46,43.0
2187,40,46,43.0
2187,40,46,43.0
2187,40,46,43.0
2187,40,46,43.0
2187,41,46,43.5
2187,41,46,43.5
2187,41,46,43.5
2187,41,46,43.5
2187,41,46,43.5
2187,41,46,43.5
2187,41,46,43.5
2187,41,46,43.5
2187,41,46,43.5
2187,41,46,43.5
2187,41,46,43.5
2187,41,46,43.5
2187,41,46,43.5
2187,41,46,43.5
2187,41,46,43.5
2187,41,46,43.5
2187,41,46,43.5
2188,41,46,43.5
2188,41,46,43.5
2188,41,46,43.5
2188,41,46,43.5
2188,41,46,43.5
2188,41,46,43.5
2188,41,46,43.5
2188,41,46,43.5
2188,41,46,43.5
2188,41,46,43.5
2188,41,46,43.5
2188,41,46,43.5
2188,41,46,43.5
2188,41,46,43.5
2188,41,46,43.5
2188,41,46,43.5
2188,41,46,43.5
2188,41,46,43.5
2188,41,46,43.5
2188,41,46,43.5
2188,41,46,43.5
2188,41,46,43.5
2188,41,46,43.5
2188,41,45,43.0
2188,41,45,43.0
2188,41,45,43.0
2188,41,45,43.0
2188,41,45,43.0
2188,41,45,43.0
2188,41,45,43.0
2188,41,45,43.0
2188,40,45,42.5
2188,40,45,42.5
2188,40,45,42.5
2188,40,45,42.5
2188,40,45,42.5
2188,40,45,42.5
2188,40,45,42.5
2188,40,45,42.5
2188,40,45,42.5
2188,40,45,42.5
2188,40,45,42.5
2188,40,45,42.5
2188,40,45,42.5
2188,40,45,42.5
2188,40,45,42.5
2188,40,45,42.5
2188,40,45,42.5
2188,40,45,42.5
2188,40,45,42.5
2188,40,45,42.5
2188,40,45,42.5
2188,40,45,42.5
2188,40,45,42.5
2188,40,45,42.5
2189,40,45,42.5
2189,40,45,42.5
2189,40,45,42.5
2189,40,44,42.0
2189,40,43,41.5
2189,40,43,41.5
2189,40,43,41.5
2189,40,43,41.5
2189,40,43,41.5
2189,40,43,41.5
2189,40,43,41.5
2189,40,43,41.5
2189,40,43,41.5
2189,40,43,41.5
2189,40,43,41.5
2189,40,43,41.5
2189,40,43,41.5
2189,40,43,41.5
2189,40,43,41.5
2189,40,43,41.5
2189,40,43,41.5
2189,40,43,41.5
2189,40,43,41.5
2189,40,43,41.5
2189,40,42,41.0
2189,40,42,41.0
2189,40,42,41.0
2189,40,42,41.0
2189,40,42,41.0
2189,40,42,41.0
2189,40,42,41.0
2189,40,42,41.0
2189,40,42,41.0
2189,40,42,41.0
2189,40,42,41.0
2189,40,42,41.0
2189,40,42,41.0
2189,40,42,41.0
2189,40,42,41.0
2189,40,42,41.0
2189,40,42,41.0
2189,40,42,41.0
2189,40,42,41.0
2189,40,42,41.0
2189,40,42,41.0
2189,40,42,41.0
2189,40,42,41.0
2189,40,42,41.0
2189,40,42,41.0
2189,38,42,40.0
2189,38,42,40.0
2189,37,42,39.5
2189,37,42,39.5
2189,37,42,39.5
2189,37,42,39.5
2189,37,41,39.0
2189,37,41,39.0
2189,37,41,39.0
2189,37,41,39.0
2189,37,41,39.0
2189,37,41,39.0
2189,37,41,39.0
2189,37,41,39.0
2189,37,41,39.0
2189,37,41,39.0
2189,37,41,39.0
2189,37,41,39.0
2189,37,41,39.0
2189,37,41,39.0
2189,37,41,39.0
2189,37,41,39.0
2189,37,41,39.0
2189,37,41,39.0
2189,37,41,39.0
2189,36,41,38.5
2189,36,41,38.5
2189,36,41,38.5
2189,36,41,38.5
2189,36,41,38.5
2189,36,41,38.5
2189,36,41,38.5
2189,36,41,38.5
2189,38,41,39.5
2189,38,41,39.5
2189,38,41,39.5
2189,38,41,39.5
2189,38,41,39.5
2189,38,41,39.5
2189,37,41,39.0
2189,37,41,39.0
2189,37,41,39.0
2189,36,41,38.5
2189,36,41,38.5
2189,36,41,38.5
2189,36,41,38.5
2189,36,41,38.5
2189,36,41,38.5
2189,37,41,39.0
2189,37,41,39.0
2189,37,41,39.0
2190,37,41,39.0
2190,37,41,39.0
2190,37,41,39.0
2190,37,40,38.5
2190,37,40,38.5
2190,37,40,38.5
2190,37,40,38.5
2190,37,40,38.5
2190,37,40,38.5
2190,37,40,38.5
2190,37,40,38.5
2190,37,40,38.5
2190,37,40,38.5
2190,37,40,38.5
2190,37,40,38.5
2190,37,40,38.5
2190,37,40,38.5
2190,37,40,38.5
2190,37,40,38.5
2190,37,40,38.5
2190,37,40,38.5
2190,37,40,38.5
2190,37,40,38.5
2190,37,40,38.5
2190,37,40,38.5
2190,37,40,38.5
2190,37,40,38.5
2190,37,40,38.5
2190,37,40,38.5
2190,37,40,38.5
2190,37,40,38.5
2190,37,40,38.5
2190,37,40,38.5
2190,37,40,38.5
2190,37,40,38.5
2190,37,40,38.5
2190,37,40,38.5
2190,37,40,38.5
2190,37,40,38.5
2190,37,40,38.5
2190,37,40,38.5
2190,37,40,38.5
2190,37,40,38.5
2190,37,40,38.5
2190,37,40,38.5
2190,37,40,38.5
2190,37,40,38.5
2190,37,40,38.5
2190,37,40,38.5
2190,37,40,38.5
2190,37,40,38.5
2190,37,40,38.5
2190,37,40,38.5
2190,37,40,38.5
2190,37,40,38.5
2190,37,40,38.5
2190,37,40,38.5
2190,37,40,38.5
2190,37,40,38.5
2190,37,40,38.5
2190,37,40,38.5
2190,37,40,38.5
2190,37,40,38.5
2190,37,40,38.5
2190,37,40,38.5
2190,37,40,38.5
2190,37,40,38.5
2190,37,40,38.5
2191,37,40,38.5
2191,37,40,38.5
2191,37,40,38.5
2191,37,40,38.5
2191,37,40,38.5
2191,37,40,38.5
2191,37,40,38.5
2191,37,40,38.5
2191,37,40,38.5
2191,37,40,38.5
2191,37,40,38.5
2191,37,40,38.5
2191,37,40,38.5
2191,37,40,38.5
2191,37,40,38.5
2191,37,40,38.5
2191,37,40,38.5
2191,37,40,38.5
2191,37,40,38.5
2191,37,40,38.5
2191,37,40,38.5
2191,37,40,38.5
2191,37,39,38.0
2191,37,39,38.0
2191,37,39,38.0
2191,37,39,38.0
2191,37,39,38.0
2191,37,39,38.0
2191,37,39,38.0
2191,37,39,38.0
2191,37,39,38.0
2191,37,39,38.0
2191,37,39,38.0
2191,37,39,38.0
2191,37,39,38.0
2191,37,39,38.0
2191,37,39,38.0
2192,37,39,38.0
2192,37,39,38.0
2192,37,39,38.0
2192,37,39,38.0
2192,37,39,38.0
2192,37,39,38.0
2192,37,39,38.0
2192,37,39,38.0
2192,37,39,38.0
2192,37,39,38.0
2192,37,39,38.0
2192,37,39,38.0
2192,37,39,38.0
2192,37,39,38.0
2192,37,39,38.0
2192,37,39,38.0
2192,37,39,38.0
2192,37,39,38.0
2192,37,39,38.0
2192,37,39,38.0
2192,37,39,38.0
2192,37,39,38.0
2192,37,39,38.0
2193,37,39,38.0
2193,37,39,38.0
2193,37,39,38.0
2193,37,39,38.0
2193,37,39,38.0
2193,37,39,38.0
2193,37,39,38.0
2193,37,39,38.0
2193,37,39,38.0
2193,37,39,38.0
2193,37,39,38.0
2193,37,39,38.0
2193,37,39,38.0
2194,37,39,38.0
2194,37,39,38.0
2194,37,39,38.0
2194,37,39,38.0
2194,37,39,38.0
2194,37,39,38.0
2194,37,39,38.0
2194,37,39,38.0
2194,37,39,38.0
2194,37,39,38.0
2194,37,39,38.0
2194,37,39,38.0
2194,37,39,38.0
2194,37,39,38.0
2195,37,39,38.0
2195,37,39,38.0
2195,37,39,38.0
2195,37,39,38.0
2195,37,39,38.0
2195,37,39,38.0
2195,37,39,38.0
2195,37,39,38.0
2195,37,39,38.0
2196,37,39,38.0
2196,37,39,38.0
2196,37,39,38.0
2196,37,39,38.0
2196,37,39,38.0
2196,37,39,38.0
2196,37,39,38.0
2196,37,39,38.0
2196,37,39,38.0
2196,37,39,38.0
2196,37,39,38.0
2196,37,39,38.0
2196,37,39,38.0
2197,37,39,38.0
2197,37,39,38.0
2197,37,39,38.0
2198,37,39,38.0
2198,37,39,38.0
2198,37,39,38.0
2198,37,39,38.0
2198,37,39,38.0
2198,37,39,38.0
2198,37,39,38.0
2198,37,39,38.0
2198,37,39,38.0
2198,37,39,38.0
2198,37,39,38.0
2198,37,39,38.0
2198,37,39,38.0
2198,37,39,38.0
2199,37,39,38.0
2199,37,39,38.0
2199,37,39,38.0
2199,37,39,38.0
2199,37,39,38.0
2199,37,39,38.0
2199,37,39,38.0
2199,37,39,38.0
2199,37,39,38.0
2199,37,39,38.0
2199,37,39,38.0
2199,37,39,38.0
2199,37,39,38.0
2199,37,39,38.0
2200,37,39,38.0
2200,37,39,38.0
2200,37,39,38.0
2200,37,39,38.0
2200,37,39,38.0
2200,37,39,38.0
2200,37,39,38.0
2200,37,39,38.0
2201,37,39,38.0
2201,37,39,38.0
2201,37,39,38.0
2201,37,39,38.0
2201,37,39,38.0
2201,37,39,38.0
2201,37,39,38.0
2201,37,39,38.0
2201,37,39,38.0
2201,37,39,38.0
2201,37,39,38.0
2202,37,38,37.5
2202,37,38,37.5
2202,37,38,37.5
2202,37,38,37.5
2202,37,38,37.5
2202,37,38,37.5
2202,37,38,37.5
2202,37,38,37.5
2202,37,38,37.5
2202,37,38,37.5
2202,37,38,37.5
2202,37,38,37.5
2202,37,38,37.5
2202,37,38,37.5
2202,37,38,37.5
2202,37,38,37.5
2202,37,38,37.5
2202,37,38,37.5
2202,37,38,37.5
2202,37,38,37.5
2202,37,38,37.5
2202,37,38,37.5
2202,37,38,37.5
2202,37,38,37.5
2202,37,38,37.5
2202,37,38,37.5
2203,37,38,37.5
2203,37,38,37.5
2203,37,38,37.5
2203,37,38,37.5
2203,37,38,37.5
2203,37,38,37.5
2203,37,38,37.5
2203,37,38,37.5
2203,37,38,37.5
2203,37,38,37.5
2203,37,38,37.5
2203,37,38,37.5
2203,37,38,37.5
2203,37,38,37.5
2203,37,38,37.5
2203,37,38,37.5
2203,37,38,37.5
2204,37,38,37.5
2204,37,38,37.5
2204,37,38,37.5
2204,37,38,37.5
2204,37,38,37.5
2204,37,38,37.5
2206,37,38,37.5
2206,37,38,37.5
2206,37,38,37.5
2206,37,38,37.5
2206,37,38,37.5
2206,37,38,37.5
2206,37,38,37.5
2206,37,38,37.5
2206,37,38,37.5
2206,37,38,37.5
2206,37,38,37.5
2206,37,38,37.5
2206,37,38,37.5
2206,37,38,37.5
2206,37,38,37.5
2206,37,38,37.5
2207,37,38,37.5
2207,37,38,37.5
2207,37,38,37.5
2208,37,38,37.5
2209,37,38,37.5
2209,37,38,37.5
2209,37,38,37.5
2209,37,38,37.5
2210,37,38,37.5
2210,37,38,37.5
2210,37,38,37.5
2210,37,38,37.5
2211,37,38,37.5
2211,37,38,37.5
2211,37,38,37.5
2211,37,38,37.5
2211,37,38,37.5
2211,37,38,37.5
2211,37,38,37.5
2212,37,38,37.5
2212,37,38,37.5
2212,37,38,37.5
2212,37,38,37.5
2213,37,38,37.5
2213,37,38,37.5
2213,37,38,37.5
2213,37,38,37.5
2213,37,38,37.5
2213,37,38,37.5
2213,37,38,37.5
2213,37,38,37.5
2213,37,38,37.5
2213,37,38,37.5
2213,37,38,37.5
2213,37,38,37.5
2213,37,38,37.5
2213,37,38,37.5
2213,37,38,37.5
2213,37,38,37.5
2213,37,38,37.5
2213,37,38,37.5
2213,37,38,37.5
2213,37,38,37.5
2213,37,38,37.5
2213,37,38,37.5
2213,37,38,37.5
2213,37,38,37.5
2213,37,38,37.5
2213,37,38,37.5
2213,37,38,37.5
2213,37,38,37.5
2213,37,38,37.5
2213,37,38,37.5
2213,37,38,37.5
2213,37,38,37.5
2213,37,38,37.5
2213,37,38,37.5
2213,37,38,37.5
2213,36,38,37.0
2213,36,38,37.0
2213,36,39,37.5
2213,36,39,37.5
2213,36,39,37.5
2213,37,39,38.0
2213,37,39,38.0
2213,37,39,38.0
2213,37,39,38.0
2213,37,39,38.0
2213,37,39,38.0
2213,37,39,38.0
2213,37,39,38.0
2213,37,39,38.0
2213,37,39,38.0
2213,37,39,38.0
2213,37,39,38.0
2213,37,39,38.0
2213,37,39,38.0
2213,37,39,38.0
2213,37,39,38.0
2213,37,39,38.0
2213,37,39,38.0
2213,37,39,38.0
2213,37,39,38.0
2213,37,39,38.0
2213,37,39,38.0
2213,37,39,38.0
2213,37,39,38.0
2213,37,39,38.0
2213,37,39,38.0
2213,37,39,38.0
2213,37,39,38.0
2213,37,39,38.0
2213,37,39,38.0
2213,37,39,38.0
2213,37,39,38.0
2213,37,39,38.0
2213,37,39,38.0
2213,37,39,38.0
2213,37,39,38.0
2213,37,39,38.0
2213,36,39,37.5
2213,36,39,37.5
2213,36,39,37.5
2213,36,41,38.5
2213,36,40,38.0
2213,36,40,38.0
2213,36,40,38.0
2213,36,40,38.0
2213,36,40,38.0
2213,36,40,38.0
2213,36,40,38.0
2213,36,40,38.0
2213,36,40,38.0
2213,36,40,38.0
2213,36,40,38.0
2213,36,40,38.0
2213,36,40,38.0
2213,36,40,38.0
2213,36,40,38.0
2213,36,40,38.0
2213,36,40,38.0
2213,36,40,38.0
2213,36,40,38.0
2213,36,40,38.0
2213,36,40,38.0
2213,36,40,38.0
2213,36,40,38.0
2213,36,40,38.0
2213,36,40,38.0
2213,36,40,38.0
2213,36,40,38.0
2213,36,40,38.0
2213,36,40,38.0
2213,36,40,38.0
2213,36,40,38.0
2213,36,42,39.0
2213,36,41,38.5
2213,36,41,38.5
2213,36,41,38.5
2213,36,41,38.5
2213,36,41,38.5
2214,36,41,38.5
2214,36,41,38.5
2214,36,41,38.5
2214,36,41,38.5
2214,36,41,38.5
2214,36,41,38.5
2214,36,41,38.5
2214,36,41,38.5
2214,36,41,38.5
2214,36,41,38.5
2214,36,41,38.5
2214,36,41,38.5
2214,36,41,38.5
2214,36,41,38.5
2214,36,41,38.5
2214,36,41,38.5
2214,36,41,38.5
2214,36,41,38.5
2214,36,41,38.5
2214,36,41,38.5
2214,36,41,38.5
2214,36,41,38.5
2214,36,41,38.5
2214,36,41,38.5
2214,36,41,38.5
2214,36,41,38.5
2214,36,41,38.5
2214,36,41,38.5
2214,36,41,38.5
2214,36,41,38.5
2214,36,41,38.5
2214,36,41,38.5
2214,36,41,38.5
2214,36,41,38.5
2214,36,41,38.5
2214,36,41,38.5
2214,36,41,38.5
2214,36,41,38.5
2214,36,41,38.5
2214,36,41,38.5
2214,36,41,38.5
2214,36,41,38.5
2214,36,41,38.5
2214,36,41,38.5
2214,36,41,38.5
2214,36,41,38.5
2214,36,41,38.5
2214,36,41,38.5
2214,36,41,38.5
2214,36,41,38.5
2214,36,41,38.5
2214,36,41,38.5
2214,36,41,38.5
2214,36,41,38.5
2214,36,41,38.5
2214,36,41,38.5
2214,36,41,38.5
2214,36,41,38.5
2214,36,41,38.5
2214,36,41,38.5
2214,36,41,38.5
2214,36,41,38.5
2214,36,41,38.5
2214,36,41,38.5
2214,36,41,38.5
2214,36,41,38.5
2214,36,41,38.5
2214,36,41,38.5
2214,36,41,38.5
2214,36,41,38.5
2214,36,41,38.5
2214,36,41,38.5
2214,36,41,38.5
2214,36,41,38.5
2214,36,41,38.5
2214,36,41,38.5
2214,36,41,38.5
2214,36,41,38.5
2214,36,41,38.5
2214,36,41,38.5
2214,36,41,38.5
2214,36,41,38.5
2214,36,41,38.5
2214,36,41,38.5
2214,35,41,38.0
2214,35,41,38.0
2214,35,41,38.0
2214,36,41,38.5
2214,36,41,38.5
2214,36,41,38.5
2214,36,41,38.5
2214,36,41,38.5
2214,36,41,38.5
2214,36,41,38.5
2214,36,41,38.5
2214,36,41,38.5
2214,36,41,38.5
2214,36,41,38.5
2214,36,41,38.5
2214,36,41,38.5
2214,36,41,38.5
2215,36,41,38.5
2215,36,41,38.5
2215,35,41,38.0
2215,35,41,38.0
2215,35,41,38.0
2215,35,41,38.0
2215,35,41,38.0
2215,35,41,38.0
2215,35,41,38.0
2215,35,41,38.0
2215,35,41,38.0
2215,35,41,38.0
2215,35,41,38.0
2215,35,41,38.0
2215,35,41,38.0
2215,35,41,38.0
2215,35,41,38.0
2215,35,41,38.0
2215,35,41,38.0
2215,35,41,38.0
2215,35,41,38.0
2215,35,41,38.0
2215,35,41,38.0
2215,35,41,38.0
2215,35,41,38.0
2215,35,41,38.0
2215,35,41,38.0
2215,35,41,38.0
2215,35,41,38.0
2215,35,41,38.0
2215,35,41,38.0
2215,35,41,38.0
2215,35,41,38.0
2215,35,41,38.0
2215,35,41,38.0
2215,35,41,38.0
2215,35,41,38.0
2216,34,41,37.5
2216,34,41,37.5
2216,34,41,37.5
2216,34,41,37.5
2216,35,41,38.0
2216,35,41,38.0
2216,35,41,38.0
2216,35,41,38.0
2216,35,41,38.0
2216,35,41,38.0
2216,35,41,38.0
2216,35,41,38.0
2216,35,41,38.0
2216,35,41,38.0
2216,35,41,38.0
2216,35,41,38.0
2216,35,41,38.0
2216,35,41,38.0
2216,35,41,38.0
2216,35,41,38.0
2216,35,41,38.0
2216,35,41,38.0
2216,35,41,38.0
2216,35,41,38.0
2216,35,41,38.0
2216,35,41,38.0
2216,35,41,38.0
2216,35,41,38.0
2216,35,41,38.0
2216,35,41,38.0
2216,35,41,38.0
2216,35,41,38.0
2216,35,41,38.0
2216,35,41,38.0
2216,35,41,38.0
2216,35,41,38.0
2216,35,41,38.0
2216,35,41,38.0
2216,35,41,38.0
2216,35,41,38.0
2216,35,41,38.0
2216,35,41,38.0
2216,35,41,38.0
2216,35,41,38.0
2216,35,41,38.0
2216,35,41,38.0
2216,35,41,38.0
2216,35,41,38.0
2216,35,41,38.0
2216,35,41,38.0
2216,35,41,38.0
2216,35,41,38.0
2216,35,41,38.0
2216,35,41,38.0
2217,35,41,38.0
2217,35,41,38.0
2217,35,41,38.0
2217,35,41,38.0
2217,35,41,38.0
2217,35,41,38.0
2217,35,41,38.0
2217,35,41,38.0
2217,35,41,38.0
2217,35,41,38.0
2217,35,41,38.0
2217,35,41,38.0
2217,35,41,38.0
2217,35,41,38.0
2217,35,41,38.0
2217,35,41,38.0
2217,36,41,38.5
2217,36,41,38.5
2217,36,41,38.5
2217,36,41,38.5
2217,36,41,38.5
2217,36,41,38.5
2217,36,41,38.5
2217,36,41,38.5
2217,36,41,38.5
2217,36,41,38.5
2217,36,41,38.5
2217,36,41,38.5
2217,36,41,38.5
2217,36,41,38.5
2217,36,41,38.5
2217,36,41,38.5
2217,36,41,38.5
2217,36,41,38.5
2217,36,41,38.5
2217,36,41,38.5
2217,36,41,38.5
2217,36,41,38.5
2217,36,41,38.5
2217,37,41,39.0
2217,37,41,39.0
2217,37,41,39.0
2217,37,41,39.0
2217,37,41,39.0
2217,37,41,39.0
2217,37,41,39.0
2217,37,41,39.0
2217,37,41,39.0
2217,37,41,39.0
2217,37,41,39.0
2217,37,41,39.0
2217,37,41,39.0
2217,37,41,39.0
2217,37,41,39.0
2217,37,41,39.0
2217,36,41,38.5
2217,36,41,38.5
2217,36,41,38.5
2217,36,41,38.5
2217,36,41,38.5
2217,36,41,38.5
2217,36,41,38.5
2217,36,41,38.5
2217,37,41,39.0
2217,37,41,39.0
2217,37,41,39.0
2217,37,41,39.0
2217,37,41,39.0
2217,37,41,39.0
2218,37,41,39.0
2218,37,41,39.0
2218,37,41,39.0
2218,37,41,39.0
2218,37,41,39.0
2218,37,41,39.0
2218,37,41,39.0
2218,37,41,39.0
2218,37,41,39.0
2218,37,41,39.0
2218,37,41,39.0
2218,37,41,39.0
2218,37,41,39.0
2218,37,41,39.0
2218,37,41,39.0
2218,37,41,39.0
2218,37,41,39.0
2218,37,41,39.0
2218,37,41,39.0
2218,37,41,39.0
2218,37,41,39.0
2218,37,41,39.0
2218,37,41,39.0
2218,37,41,39.0
2218,38,41,39.5
2218,38,41,39.5
2218,38,41,39.5
2218,38,41,39.5
2218,38,41,39.5
2218,38,41,39.5
2218,38,41,39.5
2218,36,41,38.5
2218,36,41,38.5
2218,36,41,38.5
2218,36,41,38.5
2218,36,41,38.5
2218,36,41,38.5
2218,37,41,39.0
2218,37,41,39.0
2218,37,41,39.0
2218,38,41,39.5
2219,38,41,39.5
2219,38,41,39.5
2219,38,41,39.5
2219,38,41,39.5
2219,38,41,39.5
2219,38,41,39.5
2219,38,41,39.5
2219,38,41,39.5
2219,38,41,39.5
2219,38,41,39.5
2219,36,41,38.5
2219,36,41,38.5
2219,36,41,38.5
2219,36,41,38.5
2219,36,41,38.5
2219,36,41,38.5
2219,36,41,38.5
2219,36,41,38.5
2219,36,41,38.5
2219,36,41,38.5
2219,36,41,38.5
2219,36,41,38.5
2219,36,41,38.5
2219,36,41,38.5
2219,36,41,38.5
2219,36,41,38.5
2219,36,41,38.5
2219,37,41,39.0
2219,37,41,39.0
2219,37,41,39.0
2219,37,41,39.0
2219,37,41,39.0
2219,37,41,39.0
2219,37,41,39.0
2220,37,41,39.0
2220,37,41,39.0
2220,37,41,39.0
2220,37,41,39.0
2220,37,41,39.0
2220,37,41,39.0
2220,37,41,39.0
2220,37,41,39.0
2220,37,41,39.0
2220,37,41,39.0
2220,37,41,39.0
2220,37,41,39.0
2220,37,41,39.0
2220,37,41,39.0
2220,37,41,39.0
2220,37,41,39.0
2220,37,41,39.0
2220,37,41,39.0
2220,37,41,39.0
2220,37,41,39.0
2220,37,41,39.0
2220,37,41,39.0
2220,38,41,39.5
2220,38,41,39.5
2220,38,41,39.5
2220,38,41,39.5
2220,38,41,39.5
2220,38,41,39.5
2220,38,41,39.5
2220,38,41,39.5
2220,38,41,39.5
2220,38,41,39.5
2220,38,41,39.5
2220,38,41,39.5
2220,38,41,39.5
2220,38,41,39.5
2220,38,41,39.5
2220,38,41,39.5
2220,38,41,39.5
2221,38,41,39.5
2221,38,41,39.5
2221,38,41,39.5
2221,38,41,39.5
2221,38,41,39.5
2221,38,41,39.5
2221,38,41,39.5
2221,38,41,39.5
2222,38,41,39.5
2222,38,41,39.5
2222,38,41,39.5
2222,38,41,39.5
2222,38,41,39.5
2222,38,41,39.5
2222,38,42,40.0
2222,38,42,40.0
2222,38,42,40.0
2222,38,44,41.0
2222,38,44,41.0
2222,38,44,41.0
2222,38,44,41.0
2222,38,44,41.0
2222,38,44,41.0
2222,38,44,41.0
2222,38,44,41.0
2222,38,44,41.0
2222,38,44,41.0
2223,38,44,41.0
2223,38,44,41.0
2223,38,44,41.0
2223,38,44,41.0
2223,38,44,41.0
2223,38,44,41.0
2223,38,44,41.0
2223,38,44,41.0
2223,38,44,41.0
2223,38,44,41.0
2223,38,44,41.0
2223,38,44,41.0
2223,38,44,41.0
2223,38,44,41.0
2223,38,44,41.0
2223,38,44,41.0
2223,38,44,41.0
2223,38,44,41.0
2223,38,44,41.0
2223,38,44,41.0
2223,38,44,41.0
2223,38,44,41.0
2223,38,44,41.0
2223,38,44,41.0
2223,38,44,41.0
2223,38,44,41.0
2223,38,44,41.0
2223,38,44,41.0
2224,38,44,41.0
2224,38,44,41.0
2224,38,44,41.0
2224,38,44,41.0
2224,38,44,41.0
2224,38,44,41.0
2224,38,44,41.0
2224,36,44,40.0
2224,38,44,41.0
2224,38,44,41.0
2224,38,44,41.0
2224,38,44,41.0
2224,38,44,41.0
2224,38,44,41.0
2224,38,44,41.0
2224,36,44,40.0
2224,36,44,40.0
2224,36,44,40.0
2224,36,44,40.0
2224,36,44,40.0
2224,36,44,40.0
2224,36,44,40.0
2224,38,44,41.0
2224,38,44,41.0
2224,38,44,41.0
2224,38,44,41.0
2224,38,44,41.0
2224,38,44,41.0
2224,38,44,41.0
2224,38,44,41.0
2224,38,44,41.0
2224,38,44,41.0
2224,38,44,41.0
2224,37,44,40.5
2224,37,44,40.5
2224,37,44,40.5
2224,36,44,40.0
2224,36,44,40.0
2224,36,44,40.0
2224,36,44,40.0
2224,36,44,40.0
2224,37,44,40.5
2224,37,44,40.5
2224,37,44,40.5
2224,37,44,40.5
2224,37,44,40.5
2224,37,44,40.5
2225,37,44,40.5
2225,37,44,40.5
2225,37,44,40.5
2225,37,44,40.5
2225,37,44,40.5
2225,37,44,40.5
2225,37,44,40.5
2225,37,44,40.5
2226,37,44,40.5
2226,37,44,40.5
2226,37,44,40.5
2226,39,44,41.5
2226,39,44,41.5
2226,39,44,41.5
2226,39,44,41.5
2226,39,44,41.5
2226,39,44,41.5
2226,39,44,41.5
2226,39,44,41.5
2226,39,44,41.5
2226,39,44,41.5
2226,39,44,41.5
2226,39,44,41.5
2226,39,44,41.5
2226,39,44,41.5
2226,39,44,41.5
2226,39,44,41.5
2226,39,44,41.5
2226,39,44,41.5
2226,39,44,41.5
2226,39,44,41.5
2226,39,44,41.5
2226,39,44,41.5
2226,39,44,41.5
2226,39,44,41.5
2226,39,44,41.5
2226,39,44,41.5
2226,39,44,41.5
2226,39,44,41.5
2226,39,44,41.5
2226,39,44,41.5
2226,39,44,41.5
2226,39,44,41.5
2226,39,44,41.5
2226,39,44,41.5
2226,39,44,41.5
2226,39,44,41.5
2226,39,44,41.5
2226,39,44,41.5
2226,39,44,41.5
2226,39,44,41.5
2226,39,44,41.5
2226,39,44,41.5
2226,39,44,41.5
2226,39,44,41.5
2226,39,44,41.5
2226,39,44,41.5
2226,39,44,41.5
2226,39,44,41.5
2226,39,44,41.5
2226,39,44,41.5
2226,39,44,41.5
2226,39,44,41.5
2226,39,44,41.5
2226,39,44,41.5
2226,39,44,41.5
2226,39,44,41.5
2226,39,44,41.5
2226,39,44,41.5
2226,39,44,41.5
2226,39,44,41.5
2226,39,44,41.5
2226,39,44,41.5
2226,39,44,41.5
2226,39,44,41.5
2226,39,44,41.5
2226,39,44,41.5
2226,39,44,41.5
2226,39,44,41.5
2226,39,44,41.5
2226,39,44,41.5
2226,39,44,41.5
2226,39,44,41.5
2226,39,44,41.5
2226,39,44,41.5
2226,39,44,41.5
2226,39,44,41.5
2226,39,44,41.5
2226,39,44,41.5
2226,39,44,41.5
2226,39,44,41.5
2226,39,44,41.5
2226,39,44,41.5
2226,39,44,41.5
2226,39,44,41.5
2226,39,44,41.5
2227,39,44,41.5
2227,39,44,41.5
2227,40,44,42.0
2227,40,44,42.0
2227,40,44,42.0
2227,40,44,42.0
2227,40,44,42.0
2227,40,44,42.0
2227,40,44,42.0
2227,40,44,42.0
2227,40,44,42.0
2227,40,44,42.0
2227,40,44,42.0
2227,40,44,42.0
2227,40,44,42.0
2227,40,44,42.0
2227,40,44,42.0
2227,40,44,42.0
2227,40,44,42.0
2227,40,44,42.0
2227,40,44,42.0
2227,40,44,42.0
2227,40,44,42.0
2227,40,44,42.0
2227,40,44,42.0
2227,40,44,42.0
2227,40,44,42.0
2227,40,44,42.0
2227,40,44,42.0
2227,40,44,42.0
2227,40,44,42.0
2227,40,44,42.0
2227,40,44,42.0
2227,40,44,42.0
2227,40,44,42.0
2227,40,44,42.0
2227,40,44,42.0
2227,40,44,42.0
2227,40,44,42.0
2227,40,44,42.0
2227,40,44,42.0
2227,40,44,42.0
2227,40,44,42.0
2227,40,44,42.0
2227,40,44,42.0
2227,40,44,42.0
2227,40,44,42.0
2227,40,44,42.0
2227,40,44,42.0
2227,40,44,42.0
2227,40,44,42.0
2227,40,44,42.0
2227,40,44,42.0
2227,40,44,42.0
2227,40,44,42.0
2227,40,44,42.0
2227,40,44,42.0
2227,40,44,42.0
2227,40,44,42.0
2227,40,44,42.0
2227,40,44,42.0
2227,40,44,42.0
2227,40,44,42.0
2227,40,44,42.0
2227,40,44,42.0
2227,40,44,42.0
2228,40,44,42.0
2228,40,44,42.0
2228,40,44,42.0
2228,40,44,42.0
2228,40,44,42.0
2228,40,44,42.0
2228,40,44,42.0
2228,40,44,42.0
2228,40,44,42.0
2228,40,44,42.0
2228,40,44,42.0
2228,40,44,42.0
2228,40,44,42.0
2228,40,44,42.0
2228,40,44,42.0
2228,40,44,42.0
2228,40,44,42.0
2228,40,44,42.0
2228,40,44,42.0
2228,40,44,42.0
2228,40,44,42.0
2228,40,44,42.0
2228,40,44,42.0
2228,40,44,42.0
2228,40,44,42.0
2228,40,44,42.0
2228,40,44,42.0
2228,40,44,42.0
2228,40,44,42.0
2228,40,44,42.0
2228,40,44,42.0
2228,40,44,42.0
2228,40,44,42.0
2228,40,44,42.0
2228,40,44,42.0
2228,40,44,42.0
2228,40,44,42.0
2228,40,44,42.0
2228,40,44,42.0
2229,40,44,42.0
2229,40,44,42.0
2229,40,44,42.0
2229,40,44,42.0
2229,40,44,42.0
2229,40,44,42.0
2229,40,44,42.0
2229,40,44,42.0
2229,40,44,42.0
2229,40,44,42.0
2229,40,44,42.0
2229,40,44,42.0
2229,40,44,42.0
2229,40,44,42.0
2229,40,44,42.0
2229,40,44,42.0
2229,40,44,42.0
2229,40,44,42.0
2229,40,44,42.0
2229,40,44,42.0
2229,40,44,42.0
2229,40,44,42.0
2229,40,44,42.0
2229,40,44,42.0
2229,40,44,42.0
2229,40,44,42.0
2229,40,44,42.0
2229,40,44,42.0
2229,40,44,42.0
2230,40,44,42.0
2230,40,44,42.0
2230,40,44,42.0
2230,40,44,42.0
2230,40,44,42.0
2230,40,44,42.0
2230,40,44,42.0
2230,40,44,42.0
2230,40,44,42.0
2230,40,43,41.5
2230,40,43,41.5
2230,40,43,41.5
2230,40,43,41.5
2230,40,43,41.5
2230,40,43,41.5
2230,40,43,41.5
2230,40,43,41.5
2230,40,43,41.5
2230,40,43,41.5
2230,40,43,41.5
2230,40,43,41.5
2230,40,43,41.5
2230,40,43,41.5
2230,40,43,41.5
2230,40,43,41.5
2230,40,43,41.5
2230,40,42,41.0
2230,40,42,41.0
2230,40,42,41.0
2230,40,42,41.0
2230,40,42,41.0
2230,40,42,41.0
2230,40,42,41.0
2230,40,42,41.0
2230,40,42,41.0
2230,40,42,41.0
2230,40,42,41.0
2230,40,42,41.0
2230,40,42,41.0
2230,40,42,41.0
2230,40,42,41.0
2230,40,42,41.0
2230,40,42,41.0
2230,40,42,41.0
2230,40,42,41.0
2230,40,42,41.0
2230,40,42,41.0
2230,40,42,41.0
2230,40,42,41.0
2231,40,42,41.0
2231,40,42,41.0
2231,40,42,41.0
2231,40,42,41.0
2231,40,42,41.0
2231,40,42,41.0
2231,40,42,41.0
2231,40,42,41.0
2231,40,42,41.0
2231,40,42,41.0
2231,40,42,41.0
2231,40,42,41.0
2231,40,42,41.0
2231,40,42,41.0
2232,40,42,41.0
2232,40,42,41.0
2232,40,42,41.0
2232,40,42,41.0
2232,40,42,41.0
2232,40,42,41.0
2232,40,42,41.0
2232,40,42,41.0
2232,40,42,41.0
2232,40,42,41.0
2232,40,42,41.0
2232,40,42,41.0
2232,40,42,41.0
2232,40,42,41.0
2232,40,42,41.0
2232,40,41,40.5
2232,40,41,40.5
2232,40,41,40.5
2232,40,41,40.5
2232,40,41,40.5
2232,40,41,40.5
2232,40,41,40.5
2232,40,41,40.5
2232,40,41,40.5
2232,40,41,40.5
2233,40,41,40.5
2233,40,41,40.5
2233,40,41,40.5
2233,40,41,40.5
2233,40,41,40.5
2233,40,41,40.5
2233,40,41,40.5
2233,40,41,40.5
2233,40,41,40.5
2233,40,41,40.5
2233,40,41,40.5
2233,40,41,40.5
2233,40,41,40.5
2233,40,41,40.5
2233,40,41,40.5
2233,40,41,40.5
2233,40,41,40.5
2233,40,41,40.5
2233,40,41,40.5
2233,40,41,40.5
2233,40,41,40.5
2233,40,41,40.5
2233,40,41,40.5
2233,40,41,40.5
2233,40,41,40.5
2233,40,41,40.5
2234,40,41,40.5
2234,40,41,40.5
2234,40,41,40.5
2234,40,41,40.5
2234,40,41,40.5
2234,40,41,40.5
2235,40,41,40.5
2235,40,41,40.5
2235,40,41,40.5
2235,40,41,40.5
2235,40,41,40.5
2235,40,41,40.5
2235,40,41,40.5
2235,40,41,40.5
2235,40,41,40.5
2235,40,41,40.5
2236,40,41,40.5
2236,40,41,40.5
2236,40,41,40.5
2236,40,41,40.5
2236,40,41,40.5
2236,40,41,40.5
2236,40,41,40.5
2236,40,41,40.5
2236,40,41,40.5
2236,40,41,40.5
2236,40,41,40.5
2236,40,41,40.5
2236,40,41,40.5
2236,40,41,40.5
2236,40,41,40.5
2237,40,41,40.5
2237,40,41,40.5
2237,40,41,40.5
2237,40,41,40.5
2237,40,41,40.5
2237,40,41,40.5
2237,40,41,40.5
2237,40,41,40.5
2237,40,41,40.5
2237,40,41,40.5
2237,40,41,40.5
2238,40,41,40.5
2238,40,41,40.5
2238,40,41,40.5
2238,40,41,40.5
2239,40,41,40.5
2239,40,41,40.5
2239,40,41,40.5
2239,40,41,40.5
2239,40,41,40.5
2239,40,41,40.5
2239,40,41,40.5
2240,40,41,40.5
2240,40,41,40.5
2240,40,41,40.5
2240,40,41,40.5
2240,40,41,40.5
2240,40,41,40.5
2240,40,41,40.5
2240,40,41,40.5
2240,40,41,40.5
2241,40,41,40.5
2241,40,41,40.5
2241,40,41,40.5
2241,40,41,40.5
2242,40,41,40.5
2242,40,41,40.5
2242,40,41,40.5
2242,40,41,40.5
2242,40,41,40.5
2243,40,41,40.5
2243,40,41,40.5
2243,40,41,40.5
2243,40,41,40.5
2243,40,41,40.5
2243,40,41,40.5
2244,40,41,40.5
2244,40,41,40.5
2245,40,41,40.5
2245,40,41,40.5
2246,40,41,40.5
2246,40,41,40.5
2246,40,41,40.5
2246,40,41,40.5
2246,40,41,40.5
2246,40,41,40.5
2246,40,41,40.5
2246,40,41,40.5
2247,40,41,40.5
2247,40,41,40.5
2248,40,41,40.5
2249,40,41,40.5
2249,40,41,40.5
2249,40,41,40.5
2249,40,41,40.5
2249,40,41,40.5
2249,40,41,40.5
2249,40,41,40.5
2249,40,41,40.5
2249,40,41,40.5
2249,40,41,40.5
2249,40,41,40.5
2249,40,41,40.5
2249,40,41,40.5
2249,40,41,40.5
2249,40,41,40.5
2249,40,41,40.5
2249,40,41,40.5
2249,40,41,40.5
2249,40,41,40.5
2249,40,41,40.5
2249,40,41,40.5
2249,40,41,40.5
2249,40,41,40.5
2249,40,41,40.5
2249,40,41,40.5
2249,40,41,40.5
2249,40,41,40.5
2249,40,41,40.5
2249,40,41,40.5
2249,40,41,40.5
2249,40,41,40.5
2249,40,41,40.5
2249,40,41,40.5
2249,40,41,40.5
2249,40,41,40.5
2249,40,41,40.5
2249,40,41,40.5
2249,40,41,40.5
2249,39,41,40.0
2249,39,41,40.0
2249,39,41,40.0
2249,39,41,40.0
2250,39,41,40.0
2250,40,41,40.5
2250,40,41,40.5
2250,40,41,40.5
2250,40,41,40.5
2250,40,41,40.5
2250,40,41,40.5
2250,40,41,40.5
2250,40,41,40.5
2250,40,41,40.5
2250,40,42,41.0
2250,40,42,41.0
2250,40,42,41.0
2250,40,42,41.0
2250,40,42,41.0
2250,40,42,41.0
2250,40,42,41.0
2250,40,42,41.0
2250,40,42,41.0
2250,40,42,41.0
2250,40,42,41.0
2250,40,42,41.0
2250,40,42,41.0
2250,40,42,41.0
2250,40,42,41.0
2250,40,42,41.0
2250,40,42,41.0
2250,40,42,41.0
2250,40,42,41.0
2250,40,42,41.0
2250,40,44,42.0
2250,40,43,41.5
2250,40,43,41.5
2250,40,43,41.5
2250,40,43,41.5
2250,40,43,41.5
2250,40,43,41.5
2250,40,43,41.5
2250,40,43,41.5
2250,40,43,41.5
2250,40,43,41.5
2250,40,43,41.5
2250,40,43,41.5
2250,40,43,41.5
2250,40,43,41.5
2250,40,43,41.5
2250,40,43,41.5
2250,40,43,41.5
2250,40,43,41.5
2250,40,43,41.5
2250,40,43,41.5
2250,40,43,41.5
2250,40,43,41.5
2250,40,43,41.5
2250,40,43,41.5
2250,40,43,41.5
2250,40,43,41.5
2250,40,43,41.5
2250,40,43,41.5
2250,40,43,41.5
2250,40,43,41.5
2250,40,43,41.5
2250,40,45,42.5
2250,40,44,42.0
2250,40,44,42.0
2250,40,44,42.0
2250,40,44,42.0
2250,40,44,42.0
2250,40,44,42.0
2250,40,44,42.0
2250,40,44,42.0
2250,40,44,42.0
2250,40,44,42.0
2250,40,44,42.0
2250,39,44,41.5
2250,39,44,41.5
2250,39,44,41.5
2250,39,44,41.5
2250,39,44,41.5
2250,39,44,41.5
2250,39,44,41.5
2250,39,44,41.5
2250,39,44,41.5
2250,39,44,41.5
2250,39,44,41.5
2250,39,44,41.5
2250,39,44,41.5
2250,39,44,41.5
2250,39,44,41.5
2250,40,44,42.0
2250,40,44,42.0
2250,40,44,42.0
2250,40,44,42.0
2250,40,44,42.0
2250,40,44,42.0
2250,40,44,42.0
2250,40,44,42.0
2250,40,44,42.0
2250,40,44,42.0
2250,40,44,42.0
2250,40,44,42.0
2250,40,44,42.0
2250,40,44,42.0
2250,40,44,42.0
2250,40,44,42.0
2250,40,44,42.0
2250,40,44,42.0
2250,40,44,42.0
2250,40,44,42.0
2250,40,44,42.0
2250,40,44,42.0
2250,40,44,42.0
2250,40,44,42.0
2250,40,44,42.0
2250,40,44,42.0
2250,40,44,42.0
2250,40,44,42.0
2250,40,44,42.0
2250,40,44,42.0
2250,40,44,42.0
2250,40,44,42.0
2250,40,44,42.0
2250,40,44,42.0
2250,38,44,41.0
2250,39,44,41.5
2250,39,44,41.5
2250,39,44,41.5
2250,39,44,41.5
2250,39,44,41.5
2250,39,44,41.5
2250,39,44,41.5
2250,39,44,41.5
2250,39,44,41.5
2250,39,44,41.5
2250,39,44,41.5
2250,39,44,41.5
2250,36,44,40.0
2251,36,44,40.0
2251,36,44,40.0
2251,36,44,40.0
2251,36,44,40.0
2251,36,44,40.0
2251,36,44,40.0
2251,36,44,40.0
2251,38,44,41.0
2251,38,44,41.0
2251,38,44,41.0
2251,38,44,41.0
2251,38,44,41.0
2251,38,44,41.0
2251,38,44,41.0
2251,38,44,41.0
2251,38,44,41.0
2251,38,44,41.0
2251,38,44,41.0
2251,38,44,41.0
2251,38,44,41.0
2251,38,44,41.0
2251,39,44,41.5
2251,39,44,41.5
2251,39,44,41.5
2251,39,44,41.5
2251,39,44,41.5
2251,39,44,41.5
2251,37,44,40.5
2251,37,44,40.5
2251,37,44,40.5
2251,37,44,40.5
2251,36,44,40.0
2251,36,44,40.0
2251,36,44,40.0
2251,36,44,40.0
2251,36,44,40.0
2251,36,44,40.0
2251,37,44,40.5
2251,37,44,40.5
2251,37,44,40.5
2251,37,44,40.5
2251,37,44,40.5
2251,37,44,40.5
2251,37,44,40.5
2251,37,44,40.5
2251,37,44,40.5
2251,37,44,40.5
2251,38,44,41.0
2251,38,44,41.0
2251,38,44,41.0
2251,38,44,41.0
2251,38,44,41.0
2251,38,44,41.0
2251,38,44,41.0
2251,38,44,41.0
2251,38,44,41.0
2251,38,44,41.0
2251,38,44,41.0
2251,38,44,41.0
2251,38,44,41.0
2251,38,44,41.0
2251,38,44,41.0
2251,38,44,41.0
2252,38,44,41.0
2252,38,44,41.0
2252,38,44,41.0
2252,38,44,41.0
2252,38,44,41.0
2252,39,44,41.5
2252,39,44,41.5
2252,39,44,41.5
2252,39,44,41.5
2252,39,44,41.5
2252,39,44,41.5
2252,39,44,41.5
2252,39,44,41.5
2252,39,44,41.5
2252,39,44,41.5
2252,39,44,41.5
2252,39,44,41.5
2252,39,44,41.5
2252,39,44,41.5
2252,39,44,41.5
2252,39,44,41.5
2252,39,44,41.5
2252,39,44,41.5
2252,39,44,41.5
2252,39,44,41.5
2252,39,44,41.5
2252,39,44,41.5
2252,39,44,41.5
2252,39,44,41.5
2252,39,44,41.5
2252,39,44,41.5
2252,39,44,41.5
2252,39,44,41.5
2252,39,44,41.5
2252,39,44,41.5
2252,40,44,42.0
2252,40,44,42.0
2252,40,44,42.0
2252,40,44,42.0
2253,40,44,42.0
2253,40,44,42.0
2253,40,44,42.0
2254,40,44,42.0
2254,40,44,42.0
2254,40,44,42.0
2254,40,44,42.0
2254,40,44,42.0
2254,40,44,42.0
2254,40,44,42.0
2254,40,44,42.0
2254,40,44,42.0
2254,40,44,42.0
2254,40,44,42.0
2254,40,44,42.0
2254,40,44,42.0
2254,40,44,42.0
2254,40,44,42.0
2254,40,44,42.0
2254,40,44,42.0
2254,40,44,42.0
2254,40,44,42.0
2254,40,44,42.0
2254,40,44,42.0
2254,40,44,42.0
2254,40,44,42.0
2254,40,44,42.0
2254,40,44,42.0
2254,40,44,42.0
2254,40,44,42.0
2254,40,44,42.0
2254,40,44,42.0
2254,40,44,42.0
2254,40,44,42.0
2254,40,44,42.0
2254,40,44,42.0
2254,40,44,42.0
2254,40,44,42.0
2254,38,44,41.0
2254,38,44,41.0
2254,38,44,41.0
2254,38,44,41.0
2254,38,44,41.0
2254,38,44,41.0
2254,38,44,41.0
2254,38,44,41.0
2254,38,44,41.0
2254,38,44,41.0
2254,38,44,41.0
2254,38,44,41.0
2254,38,44,41.0
2254,38,44,41.0
2254,38,44,41.0
2254,38,44,41.0
2254,39,44,41.5
2254,39,44,41.5
2254,39,44,41.5
2254,39,44,41.5
2254,39,44,41.5
2254,39,44,41.5
2254,39,44,41.5
2254,36,44,40.0
2254,36,44,40.0
2254,37,44,40.5
2254,37,44,40.5
2254,37,44,40.5
2254,38,44,41.0
2254,38,44,41.0
2254,38,44,41.0
2254,38,44,41.0
2254,38,44,41.0
2254,38,44,41.0
2254,38,44,41.0
2254,38,44,41.0
2254,37,44,40.5
2254,37,44,40.5
2254,37,44,40.5
2255,39,44,41.5
2255,39,44,41.5
2255,39,44,41.5
2255,37,44,40.5
2255,37,44,40.5
2255,37,44,40.5
2255,37,44,40.5
2255,37,44,40.5
2255,37,44,40.5
2255,37,44,40.5
2255,38,44,41.0
2255,38,44,41.0
2255,38,44,41.0
2255,38,44,41.0
2255,38,44,41.0
2255,38,44,41.0
2255,38,44,41.0
2255,38,44,41.0
2255,38,44,41.0
2255,38,44,41.0
2255,38,44,41.0
2255,38,44,41.0
2255,38,44,41.0
2255,38,44,41.0
2255,38,44,41.0
2255,39,44,41.5
2255,39,44,41.5
2255,39,44,41.5
2255,39,44,41.5
2255,39,44,41.5
2255,39,44,41.5
2255,39,44,41.5
2255,39,44,41.5
2255,39,44,41.5
2256,39,44,41.5
2256,39,44,41.5
2256,39,44,41.5
2256,39,44,41.5
2256,39,44,41.5
2256,39,44,41.5
2256,39,44,41.5
2256,39,44,41.5
2256,37,44,40.5
2256,37,44,40.5
2256,37,44,40.5
2256,37,44,40.5
2256,37,44,40.5
2256,37,44,40.5
2256,37,44,40.5
2256,37,44,40.5
2256,38,44,41.0
2256,38,44,41.0
2256,38,44,41.0
2256,38,44,41.0
2256,38,44,41.0
2256,38,44,41.0
2256,38,44,41.0
2256,38,44,41.0
2256,38,44,41.0
2256,37,44,40.5
2256,37,44,40.5
2256,37,44,40.5
2256,37,44,40.5
2256,37,44,40.5
2256,37,44,40.5
2256,37,44,40.5
2256,37,44,40.5
2256,37,44,40.5
2256,37,44,40.5
2256,37,44,40.5
2256,37,44,40.5
2256,37,44,40.5
2256,37,44,40.5
2256,37,44,40.5
2256,38,44,41.0
2256,38,44,41.0
2256,38,44,41.0
2256,38,44,41.0
2256,38,44,41.0
2256,38,44,41.0
2256,38,44,41.0
2256,38,44,41.0
2256,38,44,41.0
2256,38,44,41.0
2256,38,44,41.0
2256,38,44,41.0
2256,38,44,41.0
2256,38,44,41.0
2257,38,44,41.0
2257,38,44,41.0
2257,38,44,41.0
2257,38,44,41.0
2257,38,44,41.0
2257,38,44,41.0
2257,39,44,41.5
2257,39,44,41.5
2257,39,44,41.5
2257,39,44,41.5
2257,39,44,41.5
2257,39,44,41.5
2258,39,44,41.5
2258,36,44,40.0
2258,36,44,40.0
2258,36,44,40.0
2258,36,44,40.0
2258,36,44,40.0
2258,36,44,40.0
2258,36,44,40.0
2258,36,44,40.0
2258,37,44,40.5
2258,37,44,40.5
2258,37,44,40.5
2258,37,44,40.5
2258,37,44,40.5
2258,37,44,40.5
2258,37,44,40.5
2258,37,44,40.5
2258,37,44,40.5
2258,37,44,40.5
2258,37,44,40.5
2258,37,44,40.5
2258,37,44,40.5
2258,37,44,40.5
2258,37,44,40.5
2258,37,44,40.5
2258,37,44,40.5
2258,37,44,40.5
2258,37,44,40.5
2258,37,44,40.5
2258,37,44,40.5
2258,37,44,40.5
2258,37,44,40.5
2258,37,44,40.5
2258,38,44,41.0
2258,38,44,41.0
2258,38,44,41.0
2258,38,44,41.0
2258,38,44,41.0
2258,38,44,41.0
2258,38,44,41.0
2258,38,44,41.0
2258,38,44,41.0
2258,38,44,41.0
2258,38,44,41.0
2258,38,44,41.0
2258,38,44,41.0
2258,38,44,41.0
2258,38,44,41.0
2258,38,44,41.0
2258,38,44,41.0
2258,38,44,41.0
2258,38,44,41.0
2258,38,44,41.0
2258,38,44,41.0
2258,38,44,41.0
2258,38,44,41.0
2259,38,44,41.0
2259,38,44,41.0
2259,38,44,41.0
2259,38,44,41.0
2259,39,44,41.5
2259,39,44,41.5
2259,39,44,41.5
2259,39,44,41.5
2259,39,44,41.5
2259,39,44,41.5
2259,39,44,41.5
2259,39,44,41.5
2259,39,44,41.5
2259,39,44,41.5
2259,39,44,41.5
2259,39,44,41.5
2259,39,44,41.5
2259,39,44,41.5
2259,39,44,41.5
2259,39,44,41.5
2259,39,44,41.5
2259,39,44,41.5
2259,39,44,41.5
2259,39,44,41.5
2259,39,44,41.5
2259,39,44,41.5
2260,39,44,41.5
2260,39,44,41.5
2260,39,44,41.5
2260,39,44,41.5
2260,39,44,41.5
2260,39,44,41.5
2260,37,44,40.5
2260,37,44,40.5
2260,37,44,40.5
2260,37,44,40.5
2260,37,44,40.5
2260,37,44,40.5
2260,37,44,40.5
2260,37,44,40.5
2260,37,44,40.5
2260,37,44,40.5
2260,37,44,40.5
2260,38,44,41.0
2260,38,44,41.0
2260,38,44,41.0
2260,38,44,41.0
2261,38,44,41.0
2261,38,44,41.0
2261,38,44,41.0
2261,38,44,41.0
2261,38,44,41.0
2261,38,44,41.0
2261,38,44,41.0
2261,38,44,41.0
2261,38,44,41.0
2261,38,44,41.0
2261,38,44,41.0
2261,38,44,41.0
2261,38,44,41.0
2261,38,44,41.0
2261,38,44,41.0
2261,38,44,41.0
2261,38,44,41.0
2261,38,44,41.0
2261,38,44,41.0
2261,38,44,41.0
2261,38,44,41.0
2261,38,44,41.0
2261,38,44,41.0
2261,38,44,41.0
2261,38,44,41.0
2261,38,44,41.0
2261,38,44,41.0
2261,38,44,41.0
2261,39,44,41.5
2261,39,44,41.5
2261,39,44,41.5
2261,39,44,41.5
2261,39,44,41.5
2261,39,44,41.5
2261,39,44,41.5
2261,39,44,41.5
2261,39,44,41.5
2261,39,44,41.5
2261,39,44,41.5
2261,39,44,41.5
2261,39,44,41.5
2261,39,44,41.5
2261,39,44,41.5
2261,39,44,41.5
2261,39,44,41.5
2261,39,44,41.5
2261,39,44,41.5
2261,39,44,41.5
2261,39,44,41.5
2261,40,44,42.0
2261,40,44,42.0
2261,40,44,42.0
2261,40,44,42.0
2261,40,44,42.0
2261,40,44,42.0
2261,41,44,42.5
2261,41,44,42.5
2261,41,44,42.5
2261,41,44,42.5
2261,41,44,42.5
2261,41,44,42.5
2261,41,44,42.5
2261,41,44,42.5
2261,41,44,42.5
2261,42,44,43.0
2261,42,44,43.0
2261,42,44,43.0
2261,42,44,43.0
2261,42,44,43.0
2261,42,44,43.0
2261,42,44,43.0
2261,42,44,43.0
2261,42,44,43.0
2261,42,44,43.0
2261,42,44,43.0
2261,42,46,44.0
2261,42,45,43.5
2261,42,45,43.5
2261,42,45,43.5
2261,42,45,43.5
2261,42,45,43.5
2261,42,45,43.5
2261,42,45,43.5
2261,42,45,43.5
2261,42,45,43.5
2261,42,45,43.5
2261,42,45,43.5
2261,42,45,43.5
2261,42,45,43.5
2261,42,45,43.5
2261,42,45,43.5
2261,42,45,43.5
2261,42,45,43.5
2261,42,45,43.5
2261,42,45,43.5
2261,42,45,43.5
2261,42,45,43.5
2261,42,45,43.5
2261,42,45,43.5
2261,42,45,43.5
2261,42,45,43.5
2261,42,45,43.5
2261,42,45,43.5
2261,42,45,43.5
2261,42,45,43.5
2261,42,45,43.5
2261,42,45,43.5
2261,42,45,43.5
2261,42,45,43.5
2261,42,45,43.5
2261,42,45,43.5
2261,42,45,43.5
2261,42,45,43.5
2261,42,45,43.5
2261,42,45,43.5
2261,43,45,44.0
2261,43,45,44.0
2261,43,45,44.0
2261,43,45,44.0
2261,43,45,44.0
2261,43,45,44.0
2261,43,45,44.0
2261,43,45,44.0
2261,43,45,44.0
2261,43,45,44.0
2261,43,45,44.0
2261,43,45,44.0
2261,43,45,44.0
2261,43,45,44.0
2261,43,45,44.0
2261,43,45,44.0
2261,43,45,44.0
2261,43,45,44.0
2261,43,45,44.0
2261,43,45,44.0
2261,43,45,44.0
2261,43,45,44.0
2261,43,45,44.0
2261,43,45,44.0
2261,43,45,44.0
2261,43,45,44.0
2261,43,45,44.0
2261,43,45,44.0
2262,43,45,44.0
2262,43,45,44.0
2262,43,45,44.0
2262,43,45,44.0
2262,43,45,44.0
2262,43,45,44.0
2262,43,45,44.0
2262,43,45,44.0
2262,43,45,44.0
2262,43,45,44.0
2262,43,45,44.0
2262,43,45,44.0
2262,43,45,44.0
2262,43,45,44.0
2262,43,45,44.0
2262,43,45,44.0
2262,43,45,44.0
2262,43,45,44.0
2262,43,45,44.0
2262,43,45,44.0
2262,43,45,44.0
2262,43,45,44.0
2262,43,45,44.0
2262,43,45,44.0
2263,43,45,44.0
2263,43,45,44.0
2263,43,45,44.0
2263,43,45,44.0
2263,43,45,44.0
2263,44,45,44.5
2263,44,45,44.5
2263,44,45,44.5
2263,44,45,44.5
2263,44,45,44.5
2263,44,45,44.5
2263,44,45,44.5
2263,44,45,44.5
2264,44,45,44.5
2264,44,45,44.5
2264,44,45,44.5
2264,44,45,44.5
2264,44,45,44.5
2264,44,45,44.5
2264,44,45,44.5
2264,44,45,44.5
2264,44,45,44.5
2264,44,45,44.5
2264,44,45,44.5
2264,44,45,44.5
2264,44,45,44.5
2264,44,45,44.5
2264,44,45,44.5
2264,44,45,44.5
2264,44,45,44.5
2264,44,45,44.5
2264,44,45,44.5
2264,44,45,44.5
2264,44,45,44.5
2264,44,45,44.5
2264,44,45,44.5
2264,44,45,44.5
2264,44,45,44.5
2264,44,45,44.5
2264,44,45,44.5
2264,44,45,44.5
2264,44,45,44.5
2264,44,45,44.5
2264,44,45,44.5
2265,44,45,44.5
2265,44,45,44.5
2265,44,45,44.5
2265,44,45,44.5
2265,44,45,44.5
2265,44,45,44.5
2265,44,45,44.5
2265,44,45,44.5
2265,44,45,44.5
2265,44,45,44.5
2265,44,45,44.5
2265,43,45,44.0
2265,43,44,43.5
2265,43,44,43.5
2265,43,44,43.5
2265,43,44,43.5
2265,43,44,43.5
2265,43,44,43.5
2265,43,44,43.5
2265,43,44,43.5
2265,43,44,43.5
2265,43,44,43.5
2265,43,44,43.5
2265,43,44,43.5
2265,43,44,43.5
2265,43,44,43.5
2265,43,44,43.5
2265,43,44,43.5
2265,43,44,43.5
2265,43,44,43.5
2265,43,44,43.5
2265,43,44,43.5
2265,43,44,43.5
2266,43,44,43.5
2266,43,44,43.5
2266,43,44,43.5
2266,43,44,43.5
2266,43,44,43.5
2266,43,44,43.5
2266,43,44,43.5
2266,43,44,43.5
2266,43,44,43.5
2266,43,44,43.5
2266,43,44,43.5
2266,43,44,43.5
2266,43,44,43.5
2267,43,44,43.5
2267,43,44,43.5
2267,43,44,43.5
2267,43,44,43.5
2267,43,44,43.5
2267,43,44,43.5
2267,43,44,43.5
2267,43,44,43.5
2267,43,44,43.5
2267,43,44,43.5
2267,43,44,43.5
2267,43,44,43.5
2267,43,44,43.5
2267,43,44,43.5
2267,43,44,43.5
2267,43,44,43.5
2268,43,44,43.5
2268,43,44,43.5
2268,43,44,43.5
2268,43,44,43.5
2268,43,44,43.5
2268,43,44,43.5
2268,43,44,43.5
2268,43,44,43.5
2268,43,44,43.5
2268,43,44,43.5
2269,43,44,43.5
2269,43,44,43.5
2269,43,44,43.5
2269,43,44,43.5
2269,43,44,43.5
2269,43,44,43.5
2269,43,44,43.5
2269,43,44,43.5
2269,43,44,43.5
2270,43,44,43.5
2270,43,44,43.5
2270,43,44,43.5
2270,43,44,43.5
2270,43,44,43.5
2270,43,44,43.5
2270,43,44,43.5
2270,43,44,43.5
2270,43,44,43.5
2270,43,44,43.5
2270,43,44,43.5
2270,43,44,43.5
2270,43,44,43.5
2270,43,44,43.5
2270,43,44,43.5
2270,43,45,44.0
2270,43,45,44.0
2270,44,45,44.5
2270,44,45,44.5
2270,44,45,44.5
2270,44,45,44.5
2270,44,45,44.5
2270,44,45,44.5
2270,44,45,44.5
2270,44,45,44.5
2270,44,45,44.5
2270,44,45,44.5
2270,44,45,44.5
2270,44,45,44.5
2270,44,45,44.5
2270,44,45,44.5
2270,44,45,44.5
2270,44,45,44.5
2270,44,45,44.5
2270,44,45,44.5
2270,44,45,44.5
2270,44,45,44.5
2270,44,45,44.5
2270,44,45,44.5
2270,44,45,44.5
2270,44,45,44.5
2270,44,45,44.5
2270,44,45,44.5
2270,44,45,44.5
2270,44,45,44.5
2270,44,45,44.5
2270,44,45,44.5
2270,44,45,44.5
2270,44,45,44.5
2270,44,45,44.5
2270,44,45,44.5
2270,44,45,44.5
2270,44,45,44.5
2270,44,45,44.5
2270,44,45,44.5
2270,44,45,44.5
2271,44,45,44.5
2271,44,45,44.5
2271,44,45,44.5
2271,44,45,44.5
2271,44,45,44.5
2271,44,45,44.5
2271,44,45,44.5
2271,44,45,44.5
2271,44,45,44.5
2271,44,45,44.5
2271,44,45,44.5
2271,44,45,44.5
2271,44,45,44.5
2271,44,45,44.5
2271,44,45,44.5
2272,44,45,44.5
2272,44,45,44.5
2272,44,45,44.5
2272,44,45,44.5
2272,44,45,44.5
2273,44,45,44.5
2273,44,45,44.5
2273,44,45,44.5
2273,44,45,44.5
2273,44,45,44.5
2273,44,45,44.5
2273,44,45,44.5
2274,44,45,44.5
2274,44,45,44.5
2274,44,45,44.5
2274,44,45,44.5
2274,44,45,44.5
2274,44,45,44.5
2274,44,45,44.5
2274,44,45,44.5
2274,44,45,44.5
2274,44,45,44.5
2274,44,45,44.5
2274,44,45,44.5
2274,44,45,44.5
2274,44,45,44.5
2275,44,45,44.5
2275,44,45,44.5
2275,44,45,44.5
2275,44,45,44.5
2275,44,45,44.5
2275,44,45,44.5
2275,44,45,44.5
2275,44,45,44.5
2275,44,45,44.5
2275,44,45,44.5
2275,44,45,44.5
2275,44,45,44.5
2275,44,45,44.5
2275,44,45,44.5
2275,44,45,44.5
2275,44,45,44.5
2275,44,45,44.5
2275,44,45,44.5
2275,44,45,44.5
2275,44,45,44.5
2275,44,45,44.5
2275,44,45,44.5
2275,44,45,44.5
2275,44,45,44.5
2275,44,45,44.5
2275,44,45,44.5
2275,44,45,44.5
2275,44,45,44.5
2275,44,45,44.5
2275,44,45,44.5
2275,44,45,44.5
2275,44,45,44.5
2275,44,45,44.5
2275,44,45,44.5
2275,44,45,44.5
2275,44,45,44.5
2275,44,45,44.5
2275,44,45,44.5
2275,44,45,44.5
2275,44,45,44.5
2275,44,45,44.5
2275,44,45,44.5
2275,44,45,44.5
2275,44,45,44.5
2275,44,45,44.5
2275,44,45,44.5
2275,44,45,44.5
2275,44,45,44.5
2275,44,45,44.5
2276,44,45,44.5
2276,44,45,44.5
2276,44,45,44.5
2276,44,45,44.5
2276,44,45,44.5
2276,44,45,44.5
2276,44,45,44.5
2276,44,45,44.5
2276,44,45,44.5
2276,44,45,44.5
2276,44,45,44.5
2276,44,45,44.5
2276,44,45,44.5
2276,44,45,44.5
2276,44,45,44.5
2276,44,45,44.5
2276,44,45,44.5
2276,44,45,44.5
2276,44,45,44.5
2276,44,45,44.5
2276,44,45,44.5
2276,43,45,44.0
2276,43,45,44.0
2276,43,45,44.0
2276,43,45,44.0
2276,43,45,44.0
2276,43,45,44.0
2276,43,45,44.0
2276,43,45,44.0
2276,43,45,44.0
2276,43,45,44.0
2276,43,45,44.0
2276,43,45,44.0
2276,43,45,44.0
2276,43,45,44.0
2276,43,45,44.0
2276,43,45,44.0
2276,43,45,44.0
2276,43,45,44.0
2276,43,45,44.0
2276,43,45,44.0
2276,43,45,44.0
2276,43,45,44.0
2276,43,45,44.0
2276,43,45,44.0
2276,43,45,44.0
2276,43,45,44.0
2276,43,45,44.0
2276,43,45,44.0
2276,43,45,44.0
2276,43,45,44.0
2276,43,45,44.0
2276,43,45,44.0
2276,43,45,44.0
2276,43,45,44.0
2276,43,45,44.0
2276,43,45,44.0
2276,43,45,44.0
2276,43,45,44.0
2276,43,45,44.0
2276,43,45,44.0
2276,43,45,44.0
2277,43,45,44.0
2277,43,45,44.0
2277,43,45,44.0
2277,43,45,44.0
2277,43,45,44.0
2277,43,45,44.0
2277,43,45,44.0
2277,43,45,44.0
2277,43,45,44.0
2277,43,45,44.0
2277,43,45,44.0
2277,43,45,44.0
2277,43,45,44.0
2277,43,45,44.0
2277,43,45,44.0
2277,43,45,44.0
2277,43,45,44.0
2277,43,45,44.0
2277,43,45,44.0
2277,43,45,44.0
2277,43,45,44.0
2277,43,45,44.0
2277,43,45,44.0
2277,43,45,44.0
2277,43,45,44.0
2277,43,45,44.0
2277,43,45,44.0
2277,43,45,44.0
2277,43,45,44.0
2277,43,45,44.0
2277,43,45,44.0
2277,43,45,44.0
2277,43,45,44.0
2277,43,45,44.0
2277,43,45,44.0
2277,43,45,44.0
2277,43,45,44.0
2277,43,45,44.0
2277,43,45,44.0
2277,43,45,44.0
2277,43,45,44.0
2277,43,45,44.0
2277,43,45,44.0
2277,43,45,44.0
2277,43,45,44.0
2277,43,45,44.0
2277,43,45,44.0
2277,43,45,44.0
2277,43,45,44.0
2277,43,45,44.0
2277,43,45,44.0
2277,43,45,44.0
2277,43,45,44.0
2277,43,45,44.0
2277,43,45,44.0
2277,43,45,44.0
2277,43,45,44.0
2277,43,45,44.0
2277,43,45,44.0
2277,43,45,44.0
2277,43,45,44.0
2277,43,45,44.0
2277,43,45,44.0
2277,43,45,44.0
2277,43,45,44.0
2277,43,45,44.0
2277,43,45,44.0
2277,43,45,44.0
2277,43,45,44.0
2277,43,45,44.0
2278,43,45,44.0
2278,43,45,44.0
2278,43,45,44.0
2278,43,45,44.0
2278,43,45,44.0
2279,43,45,44.0
2279,43,45,44.0
2279,43,45,44.0
2279,43,45,44.0
2279,43,45,44.0
2279,43,45,44.0
2279,43,45,44.0
2279,43,45,44.0
2279,43,45,44.0
2279,43,45,44.0
2279,43,46,44.5
2279,43,46,44.5
2279,43,46,44.5
2279,43,46,44.5
2279,43,46,44.5
2279,43,47,45.0
2279,43,47,45.0
2279,43,47,45.0
2279,43,47,45.0
2279,43,47,45.0
2279,43,47,45.0
2279,43,47,45.0
2279,43,47,45.0
2279,43,47,45.0
2279,43,47,45.0
2279,43,47,45.0
2279,43,47,45.0
2279,43,47,45.0
2279,43,47,45.0
2279,43,47,45.0
2279,43,47,45.0
2279,43,47,45.0
2279,43,47,45.0
2279,43,47,45.0
2279,43,47,45.0
2279,43,47,45.0
2279,43,47,45.0
2280,43,47,45.0
2280,43,47,45.0
2280,43,47,45.0
2280,43,47,45.0
2280,43,47,45.0
2280,43,47,45.0
2280,43,47,45.0
2280,43,47,45.0
2280,43,47,45.0
2280,43,47,45.0
2280,43,47,45.0
2280,44,47,45.5
2280,44,47,45.5
2280,44,47,45.5
2280,44,47,45.5
2280,44,47,45.5
2280,44,47,45.5
2280,44,47,45.5
2280,44,47,45.5
2280,44,47,45.5
2280,44,47,45.5
2280,44,47,45.5
2280,44,47,45.5
2280,44,47,45.5
2280,44,47,45.5
2280,44,47,45.5
2280,44,47,45.5
2280,44,47,45.5
2280,44,47,45.5
2280,44,47,45.5
2280,44,47,45.5
2280,44,47,45.5
2280,44,47,45.5
2280,44,47,45.5
2280,44,47,45.5
2280,44,47,45.5
2280,44,47,45.5
2280,44,47,45.5
2280,44,47,45.5
2280,44,47,45.5
2280,44,47,45.5
2280,44,47,45.5
2280,44,47,45.5
2280,44,47,45.5
2280,44,47,45.5
2280,44,47,45.5
2280,44,47,45.5
2280,44,47,45.5
2280,44,47,45.5
2280,44,47,45.5
2280,44,47,45.5
2280,44,47,45.5
2280,44,47,45.5
2280,44,47,45.5
2281,44,47,45.5
2281,44,47,45.5
2281,44,47,45.5
2281,44,47,45.5
2281,44,47,45.5
2281,44,47,45.5
2281,44,47,45.5
2281,44,47,45.5
2281,44,47,45.5
2281,44,47,45.5
2281,44,47,45.5
2281,44,47,45.5
2281,44,47,45.5
2281,44,47,45.5
2281,44,47,45.5
2281,44,47,45.5
2281,44,47,45.5
2281,44,47,45.5
2281,44,47,45.5
2281,44,47,45.5
2281,44,47,45.5
2281,44,47,45.5
2281,44,47,45.5
2282,44,47,45.5
2282,44,47,45.5
2282,44,47,45.5
2282,44,47,45.5
2282,44,47,45.5
2282,44,47,45.5
2282,44,47,45.5
2282,44,47,45.5
2282,44,47,45.5
2282,44,47,45.5
2282,44,47,45.5
2282,44,47,45.5
2282,44,47,45.5
2282,44,47,45.5
2282,44,47,45.5
2282,44,47,45.5
2282,44,47,45.5
2282,44,47,45.5
2282,44,47,45.5
2282,44,47,45.5
2282,44,47,45.5
2282,44,47,45.5
2282,44,47,45.5
2282,44,47,45.5
2282,44,47,45.5
2282,44,47,45.5
2282,44,47,45.5
2283,44,47,45.5
2283,44,47,45.5
2283,44,47,45.5
2283,44,47,45.5
2283,44,47,45.5
2283,44,47,45.5
2283,44,47,45.5
2283,44,47,45.5
2283,44,47,45.5
2283,44,47,45.5
2283,44,47,45.5
2283,44,47,45.5
2283,44,47,45.5
2283,44,47,45.5
2283,44,47,45.5
2283,44,47,45.5
2283,44,47,45.5
2283,44,47,45.5
2283,44,47,45.5
2283,44,47,45.5
2283,44,47,45.5
2283,44,47,45.5
2283,44,47,45.5
2283,44,47,45.5
2283,44,47,45.5
2283,44,47,45.5
2283,44,47,45.5
2283,44,47,45.5
2283,44,47,45.5
2283,44,47,45.5
2284,44,47,45.5
2284,44,47,45.5
2284,44,47,45.5
2284,44,47,45.5
2284,44,47,45.5
2284,44,47,45.5
2284,44,47,45.5
2284,44,47,45.5
2284,44,47,45.5
2284,44,47,45.5
2284,44,47,45.5
2284,44,47,45.5
2284,44,47,45.5
2284,44,47,45.5
2284,44,47,45.5
2284,44,46,45.0
2284,44,46,45.0
2284,44,46,45.0
2284,44,46,45.0
2284,44,46,45.0
2284,44,46,45.0
2284,44,46,45.0
2284,44,46,45.0
2284,44,46,45.0
2284,44,46,45.0
2284,44,46,45.0
2284,44,46,45.0
2284,44,46,45.0
2284,44,46,45.0
2285,44,46,45.0
2285,44,46,45.0
2285,44,46,45.0
2285,44,46,45.0
2285,44,46,45.0
2285,44,46,45.0
2285,44,46,45.0
2285,44,46,45.0
2285,44,46,45.0
2285,44,46,45.0
2285,44,46,45.0
2285,43,46,44.5
2285,43,46,44.5
2285,43,46,44.5
2285,43,46,44.5
2285,43,46,44.5
2285,43,46,44.5
2285,43,46,44.5
2285,43,46,44.5
2285,43,46,44.5
2285,43,46,44.5
2285,43,46,44.5
2285,43,46,44.5
2285,43,46,44.5
2285,44,46,45.0
2285,44,46,45.0
2285,44,46,45.0
2285,44,46,45.0
2285,44,46,45.0
2285,44,46,45.0
2285,44,46,45.0
2285,44,46,45.0
2285,44,46,45.0
2285,44,46,45.0
2285,44,46,45.0
2285,44,46,45.0
2285,44,46,45.0
2285,44,46,45.0
2285,44,46,45.0
2285,44,46,45.0
2285,44,46,45.0
2285,44,46,45.0
2285,44,46,45.0
2285,44,46,45.0
2285,44,46,45.0
2285,44,46,45.0
2285,44,46,45.0
2285,44,46,45.0
2285,44,46,45.0
2285,43,46,44.5
2285,43,46,44.5
2285,43,46,44.5
2285,43,46,44.5
2285,43,46,44.5
2285,43,46,44.5
2285,43,46,44.5
2285,43,47,45.0
2285,43,47,45.0
2285,43,47,45.0
2285,43,47,45.0
2285,43,47,45.0
2285,43,47,45.0
2285,43,47,45.0
2285,43,47,45.0
2285,43,47,45.0
2285,43,47,45.0
2286,43,46,44.5
2286,43,46,44.5
2286,43,46,44.5
2286,43,46,44.5
2286,43,46,44.5
2286,43,46,44.5
2286,43,46,44.5
2286,43,46,44.5
2286,43,46,44.5
2286,43,46,44.5
2286,43,46,44.5
2286,43,46,44.5
2286,43,46,44.5
2286,43,46,44.5
2286,43,46,44.5
2286,43,46,44.5
2286,43,46,44.5
2286,43,46,44.5
2286,43,46,44.5
2286,43,47,45.0
2286,43,47,45.0
2286,43,47,45.0
2286,43,47,45.0
2286,43,47,45.0
2286,43,47,45.0
2286,43,47,45.0
2286,43,47,45.0
2286,43,47,45.0
2286,43,47,45.0
2286,43,47,45.0
2286,43,47,45.0
2286,43,47,45.0
2286,43,47,45.0
2286,43,47,45.0
2286,43,47,45.0
2286,43,47,45.0
2286,43,47,45.0
2286,43,47,45.0
2286,43,47,45.0
2286,43,47,45.0
2286,43,47,45.0
2286,43,47,45.0
2286,43,47,45.0
2286,43,47,45.0
2286,43,47,45.0
2286,43,47,45.0
2286,43,47,45.0
2286,43,47,45.0
2286,43,47,45.0
2286,43,47,45.0
2286,43,47,45.0
2286,43,47,45.0
2286,43,47,45.0
2286,43,47,45.0
2286,43,47,45.0
2286,43,47,45.0
2286,43,47,45.0
2286,43,47,45.0
2286,43,47,45.0
2286,43,47,45.0
2286,43,47,45.0
2287,43,47,45.0
2287,43,47,45.0
2287,43,47,45.0
2287,43,47,45.0
2287,43,47,45.0
2287,43,47,45.0
2287,43,47,45.0
2287,43,47,45.0
2287,43,47,45.0
2287,43,47,45.0
2287,43,47,45.0
2287,43,47,45.0
2287,43,47,45.0
2287,43,47,45.0
2287,43,47,45.0
2287,43,47,45.0
2287,43,47,45.0
2287,43,47,45.0
2287,43,47,45.0
2287,43,47,45.0
2287,43,47,45.0
2288,43,47,45.0
2288,43,47,45.0
2288,43,47,45.0
2288,43,47,45.0
2288,43,47,45.0
2288,43,47,45.0
2288,43,47,45.0
2288,43,47,45.0
2289,43,47,45.0
2289,43,47,45.0
2289,43,47,45.0
2289,43,47,45.0
2289,43,47,45.0
2289,43,47,45.0
2289,43,47,45.0
2290,43,47,45.0
2290,43,47,45.0
2290,43,47,45.0
2290,43,47,45.0
2290,43,47,45.0
2290,43,47,45.0
2290,43,47,45.0
2291,43,47,45.0
2291,43,47,45.0
2291,43,47,45.0
2291,43,47,45.0
2291,43,47,45.0
2292,45,47,46.0
2292,45,47,46.0
2292,45,47,46.0
2292,45,47,46.0
2292,45,47,46.0
2292,45,47,46.0
2292,45,47,46.0
2292,45,47,46.0
2292,45,47,46.0
2292,45,47,46.0
2292,45,47,46.0
2292,45,47,46.0
2292,45,47,46.0
2292,45,47,46.0
2292,45,47,46.0
2292,45,47,46.0
2292,45,47,46.0
2292,45,47,46.0
2292,45,47,46.0
2292,45,47,46.0
2292,45,47,46.0
2292,45,47,46.0
2292,45,47,46.0
2292,45,47,46.0
2292,45,47,46.0
2292,45,47,46.0
2292,45,47,46.0
2292,45,47,46.0
2292,45,47,46.0
2292,45,47,46.0
2292,45,47,46.0
2292,45,47,46.0
2292,45,47,46.0
2292,45,47,46.0
2292,45,47,46.0
2292,45,47,46.0
2292,45,47,46.0
2292,45,47,46.0
2292,45,47,46.0
2292,45,47,46.0
2292,45,47,46.0
2292,45,47,46.0
2292,45,47,46.0
2292,45,47,46.0
2292,45,47,46.0
2292,45,47,46.0
2292,45,47,46.0
2292,45,47,46.0
2292,45,47,46.0
2292,45,47,46.0
2293,45,47,46.0
2293,45,47,46.0
2293,45,47,46.0
2293,45,47,46.0
2293,45,47,46.0
2293,45,47,46.0
2293,45,47,46.0
2293,45,47,46.0
2293,46,47,46.5
2293,46,47,46.5
2293,46,47,46.5
2293,46,47,46.5
2293,46,47,46.5
2293,46,48,47.0
2293,46,48,47.0
2293,46,48,47.0
2293,46,48,47.0
2293,46,48,47.0
2293,46,48,47.0
2293,46,48,47.0
2293,46,48,47.0
2293,46,48,47.0
2293,46,48,47.0
2293,46,48,47.0
2293,46,48,47.0
2293,46,48,47.0
2293,46,48,47.0
2293,46,48,47.0
2293,46,48,47.0
2293,46,48,47.0
2293,46,48,47.0
2293,46,48,47.0
2293,46,48,47.0
2293,46,48,47.0
2293,46,48,47.0
2293,46,48,47.0
2294,46,48,47.0
2294,46,48,47.0
2294,46,48,47.0
2294,46,48,47.0
2294,46,48,47.0
2294,46,48,47.0
2294,46,48,47.0
2294,46,48,47.0
2294,46,48,47.0
2294,46,48,47.0
2295,46,48,47.0
2295,46,48,47.0
2295,46,48,47.0
2295,46,48,47.0
2295,46,48,47.0
2295,46,48,47.0
2295,46,48,47.0
2295,46,48,47.0
2295,46,48,47.0
2295,46,48,47.0
2295,46,48,47.0
2295,46,48,47.0
2295,46,48,47.0
2295,46,48,47.0
2295,46,48,47.0
2296,46,48,47.0
2296,46,48,47.0
2296,46,48,47.0
2296,46,48,47.0
2296,46,48,47.0
2296,46,48,47.0
2296,46,48,47.0
2296,46,48,47.0
2296,46,48,47.0
2296,46,48,47.0
2296,46,48,47.0
2297,46,48,47.0
2297,46,48,47.0
2297,46,48,47.0
2297,46,48,47.0
2297,46,48,47.0
2297,46,48,47.0
2297,46,48,47.0
2297,46,48,47.0
2297,46,48,47.0
2297,46,48,47.0
2297,46,48,47.0
2297,46,48,47.0
2297,46,48,47.0
2297,46,48,47.0
2297,46,48,47.0
2298,46,48,47.0
2298,46,48,47.0
2298,46,48,47.0
2298,46,48,47.0
2298,46,48,47.0
2298,46,48,47.0
2298,47,48,47.5
2298,47,48,47.5
2298,47,48,47.5
2298,47,48,47.5
2298,47,48,47.5
2298,47,48,47.5
2298,47,48,47.5
2298,47,48,47.5
2298,47,48,47.5
2298,47,48,47.5
2299,47,48,47.5
2299,47,48,47.5
2299,47,48,47.5
2299,47,48,47.5
2299,47,48,47.5
2299,47,48,47.5
2299,47,48,47.5
2299,47,48,47.5
2299,47,48,47.5
2299,47,48,47.5
2299,47,48,47.5
2299,47,48,47.5
2299,47,48,47.5
2299,47,48,47.5
2299,47,48,47.5
2299,47,48,47.5
2299,47,48,47.5
2299,47,48,47.5
2299,47,48,47.5
2299,47,48,47.5
2299,47,48,47.5
2299,47,48,47.5
2299,47,48,47.5
2299,47,48,47.5
2299,47,48,47.5
2299,47,48,47.5
2299,47,48,47.5
2299,47,48,47.5
2299,47,48,47.5
2299,47,48,47.5
2300,47,48,47.5
2300,47,48,47.5
2300,47,48,47.5
2300,47,48,47.5
2300,47,48,47.5
2300,47,48,47.5
2300,47,48,47.5
2300,47,48,47.5
2300,47,48,47.5
2300,47,48,47.5
2300,47,48,47.5
2301,47,48,47.5
2301,47,48,47.5
2301,47,48,47.5
2301,47,48,47.5
2301,47,48,47.5
2301,47,48,47.5
2301,47,48,47.5
2301,47,48,47.5
2301,47,48,47.5
2301,47,48,47.5
2301,47,48,47.5
2301,47,48,47.5
2301,47,48,47.5
2302,47,48,47.5
2302,47,48,47.5
2302,47,48,47.5
2302,47,48,47.5
2302,47,48,47.5
2302,47,48,47.5
2302,47,48,47.5
2302,47,48,47.5
2302,47,48,47.5
2302,47,48,47.5
2302,47,48,47.5
2302,47,48,47.5
2302,47,48,47.5
2302,47,48,47.5
2302,47,48,47.5
2302,47,48,47.5
2302,47,48,47.5
2302,47,48,47.5
2302,47,48,47.5
2302,47,48,47.5
2302,47,48,47.5
2302,47,48,47.5
2304,47,48,47.5
2304,47,48,47.5
2304,47,48,47.5
2304,47,48,47.5
2304,47,48,47.5
2304,47,48,47.5
2305,47,48,47.5
2305,47,48,47.5
2305,47,48,47.5
2305,47,48,47.5
2305,47,48,47.5
2305,47,48,47.5
2305,47,48,47.5
2306,47,48,47.5
2306,47,48,47.5
2306,47,48,47.5
2306,47,48,47.5
2306,47,48,47.5
2306,47,48,47.5
2306,47,48,47.5
2306,47,48,47.5
2306,47,48,47.5
2306,47,48,47.5
2306,47,48,47.5
2307,47,48,47.5
2307,47,48,47.5
2307,47,48,47.5
2307,47,48,47.5
2307,47,48,47.5
2307,47,48,47.5
2307,47,48,47.5
2307,47,48,47.5
2307,47,48,47.5
2307,47,48,47.5
2307,47,48,47.5
2307,47,48,47.5
2307,47,48,47.5
2307,47,48,47.5
2307,47,48,47.5
2307,47,48,47.5
2307,47,48,47.5
2307,47,48,47.5
2307,47,48,47.5
2307,47,48,47.5
2307,47,48,47.5
2307,47,48,47.5
2307,47,48,47.5
2307,47,48,47.5
2307,47,48,47.5
2307,47,48,47.5
2308,47,48,47.5
2308,47,48,47.5
2308,47,48,47.5
2308,47,48,47.5
2308,47,48,47.5
2308,47,48,47.5
2309,47,48,47.5
2309,47,48,47.5
2309,47,48,47.5
2309,47,48,47.5
2309,47,48,47.5
2309,47,48,47.5
2309,47,48,47.5
2309,47,48,47.5
2309,47,48,47.5
2309,47,48,47.5
2309,47,48,47.5
2309,47,48,47.5
2309,47,48,47.5
2309,47,48,47.5
2310,47,48,47.5
2310,47,48,47.5
2312,47,48,47.5
2312,47,48,47.5
2313,47,48,47.5
2313,47,48,47.5
2314,47,48,47.5
2314,47,49,48.0
2314,47,49,48.0
2314,47,49,48.0
2314,47,49,48.0
2314,47,49,48.0
2314,47,49,48.0
2314,47,49,48.0
2314,47,49,48.0
2314,47,49,48.0
2314,47,49,48.0
2315,47,49,48.0
2315,47,49,48.0
2315,47,49,48.0
2315,47,49,48.0
2315,47,49,48.0
2316,47,49,48.0
2316,47,49,48.0
2317,47,49,48.0
2318,47,49,48.0
2318,47,49,48.0
2318,47,49,48.0
2318,47,49,48.0
2318,47,49,48.0
2318,47,49,48.0
2318,47,49,48.0
2318,47,49,48.0
2319,47,49,48.0
2319,47,49,48.0
2319,47,49,48.0
2319,47,49,48.0
2319,47,49,48.0
2319,47,49,48.0
2319,47,49,48.0
2319,47,49,48.0
2319,47,48,47.5
2319,47,48,47.5
2320,47,48,47.5
2320,47,48,47.5
2320,47,48,47.5
2320,47,48,47.5
2320,47,48,47.5
2320,47,48,47.5
2320,47,48,47.5
2321,47,48,47.5
2321,47,48,47.5
2321,47,48,47.5
2321,47,48,47.5
2321,47,48,47.5
2321,47,48,47.5
2321,47,48,47.5
2321,47,48,47.5
2321,47,48,47.5
2321,47,48,47.5
2321,47,48,47.5
2322,47,48,47.5
2322,47,48,47.5
2323,47,48,47.5
2323,47,48,47.5
2323,47,48,47.5
2323,47,48,47.5
2324,47,48,47.5
2324,47,48,47.5
2324,47,48,47.5
2324,47,48,47.5
2324,47,48,47.5
2325,47,48,47.5
2325,47,48,47.5
2325,47,48,47.5
2326,47,48,47.5
2326,47,48,47.5
2326,47,48,47.5
2326,47,48,47.5
2326,47,48,47.5
2327,47,48,47.5
2327,47,48,47.5
2327,47,48,47.5
2327,47,48,47.5
2327,47,48,47.5
2327,47,48,47.5
2327,47,48,47.5
2327,47,48,47.5
2327,47,48,47.5
2327,47,48,47.5
2327,47,48,47.5
2327,47,48,47.5
2327,47,48,47.5
2327,47,48,47.5
2327,47,48,47.5
2327,47,48,47.5
2327,47,48,47.5
2327,47,48,47.5
2327,47,48,47.5
2327,47,48,47.5
2327,47,48,47.5
2327,47,48,47.5
2327,47,49,48.0
2327,47,49,48.0
2327,47,49,48.0
2327,47,49,48.0
2328,47,49,48.0
2328,47,49,48.0
2328,47,49,48.0
2328,47,49,48.0
2328,47,49,48.0
2328,47,49,48.0
2328,47,49,48.0
2328,47,49,48.0
2328,47,49,48.0
2328,47,49,48.0
2329,47,49,48.0
2329,47,49,48.0
2329,47,49,48.0
2329,47,49,48.0
2329,47,49,48.0
2330,47,49,48.0
2330,47,49,48.0
2330,47,49,48.0
2330,47,49,48.0
2330,47,49,48.0
2330,47,49,48.0
2331,47,49,48.0
2331,47,49,48.0
2331,47,49,48.0
2331,47,49,48.0
2332,47,49,48.0
2332,47,49,48.0
2332,47,49,48.0
2332,47,49,48.0
2332,47,49,48.0
2332,47,49,48.0
2332,47,49,48.0
2332,47,49,48.0
2332,47,49,48.0
2332,47,49,48.0
2332,47,49,48.0
2332,47,49,48.0
2332,47,49,48.0
2333,47,49,48.0
2334,47,49,48.0
2334,47,49,48.0
2335,47,49,48.0
2335,47,49,48.0
2335,47,49,48.0
2335,47,49,48.0
2335,47,49,48.0
2336,47,49,48.0
2336,47,49,48.0
2336,47,49,48.0
2336,47,49,48.0
2336,47,49,48.0
2336,47,49,48.0
2337,47,49,48.0
2337,47,49,48.0
2337,47,49,48.0
2337,47,49,48.0
2337,47,49,48.0
2337,47,49,48.0
2337,47,49,48.0
2338,47,49,48.0
2339,47,49,48.0
2339,47,49,48.0
2340,47,49,48.0
2341,47,49,48.0
2341,47,49,48.0
2342,47,49,48.0
2342,47,49,48.0
2343,47,49,48.0
2343,47,49,48.0
2343,47,49,48.0
2343,47,49,48.0
2343,47,49,48.0
2343,47,49,48.0
2343,47,49,48.0
2343,47,49,48.0
2344,47,49,48.0
2344,47,49,48.0
2344,47,49,48.0
2344,47,49,48.0
2345,47,49,48.0
2345,47,49,48.0
2345,47,49,48.0
2345,47,49,48.0
2345,47,49,48.0
2345,47,49,48.0
2345,47,49,48.0
2345,47,49,48.0
2345,47,49,48.0
2346,47,49,48.0
2346,47,49,48.0
2346,47,49,48.0
2346,47,49,48.0
2347,47,49,48.0
2347,47,49,48.0
2348,47,49,48.0
2349,47,49,48.0
2349,47,49,48.0
2350,47,49,48.0
2350,47,49,48.0
2350,47,49,48.0
2350,47,49,48.0
2350,47,49,48.0
2350,47,49,48.0
2351,47,49,48.0
2351,47,49,48.0
2352,47,49,48.0
2352,47,49,48.0
2352,47,49,48.0
2352,47,49,48.0
2352,47,49,48.0
2352,47,49,48.0
2352,47,49,48.0
2352,47,49,48.0
2352,47,49,48.0
2352,47,49,48.0
2352,47,49,48.0
2352,47,49,48.0
2352,47,49,48.0
2352,47,49,48.0
2353,47,49,48.0
2353,47,49,48.0
2353,47,49,48.0
2353,47,49,48.0
2354,47,49,48.0
2354,47,49,48.0
2354,47,49,48.0
2354,47,49,48.0
2355,47,49,48.0
2355,47,49,48.0
2356,47,49,48.0
2356,47,49,48.0
2356,47,49,48.0
2356,47,49,48.0
2356,47,49,48.0
2356,47,49,48.0
2357,47,49,48.0
2357,47,49,48.0
2357,47,49,48.0
2357,47,49,48.0
2357,47,49,48.0
2358,47,49,48.0
2358,47,49,48.0
2358,47,49,48.0
2358,47,49,48.0
2358,47,49,48.0
2358,47,49,48.0
2358,47,49,48.0
2359,47,49,48.0
2359,47,49,48.0
2359,47,49,48.0
2359,47,49,48.0
2360,47,49,48.0
2360,47,49,48.0
2361,47,49,48.0
2361,47,49,48.0
2361,47,49,48.0
2361,47,49,48.0
2361,47,49,48.0
2361,47,49,48.0
2361,47,49,48.0
2361,47,49,48.0
2361,47,49,48.0
2362,47,49,48.0
2362,47,49,48.0
2362,47,49,48.0
2363,47,49,48.0
2363,47,49,48.0
2364,47,49,48.0
2364,47,49,48.0
2364,47,49,48.0
2364,47,49,48.0
2365,47,49,48.0
2366,47,49,48.0
2366,47,49,48.0
2367,47,49,48.0
2367,47,49,48.0
2368,47,49,48.0
2368,47,49,48.0
2368,47,49,48.0
2368,47,49,48.0
2368,47,49,48.0
2369,47,49,48.0
2369,47,49,48.0
2369,47,49,48.0
2370,47,49,48.0
2370,47,49,48.0
2371,47,49,48.0
2371,47,48,47.5
2371,47,48,47.5
2371,47,48,47.5
2371,47,48,47.5
2371,47,48,47.5
2371,47,48,47.5
2371,47,48,47.5
2371,47,48,47.5
2371,47,48,47.5
2371,47,48,47.5
2371,47,48,47.5
2371,47,48,47.5
2372,47,48,47.5
2372,47,48,47.5
2372,47,48,47.5
2372,47,48,47.5
2372,47,48,47.5
2372,47,48,47.5
2372,47,48,47.5
2372,47,48,47.5
2372,47,48,47.5
2372,47,48,47.5
2372,47,48,47.5
2372,47,48,47.5
2372,47,48,47.5
2372,47,48,47.5
2373,47,48,47.5
2373,47,48,47.5
2373,47,48,47.5
2373,47,48,47.5
2374,47,48,47.5
2374,47,48,47.5
2374,47,48,47.5
2374,47,48,47.5
2374,47,48,47.5
2374,46,48,47.0
2374,46,48,47.0
2374,46,48,47.0
2374,46,48,47.0
2374,46,48,47.0
2374,46,48,47.0
2374,46,48,47.0
2375,46,48,47.0
2375,46,48,47.0
2375,46,48,47.0
2375,46,48,47.0
2375,46,48,47.0
2375,46,48,47.0
2375,46,48,47.0
2375,46,48,47.0
2375,46,48,47.0
2375,46,48,47.0
2376,46,48,47.0
2376,46,48,47.0
2377,46,48,47.0
2377,46,48,47.0
2377,46,48,47.0
2377,46,48,47.0
2378,46,48,47.0
2379,46,48,47.0
2379,47,48,47.5
2379,47,48,47.5
2379,47,48,47.5
2379,47,48,47.5
2379,47,48,47.5
2379,47,48,47.5
2379,47,48,47.5
2379,47,48,47.5
2379,47,48,47.5
2379,47,48,47.5
2379,47,48,47.5
2379,47,48,47.5
2379,47,48,47.5
2379,47,48,47.5
2379,47,48,47.5
2380,47,48,47.5
2380,47,48,47.5
2381,47,48,47.5
2382,47,48,47.5
2382,47,48,47.5
2382,47,48,47.5
2382,47,48,47.5
2382,47,48,47.5
2382,47,48,47.5
2382,47,48,47.5
2383,47,48,47.5
2383,47,48,47.5
2384,47,48,47.5
2385,47,48,47.5
2388,47,48,47.5
2388,47,48,47.5
2390,47,48,47.5
2391,47,48,47.5
2398,47,48,47.5
2398,47,48,47.5
2398,47,48,47.5
2398,47,48,47.5
2398,47,48,47.5
2398,47,48,47.5
2398,47,48,47.5
2398,47,48,47.5
2398,47,48,47.5
2398,47,48,47.5
2398,47,48,47.5
2398,46,48,47.0
2398,46,48,47.0
2398,46,48,47.0
2398,46,48,47.0
2398,46,48,47.0
2398,46,48,47.0
2398,46,48,47.0
2398,46,48,47.0
2398,46,48,47.0
2398,46,48,47.0
2398,46,48,47.0
2398,46,48,47.0
2398,46,48,47.0
2398,46,48,47.0
2398,46,48,47.0
2398,46,48,47.0
2398,46,48,47.0
2398,46,48,47.0
2398,46,48,47.0
2398,46,48,47.0
2398,46,48,47.0
2398,46,48,47.0
2398,46,48,47.0
2398,46,48,47.0
2398,46,48,47.0
2398,46,48,47.0
2398,46,48,47.0
2398,46,48,47.0
2398,46,48,47.0
2398,46,48,47.0
2398,46,48,47.0
2398,46,49,47.5
2398,46,49,47.5
2398,46,49,47.5
2398,46,49,47.5
2398,46,49,47.5
2398,46,49,47.5
2398,46,49,47.5
2398,46,49,47.5
2398,46,49,47.5
2398,46,49,47.5
2398,46,49,47.5
2398,46,49,47.5
2398,46,49,47.5
2399,46,49,47.5
2399,46,49,47.5
2399,46,49,47.5
2399,46,49,47.5
2399,46,49,47.5
2399,46,49,47.5
2399,46,49,47.5
2399,46,49,47.5
2399,46,49,47.5
2399,46,50,48.0
2399,46,50,48.0
2399,46,50,48.0
2399,46,50,48.0
2399,46,50,48.0
2399,46,50,48.0
2399,46,50,48.0
2399,46,50,48.0
2399,46,50,48.0
2399,46,50,48.0
2399,46,50,48.0
2399,46,50,48.0
2399,46,50,48.0
2399,46,50,48.0
2399,46,50,48.0
2399,46,50,48.0
2399,46,50,48.0
2399,46,50,48.0
2399,46,50,48.0
2399,46,50,48.0
2399,46,50,48.0
2399,46,50,48.0
2399,46,50,48.0
2399,46,50,48.0
2399,46,50,48.0
2399,46,50,48.0
2399,46,50,48.0
2399,46,50,48.0
2399,46,50,48.0
2399,46,50,48.0
2399,46,50,48.0
2399,46,50,48.0
2399,46,50,48.0
2399,46,50,48.0
2399,46,50,48.0
2399,46,50,48.0
2399,46,50,48.0
2399,46,50,48.0
2399,46,50,48.0
2399,46,50,48.0
2399,46,50,48.0
2399,46,50,48.0
2399,46,50,48.0
2399,46,50,48.0
2399,46,50,48.0
2399,46,50,48.0
2399,46,50,48.0
2399,46,50,48.0
2399,46,50,48.0
2399,46,50,48.0
2399,46,50,48.0
2399,46,50,48.0
2399,46,50,48.0
2399,46,50,48.0
2399,46,50,48.0
2399,46,50,48.0
2399,46,50,48.0
2399,46,50,48.0
2399,46,50,48.0
2399,46,50,48.0
2399,46,50,48.0
2399,46,50,48.0
2399,46,50,48.0
2399,46,50,48.0
2399,46,50,48.0
2399,46,50,48.0
2399,46,50,48.0
2399,46,50,48.0
2399,46,50,48.0
2399,46,50,48.0
2399,46,50,48.0
2399,46,50,48.0
2399,46,50,48.0
2399,46,50,48.0
2399,46,50,48.0
2399,47,50,48.5
2399,47,50,48.5
2399,47,50,48.5
2399,47,50,48.5
2399,47,50,48.5
2399,47,50,48.5
2399,47,50,48.5
2399,47,50,48.5
2399,47,50,48.5
2399,47,50,48.5
2400,46,50,48.0
2400,46,50,48.0
2400,46,50,48.0
2400,46,50,48.0
2400,46,50,48.0
2400,46,50,48.0
2400,46,50,48.0
2400,46,50,48.0
2400,46,50,48.0
2400,46,50,48.0
2400,46,50,48.0
2400,46,50,48.0
2400,46,50,48.0
2400,46,50,48.0
2400,46,50,48.0
2400,46,50,48.0
2400,46,50,48.0
2400,46,50,48.0
2400,46,50,48.0
2400,46,50,48.0
2400,46,50,48.0
2400,46,50,48.0
2400,46,50,48.0
2400,46,50,48.0
2400,46,50,48.0
2401,46,50,48.0
2401,46,50,48.0
2401,46,50,48.0
2401,46,50,48.0
2402,46,50,48.0
2402,46,50,48.0
2402,46,50,48.0
2402,46,50,48.0
2402,46,50,48.0
2402,46,50,48.0
2402,46,50,48.0
2402,46,50,48.0
2402,46,50,48.0
2402,46,50,48.0
2403,46,50,48.0
2403,46,50,48.0
2403,46,50,48.0
2403,46,50,48.0
2403,46,50,48.0
2403,46,50,48.0
2403,46,50,48.0
2403,46,50,48.0
2403,46,50,48.0
2403,46,50,48.0
2403,46,50,48.0
2403,46,50,48.0
2403,46,50,48.0
2403,46,50,48.0
2403,46,50,48.0
2403,46,50,48.0
2403,46,50,48.0
2403,46,50,48.0
2403,46,50,48.0
2403,46,50,48.0
2403,46,50,48.0
2403,46,50,48.0
2403,46,50,48.0
2403,46,50,48.0
2403,46,50,48.0
2403,46,50,48.0
2403,46,50,48.0
2403,46,50,48.0
2403,46,50,48.0
2403,46,50,48.0
2403,46,50,48.0
2403,46,50,48.0
2403,46,50,48.0
2403,46,50,48.0
2403,46,50,48.0
2403,46,50,48.0
2403,46,50,48.0
2403,46,50,48.0
2403,46,50,48.0
2403,46,50,48.0
2403,46,50,48.0
2403,46,50,48.0
2403,46,50,48.0
2403,46,50,48.0
2403,46,50,48.0
2403,46,50,48.0
2403,46,50,48.0
2403,46,50,48.0
2403,46,50,48.0
2403,46,50,48.0
2403,46,50,48.0
2403,46,50,48.0
2403,46,50,48.0
2403,46,50,48.0
2403,46,50,48.0
2403,46,50,48.0
2404,46,50,48.0
2404,46,50,48.0
2404,46,50,48.0
2404,46,50,48.0
2404,46,50,48.0
2404,46,50,48.0
2404,46,50,48.0
2405,46,50,48.0
2405,46,50,48.0
2405,46,50,48.0
2405,46,50,48.0
2405,46,50,48.0
2405,46,50,48.0
2405,46,50,48.0
2405,46,49,47.5
2405,46,49,47.5
2405,46,49,47.5
2405,46,49,47.5
2405,46,49,47.5
2405,46,49,47.5
2405,46,49,47.5
2405,46,48,47.0
2405,46,48,47.0
2405,46,48,47.0
2405,43,48,45.5
2405,43,48,45.5
2405,43,48,45.5
2405,43,48,45.5
2405,43,48,45.5
2405,43,48,45.5
2405,43,48,45.5
2405,43,48,45.5
2405,43,48,45.5
2405,43,48,45.5
2405,43,48,45.5
2405,43,48,45.5
2405,43,48,45.5
2405,43,48,45.5
2405,43,48,45.5
2405,43,48,45.5
2405,43,48,45.5
2405,43,48,45.5
2405,43,47,45.0
2405,43,47,45.0
2405,43,47,45.0
2405,43,47,45.0
2405,43,47,45.0
2405,43,46,44.5
2405,43,46,44.5
2405,43,46,44.5
2405,43,46,44.5
2405,43,46,44.5
2405,43,46,44.5
2405,43,46,44.5
2405,43,46,44.5
2405,43,46,44.5
2405,43,46,44.5
2405,43,46,44.5
2405,43,46,44.5
2405,43,46,44.5
2405,43,46,44.5
2405,43,46,44.5
2405,43,46,44.5
2405,43,46,44.5
2405,43,46,44.5
2405,43,46,44.5
2405,43,46,44.5
2405,43,46,44.5
2405,43,46,44.5
2405,43,46,44.5
2405,43,46,44.5
2405,43,46,44.5
2405,43,46,44.5
2405,43,46,44.5
2405,43,46,44.5
2405,43,46,44.5
2405,43,46,44.5
2406,43,46,44.5
2406,43,46,44.5
2406,43,46,44.5
2406,43,45,44.0
2406,43,45,44.0
2406,43,45,44.0
2406,43,45,44.0
2406,43,45,44.0
2406,43,45,44.0
2406,43,45,44.0
2406,43,45,44.0
2406,43,45,44.0
2406,43,45,44.0
2406,43,45,44.0
2406,43,45,44.0
2406,43,46,44.5
2406,43,46,44.5
2406,43,46,44.5
2406,43,46,44.5
2406,43,46,44.5
2406,43,46,44.5
2406,43,45,44.0
2406,43,45,44.0
2406,43,45,44.0
2406,43,45,44.0
2406,43,45,44.0
2406,43,46,44.5
2406,43,46,44.5
2406,43,46,44.5
2406,43,46,44.5
2406,43,46,44.5
2406,43,46,44.5
2406,43,46,44.5
2406,43,46,44.5
2406,43,46,44.5
2406,43,46,44.5
2406,43,46,44.5
2406,43,45,44.0
2406,43,45,44.0
2406,43,45,44.0
2406,43,45,44.0
2406,43,45,44.0
2406,43,45,44.0
2406,43,45,44.0
2406,43,45,44.0
2406,43,45,44.0
2406,43,45,44.0
2406,43,45,44.0
2406,43,45,44.0
2406,43,45,44.0
2406,43,45,44.0
2406,43,45,44.0
2406,43,45,44.0
2406,43,45,44.0
2406,43,45,44.0
2406,43,45,44.0
2406,43,45,44.0
2406,43,45,44.0
2406,43,45,44.0
2406,43,45,44.0
2406,43,45,44.0
2406,43,45,44.0
2406,43,45,44.0
2406,43,45,44.0
2406,43,45,44.0
2407,43,45,44.0
2407,43,45,44.0
2407,43,45,44.0
2407,43,45,44.0
2407,43,45,44.0
2407,43,45,44.0
2407,43,44,43.5
2407,43,44,43.5
2407,43,44,43.5
2407,43,44,43.5
2407,43,45,44.0
2407,43,45,44.0
2407,43,45,44.0
2407,43,45,44.0
2407,43,45,44.0
2407,43,45,44.0
2407,43,45,44.0
2407,43,45,44.0
2407,43,45,44.0
2407,43,45,44.0
2407,43,45,44.0
2407,43,45,44.0
2407,43,45,44.0
2407,43,45,44.0
2407,43,45,44.0
2407,43,45,44.0
2407,43,45,44.0
2407,43,45,44.0
2408,43,45,44.0
2408,43,45,44.0
2408,43,45,44.0
2408,43,45,44.0
2408,43,45,44.0
2408,43,45,44.0
2408,43,45,44.0
2408,43,45,44.0
2408,43,45,44.0
2408,43,45,44.0
2408,43,45,44.0
2408,43,45,44.0
2408,43,45,44.0
2408,43,45,44.0
2408,43,45,44.0
2409,43,45,44.0
2409,43,45,44.0
2409,43,45,44.0
2409,43,45,44.0
2409,43,45,44.0
2409,43,45,44.0
2409,43,45,44.0
2409,43,45,44.0
2409,43,45,44.0
2409,43,45,44.0
2409,43,45,44.0
2409,43,45,44.0
2410,43,45,44.0
2410,43,45,44.0
2410,43,45,44.0
2410,43,45,44.0
2410,43,45,44.0
2410,43,45,44.0
2410,43,45,44.0
2410,43,45,44.0
2410,43,45,44.0
2410,43,45,44.0
2411,43,45,44.0
2411,43,45,44.0
2412,43,45,44.0
2412,43,45,44.0
2412,43,45,44.0
2412,43,45,44.0
2412,43,45,44.0
2412,43,45,44.0
2412,43,45,44.0
2412,43,45,44.0
2412,43,45,44.0
2412,43,45,44.0
2412,43,45,44.0
2412,43,45,44.0
2412,43,44,43.5
2412,43,44,43.5
2412,43,44,43.5
2412,43,44,43.5
2412,43,44,43.5
2412,43,44,43.5
2412,43,44,43.5
2412,43,44,43.5
2412,43,44,43.5
2412,43,44,43.5
2412,43,44,43.5
2412,43,44,43.5
2412,43,44,43.5
2412,43,44,43.5
2412,43,44,43.5
2412,43,44,43.5
2412,43,44,43.5
2412,43,44,43.5
2413,43,44,43.5
2413,43,44,43.5
2413,43,44,43.5
2413,43,44,43.5
2413,43,44,43.5
2413,43,44,43.5
2413,43,44,43.5
2413,43,44,43.5
2414,43,44,43.5
2414,43,44,43.5
2415,43,44,43.5
2415,43,44,43.5
2415,43,44,43.5
2415,43,44,43.5
2415,43,44,43.5
2415,43,44,43.5
2415,43,44,43.5
2415,43,44,43.5
2415,43,44,43.5
2415,43,44,43.5
2415,43,44,43.5
2415,43,44,43.5
2415,43,44,43.5
2415,43,44,43.5
2415,43,44,43.5
2415,43,44,43.5
2415,43,44,43.5
2415,43,44,43.5
2415,43,44,43.5
2415,43,44,43.5
2415,43,44,43.5
2415,43,44,43.5
2415,43,44,43.5
2415,43,44,43.5
2415,43,44,43.5
2416,43,44,43.5
2416,43,44,43.5
2416,43,44,43.5
2416,43,44,43.5
2416,43,44,43.5
2416,43,44,43.5
2416,43,44,43.5
2416,43,44,43.5
2417,43,44,43.5
2417,43,44,43.5
2417,43,44,43.5
2417,43,44,43.5
2417,43,44,43.5
2417,43,44,43.5
2417,43,44,43.5
2417,43,44,43.5
2418,43,44,43.5
2418,43,44,43.5
2418,43,44,43.5
2418,43,44,43.5
2418,43,44,43.5
2418,43,44,43.5
2418,43,44,43.5
2418,43,44,43.5
2418,43,44,43.5
2418,43,44,43.5
2418,43,44,43.5
2418,43,44,43.5
2418,43,44,43.5
2418,43,44,43.5
2420,43,44,43.5
2420,43,44,43.5
2420,43,44,43.5
2420,43,44,43.5
2420,43,44,43.5
2420,43,44,43.5
2420,43,44,43.5
2420,43,44,43.5
2420,43,44,43.5
2421,43,44,43.5
2421,43,44,43.5
2421,43,44,43.5
2421,43,44,43.5
2422,43,44,43.5
2422,43,44,43.5
2422,43,44,43.5
2423,43,44,43.5
2423,43,44,43.5
2423,43,44,43.5
2423,43,44,43.5
2425,43,44,43.5
2425,43,44,43.5
2426,43,44,43.5
2426,43,44,43.5
2426,43,44,43.5
2426,43,44,43.5
2429,43,44,43.5
2431,43,44,43.5
2431,43,44,43.5
2431,43,44,43.5
2431,43,44,43.5
2431,43,44,43.5
2431,43,44,43.5
2431,43,44,43.5
2431,43,44,43.5
2432,43,44,43.5
2435,43,44,43.5
2435,43,44,43.5
2435,43,44,43.5
2437,43,44,43.5
2437,43,44,43.5
2437,43,44,43.5
2437,43,44,43.5
2437,43,44,43.5
2437,43,44,43.5
2438,43,44,43.5
2438,43,44,43.5
2438,43,44,43.5
2438,43,44,43.5
2438,43,44,43.5
2438,43,44,43.5
2438,43,44,43.5
2438,43,44,43.5
2438,43,44,43.5
2438,43,44,43.5
2438,43,44,43.5
2438,43,44,43.5
2438,43,44,43.5
2438,43,44,43.5
2438,43,44,43.5
2438,43,44,43.5
2438,43,44,43.5
2438,43,44,43.5
2438,43,44,43.5
2438,43,44,43.5
2438,43,44,43.5
2438,43,44,43.5
2438,43,44,43.5
2438,43,44,43.5
2438,43,44,43.5
2438,43,44,43.5
2438,43,44,43.5
2438,43,44,43.5
2438,43,44,43.5
2438,43,44,43.5
2438,43,44,43.5
2438,43,44,43.5
2438,43,44,43.5
2438,43,44,43.5
2438,43,44,43.5
2438,43,44,43.5
2438,43,44,43.5
2438,43,44,43.5
2438,43,44,43.5
2438,43,44,43.5
2438,43,44,43.5
2438,43,44,43.5
2438,43,44,43.5
2438,43,44,43.5
2438,43,44,43.5
2438,43,44,43.5
2438,43,44,43.5
2438,43,44,43.5
2438,43,44,43.5
2438,43,44,43.5
2438,43,44,43.5
2438,43,44,43.5
2438,43,44,43.5
2438,43,44,43.5
2438,43,44,43.5
2438,43,44,43.5
2438,43,44,43.5
2438,43,44,43.5
2438,43,44,43.5
2438,43,44,43.5
2438,43,44,43.5
2438,43,44,43.5
2438,43,44,43.5
2438,43,44,43.5
2438,43,44,43.5
2438,43,44,43.5
2438,43,44,43.5
2438,43,44,43.5
2438,43,44,43.5
2438,43,44,43.5
2438,43,48,45.5
2438,43,48,45.5
2438,43,48,45.5
2438,43,48,45.5
2438,43,48,45.5
2438,43,48,45.5
2438,43,48,45.5
2438,43,47,45.0
2438,43,47,45.0
2438,43,47,45.0
2438,43,47,45.0
2438,43,47,45.0
2438,43,47,45.0
2438,43,47,45.0
2438,43,47,45.0
2438,43,47,45.0
2438,43,47,45.0
2438,43,47,45.0
2438,43,47,45.0
2438,43,47,45.0
2438,43,47,45.0
2438,43,47,45.0
2438,43,47,45.0
2438,43,47,45.0
2438,43,47,45.0
2438,43,47,45.0
2438,43,47,45.0
2438,43,47,45.0
2438,43,47,45.0
2438,43,47,45.0
2438,43,47,45.0
2438,43,47,45.0
2439,43,47,45.0
2439,43,47,45.0
2439,43,47,45.0
2439,43,47,45.0
2439,43,47,45.0
2439,43,47,45.0
2439,43,47,45.0
2439,43,47,45.0
2439,43,47,45.0
2439,43,47,45.0
2439,43,47,45.0
2439,43,47,45.0
2439,43,47,45.0
2439,43,47,45.0
2439,43,47,45.0
2439,43,47,45.0
2439,43,47,45.0
2439,43,47,45.0
2439,43,47,45.0
2439,43,47,45.0
2439,43,47,45.0
2439,43,47,45.0
2439,43,47,45.0
2439,43,47,45.0
2439,43,47,45.0
2439,43,47,45.0
2439,43,47,45.0
2439,43,47,45.0
2439,43,47,45.0
2439,43,47,45.0
2439,43,47,45.0
2439,43,47,45.0
2439,43,47,45.0
2439,43,47,45.0
2439,43,47,45.0
2439,43,47,45.0
2439,43,47,45.0
2439,43,49,46.0
2439,43,48,45.5
2439,43,48,45.5
2439,43,48,45.5
2439,43,48,45.5
2439,43,48,45.5
2439,43,48,45.5
2440,43,48,45.5
2440,43,48,45.5
2440,43,48,45.5
2440,43,48,45.5
2440,43,48,45.5
2440,43,48,45.5
2440,43,48,45.5
2440,43,48,45.5
2440,43,48,45.5
2440,43,48,45.5
2440,43,48,45.5
2440,43,48,45.5
2440,43,48,45.5
2441,43,48,45.5
2441,43,48,45.5
2441,43,48,45.5
2441,43,48,45.5
2441,43,48,45.5
2441,43,48,45.5
2442,43,48,45.5
2442,43,48,45.5
2442,43,48,45.5
2442,43,48,45.5
2442,43,48,45.5
2442,43,48,45.5
2442,43,48,45.5
2442,43,48,45.5
2442,43,48,45.5
2442,43,48,45.5
2443,43,48,45.5
2443,43,48,45.5
2443,43,48,45.5
2443,43,48,45.5
2443,43,48,45.5
2443,43,48,45.5
2443,43,48,45.5
2443,43,48,45.5
2443,43,48,45.5
2443,43,48,45.5
2443,43,48,45.5
2443,43,48,45.5
2443,43,48,45.5
2443,43,48,45.5
2443,43,48,45.5
2444,43,48,45.5
2444,43,48,45.5
2444,43,48,45.5
2445,43,48,45.5
2445,43,48,45.5
2446,43,48,45.5
2446,43,48,45.5
2446,43,48,45.5
2446,43,48,45.5
2446,43,48,45.5
2446,43,48,45.5
2446,43,48,45.5
2446,43,48,45.5
2446,43,48,45.5
2446,43,48,45.5
2446,43,48,45.5
2447,43,48,45.5
2447,43,48,45.5
2447,43,48,45.5
2447,43,48,45.5
2447,43,48,45.5
2447,43,48,45.5
2448,43,48,45.5
2448,43,48,45.5
2448,43,47,45.0
2448,43,47,45.0
2448,43,47,45.0
2448,43,47,45.0
2448,43,47,45.0
2448,43,47,45.0
2448,43,47,45.0
2448,43,47,45.0
2448,43,46,44.5
2448,43,46,44.5
2448,43,46,44.5
2448,43,46,44.5
2448,43,46,44.5
2448,43,46,44.5
2448,43,46,44.5
2448,43,46,44.5
2448,43,46,44.5
2448,43,46,44.5
2448,43,46,44.5
2448,43,46,44.5
2448,43,46,44.5
2448,43,46,44.5
2448,43,46,44.5
2448,43,46,44.5
2448,43,46,44.5
2448,43,46,44.5
2448,43,46,44.5
2448,43,46,44.5
2448,43,46,44.5
2448,43,46,44.5
2448,43,46,44.5
2448,43,45,44.0
2448,43,45,44.0
2448,43,45,44.0
2448,43,45,44.0
2448,43,45,44.0
2448,43,45,44.0
2448,43,45,44.0
2448,43,45,44.0
2448,43,45,44.0
2448,43,44,43.5
2448,43,44,43.5
2448,43,44,43.5
2448,43,44,43.5
2448,43,44,43.5
2448,43,44,43.5
2448,43,44,43.5
2448,43,44,43.5
2448,43,44,43.5
2448,43,44,43.5
2448,43,44,43.5
2448,43,44,43.5
2448,43,44,43.5
2448,43,44,43.5
2448,43,44,43.5
2448,43,44,43.5
2448,43,44,43.5
2448,43,44,43.5
2448,43,44,43.5
2448,43,44,43.5
2448,43,44,43.5
2448,43,44,43.5
2448,43,44,43.5
2448,43,44,43.5
2448,43,44,43.5
2448,43,44,43.5
2448,43,44,43.5
2448,43,44,43.5
2448,43,44,43.5
2448,43,44,43.5
2448,43,44,43.5
2448,43,44,43.5
2448,43,44,43.5
2448,43,44,43.5
2448,43,44,43.5
2448,43,44,43.5
2448,43,44,43.5
2448,43,44,43.5
2448,43,44,43.5
2448,43,44,43.5
2448,43,44,43.5
2448,41,44,42.5
2448,43,44,43.5
2448,43,44,43.5
2448,43,44,43.5
2448,41,44,42.5
2448,41,44,42.5
2448,41,44,42.5
2448,41,44,42.5
2448,41,44,42.5
2448,41,44,42.5
2448,41,44,42.5
2448,41,44,42.5
2448,41,44,42.5
2449,41,44,42.5
2449,41,44,42.5
2449,41,44,42.5
2449,41,44,42.5
2449,41,44,42.5
2449,41,44,42.5
2449,41,44,42.5
2449,41,44,42.5
2449,41,43,42.0
2449,41,43,42.0
2449,41,43,42.0
2449,41,43,42.0
2449,41,43,42.0
2449,41,43,42.0
2449,41,43,42.0
2449,41,42,41.5
2449,41,42,41.5
2449,40,42,41.0
2449,40,42,41.0
2449,40,42,41.0
2449,40,42,41.0
2449,40,42,41.0
2449,40,42,41.0
2449,40,42,41.0
2449,40,42,41.0
2449,40,42,41.0
2449,40,42,41.0
2449,40,42,41.0
2449,40,42,41.0
2449,40,42,41.0
2449,40,42,41.0
2449,40,42,41.0
2449,40,42,41.0
2449,39,42,40.5
2449,39,42,40.5
2449,39,42,40.5
2449,39,42,40.5
2449,39,42,40.5
2449,39,42,40.5
2449,39,42,40.5
2449,39,42,40.5
2449,39,42,40.5
2449,39,42,40.5
2449,39,42,40.5
2449,39,42,40.5
2449,39,42,40.5
2449,39,42,40.5
2449,39,42,40.5
2449,39,42,40.5
2449,39,42,40.5
2449,39,42,40.5
2449,39,42,40.5
2449,39,42,40.5
2449,39,42,40.5
2449,41,42,41.5
2449,41,42,41.5
2449,41,42,41.5
2449,41,42,41.5
2449,41,42,41.5
2449,41,42,41.5
2449,41,42,41.5
2449,41,42,41.5
2449,41,42,41.5
2449,41,42,41.5
2449,41,42,41.5
2449,41,42,41.5
2449,41,42,41.5
2449,41,42,41.5
2449,41,42,41.5
2449,41,42,41.5
2449,41,42,41.5
2449,41,42,41.5
2449,41,42,41.5
2449,41,42,41.5
2449,41,42,41.5
2449,41,42,41.5
2449,41,42,41.5
2449,41,42,41.5
2449,41,42,41.5
2449,41,42,41.5
2449,41,42,41.5
2449,41,42,41.5
2449,41,42,41.5
2449,41,42,41.5
2449,41,42,41.5
2449,41,42,41.5
2449,41,42,41.5
2449,41,42,41.5
2449,41,42,41.5
2449,41,42,41.5
2449,41,42,41.5
2450,41,42,41.5
2450,41,42,41.5
2450,41,42,41.5
2450,41,42,41.5
2450,41,42,41.5
2450,41,42,41.5
2450,41,42,41.5
2450,41,42,41.5
2450,41,42,41.5
2450,41,42,41.5
2450,41,42,41.5
2450,41,42,41.5
2451,41,42,41.5
2451,41,42,41.5
2451,41,42,41.5
2451,41,42,41.5
2451,41,42,41.5
2451,41,42,41.5
2451,41,42,41.5
2451,41,42,41.5
2451,41,42,41.5
2451,41,42,41.5
2451,41,42,41.5
2451,41,42,41.5
2451,41,42,41.5
2452,41,42,41.5
2452,41,42,41.5
2452,41,42,41.5
2452,41,42,41.5
2453,41,42,41.5
2453,41,42,41.5
2453,41,42,41.5
2453,41,42,41.5
2453,41,42,41.5
2453,41,42,41.5
2454,41,42,41.5
2454,41,42,41.5
2454,41,42,41.5
2454,41,42,41.5
2455,41,42,41.5
2455,41,42,41.5
2455,41,42,41.5
2455,41,42,41.5
2455,41,42,41.5
2455,41,42,41.5
2455,41,42,41.5
2455,41,42,41.5
2455,41,42,41.5
2455,41,42,41.5
2455,41,42,41.5
2455,41,42,41.5
2455,41,42,41.5
2455,41,42,41.5
2456,41,42,41.5
2456,41,42,41.5
2456,41,42,41.5
2456,41,42,41.5
2456,41,42,41.5
2456,41,42,41.5
2457,41,42,41.5
2457,41,42,41.5
2457,41,42,41.5
2457,41,42,41.5
2457,41,42,41.5
2457,41,42,41.5
2457,41,42,41.5
2457,41,42,41.5
2457,41,42,41.5
2457,41,42,41.5
2457,41,42,41.5
2457,41,42,41.5
2457,41,42,41.5
2457,41,42,41.5
2457,41,42,41.5
2457,41,42,41.5
2457,41,42,41.5
2457,41,42,41.5
2457,41,42,41.5
2457,41,42,41.5
2457,41,42,41.5
2457,41,42,41.5
2457,41,42,41.5
2457,41,42,41.5
2457,41,42,41.5
2457,41,42,41.5
2457,41,42,41.5
2457,41,42,41.5
2457,41,42,41.5
2457,41,42,41.5
2458,41,42,41.5
2458,41,42,41.5
2458,41,42,41.5
2458,41,42,41.5
2458,41,42,41.5
2458,41,42,41.5
2459,41,42,41.5
2459,41,42,41.5
2459,41,42,41.5
2459,41,42,41.5
2459,41,42,41.5
2460,41,42,41.5
2460,41,42,41.5
2460,41,42,41.5
2460,41,42,41.5
2460,41,42,41.5
2460,41,42,41.5
2460,41,42,41.5
2460,41,42,41.5
2460,41,42,41.5
2460,41,42,41.5
2460,41,42,41.5
2460,41,42,41.5
2460,41,42,41.5
2460,41,42,41.5
2460,41,42,41.5
2461,41,42,41.5
2461,41,42,41.5
2461,41,42,41.5
2461,41,42,41.5
2462,41,42,41.5
2462,41,42,41.5
2462,41,42,41.5
2462,41,42,41.5
2463,41,42,41.5
2463,41,42,41.5
2463,41,42,41.5
2463,41,42,41.5
2463,41,42,41.5
2463,41,42,41.5
2463,41,42,41.5
2463,41,42,41.5
2463,41,42,41.5
2464,41,42,41.5
2464,41,42,41.5
2464,41,42,41.5
2464,41,42,41.5
2464,41,42,41.5
2465,41,42,41.5
2465,41,42,41.5
2465,41,42,41.5
2465,41,42,41.5
2465,41,42,41.5
2465,41,42,41.5
2465,41,42,41.5
2465,41,42,41.5
2465,41,42,41.5
2465,41,42,41.5
2465,41,42,41.5
2465,41,42,41.5
2465,41,42,41.5
2465,41,42,41.5
2465,41,42,41.5
2465,41,42,41.5
2465,41,42,41.5
2465,41,42,41.5
2465,41,42,41.5
2465,41,42,41.5
2465,41,42,41.5
2465,41,42,41.5
2465,41,42,41.5
2466,41,42,41.5
2466,41,42,41.5
2466,40,42,41.0
2466,40,42,41.0
2466,40,42,41.0
2466,39,42,40.5
2466,39,42,40.5
2466,39,42,40.5
2466,39,42,40.5
2466,39,42,40.5
2466,39,42,40.5
2466,39,42,40.5
2466,39,42,40.5
2466,39,42,40.5
2466,39,42,40.5
2466,39,42,40.5
2466,39,42,40.5
2466,39,42,40.5
2466,39,42,40.5
2466,39,42,40.5
2466,39,42,40.5
2466,39,42,40.5
2466,39,42,40.5
2466,39,42,40.5
2466,39,42,40.5
2466,39,42,40.5
2466,39,42,40.5
2466,39,42,40.5
2466,39,42,40.5
2466,39,42,40.5
2466,39,42,40.5
2466,39,42,40.5
2466,39,42,40.5
2466,39,42,40.5
2466,39,42,40.5
2466,39,42,40.5
2466,39,42,40.5
2466,39,42,40.5
2466,39,42,40.5
2466,39,42,40.5
2466,39,42,40.5
2466,39,42,40.5
2466,39,42,40.5
2466,39,42,40.5
2466,39,42,40.5
2466,39,42,40.5
2466,39,42,40.5
2466,39,42,40.5
2466,39,42,40.5
2466,39,42,40.5
2466,39,44,41.5
2466,39,44,41.5
2466,39,44,41.5
2466,39,44,41.5
2466,39,44,41.5
2466,39,44,41.5
2466,39,44,41.5
2466,39,44,41.5
2466,39,44,41.5
2466,39,44,41.5
2466,39,44,41.5
2466,39,44,41.5
2466,39,44,41.5
2466,39,44,41.5
2466,39,44,41.5
2466,39,44,41.5
2466,39,44,41.5
2466,39,44,41.5
2466,39,44,41.5
2466,39,44,41.5
2466,39,44,41.5
2466,39,44,41.5
2466,39,44,41.5
2466,39,43,41.0
2466,39,43,41.0
2466,39,43,41.0
2466,39,43,41.0
2466,39,43,41.0
2466,39,43,41.0
2466,39,43,41.0
2466,39,43,41.0
2466,39,43,41.0
2466,39,43,41.0
2466,40,43,41.5
2466,40,43,41.5
2466,40,43,41.5
2466,40,43,41.5
2466,40,43,41.5
2466,40,43,41.5
2466,40,43,41.5
2466,40,43,41.5
2466,40,43,41.5
2466,40,43,41.5
2466,40,43,41.5
2466,40,43,41.5
2466,40,43,41.5
2466,40,43,41.5
2466,40,43,41.5
2466,40,43,41.5
2466,40,43,41.5
2466,40,43,41.5
2466,40,43,41.5
2466,40,43,41.5
2466,40,43,41.5
2466,40,43,41.5
2466,40,43,41.5
2466,40,43,41.5
2466,40,43,41.5
2466,40,43,41.5
2466,40,43,41.5
2466,40,43,41.5
2466,40,43,41.5
2466,40,43,41.5
2466,40,43,41.5
2466,40,43,41.5
2466,40,43,41.5
2467,40,43,41.5
2467,40,43,41.5
2467,40,43,41.5
2467,40,43,41.5
2467,40,43,41.5
2467,40,43,41.5
2467,40,43,41.5
2467,40,43,41.5
2467,40,43,41.5
2467,40,43,41.5
2467,40,43,41.5
2467,40,43,41.5
2467,40,43,41.5
2467,40,43,41.5
2467,40,43,41.5
2467,40,43,41.5
2467,40,43,41.5
2467,40,43,41.5
2467,40,43,41.5
2467,40,43,41.5
2467,40,43,41.5
2467,40,43,41.5
2467,40,43,41.5
2467,40,43,41.5
2467,40,43,41.5
2467,40,43,41.5
2467,40,43,41.5
2467,40,43,41.5
2467,40,43,41.5
2467,40,43,41.5
2467,40,43,41.5
2467,40,43,41.5
2467,40,43,41.5
2467,40,43,41.5
2467,40,43,41.5
2467,40,43,41.5
2467,40,43,41.5
2467,40,43,41.5
2467,40,43,41.5
2467,40,43,41.5
2467,40,43,41.5
2467,40,43,41.5
2467,40,43,41.5
2467,40,43,41.5
2467,40,43,41.5
2467,40,43,41.5
2467,40,43,41.5
2467,40,43,41.5
2467,40,43,41.5
2467,40,43,41.5
2467,40,43,41.5
2467,40,43,41.5
2467,40,43,41.5
2467,40,43,41.5
2467,40,43,41.5
2467,40,43,41.5
2467,40,43,41.5
2467,40,43,41.5
2467,40,43,41.5
2468,40,43,41.5
2468,40,43,41.5
2468,40,43,41.5
2468,40,43,41.5
2468,40,43,41.5
2468,40,43,41.5
2468,40,43,41.5
2468,40,43,41.5
2468,40,43,41.5
2468,40,43,41.5
2468,40,43,41.5
2468,40,43,41.5
2468,40,43,41.5
2468,40,43,41.5
2468,40,43,41.5
2468,40,43,41.5
2468,40,43,41.5
2468,40,43,41.5
2469,40,43,41.5
2469,40,43,41.5
2469,40,43,41.5
2469,40,43,41.5
2469,40,43,41.5
2469,40,43,41.5
2469,40,43,41.5
2469,40,43,41.5
2469,40,43,41.5
2470,40,43,41.5
2470,40,43,41.5
2470,40,43,41.5
2470,40,43,41.5
2470,40,43,41.5
2470,40,43,41.5
2470,40,43,41.5
2470,40,43,41.5
2471,40,43,41.5
2471,40,43,41.5
2471,40,43,41.5
2471,40,43,41.5
2471,40,43,41.5
2471,40,43,41.5
2471,40,43,41.5
2471,40,43,41.5
2471,40,43,41.5
2471,40,43,41.5
2471,40,43,41.5
2471,40,43,41.5
2471,40,43,41.5
2471,40,43,41.5
2471,40,43,41.5
2471,40,43,41.5
2471,40,43,41.5
2471,40,43,41.5
2471,40,43,41.5
2471,40,43,41.5
2471,40,43,41.5
2471,40,43,41.5
2471,40,43,41.5
2471,40,43,41.5
2471,40,43,41.5
2471,40,43,41.5
2471,40,43,41.5
2471,40,42,41.0
2471,40,42,41.0
2471,40,42,41.0
2471,40,42,41.0
2471,40,42,41.0
2471,40,42,41.0
2471,40,42,41.0
2471,40,42,41.0
2471,40,42,41.0
2471,40,42,41.0
2471,40,42,41.0
2471,40,42,41.0
2471,40,42,41.0
2471,40,42,41.0
2471,40,42,41.0
2471,40,42,41.0
2471,40,42,41.0
2471,40,41,40.5
2471,40,41,40.5
2471,40,41,40.5
2471,40,41,40.5
2471,40,41,40.5
2471,40,41,40.5
2471,40,41,40.5
2471,40,41,40.5
2471,40,41,40.5
2471,40,41,40.5
2471,40,41,40.5
2471,40,41,40.5
2471,40,41,40.5
2471,40,41,40.5
2471,40,41,40.5
2471,40,41,40.5
2471,40,41,40.5
2471,40,41,40.5
2471,40,41,40.5
2471,40,41,40.5
2471,40,41,40.5
2471,40,41,40.5
2471,40,41,40.5
2471,40,41,40.5
2471,40,41,40.5
2471,40,41,40.5
2471,40,41,40.5
2471,40,41,40.5
2471,40,41,40.5
2471,40,41,40.5
2471,40,41,40.5
2471,40,41,40.5
2471,40,41,40.5
2471,40,41,40.5
2471,40,41,40.5
2471,40,41,40.5
2471,40,41,40.5
2472,40,41,40.5
2472,40,41,40.5
2472,40,41,40.5
2472,40,41,40.5
2472,40,41,40.5
2472,40,41,40.5
2472,40,41,40.5
2472,38,41,39.5
2472,38,41,39.5
2472,38,41,39.5
2472,38,41,39.5
2472,38,40,39.0
2472,38,40,39.0
2472,38,40,39.0
2472,38,40,39.0
2472,38,40,39.0
2472,38,40,39.0
2472,38,40,39.0
2472,38,40,39.0
2472,38,40,39.0
2472,38,40,39.0
2472,38,40,39.0
2472,38,40,39.0
2472,38,40,39.0
2472,38,40,39.0
2472,38,40,39.0
2472,38,40,39.0
2472,38,40,39.0
2472,38,40,39.0
2472,38,40,39.0
2472,38,40,39.0
2472,38,40,39.0
2472,38,40,39.0
2472,38,40,39.0
2472,38,40,39.0
2472,38,40,39.0
2472,38,40,39.0
2472,38,40,39.0
2472,38,40,39.0
2472,38,40,39.0
2472,38,40,39.0
2472,38,40,39.0
2472,38,40,39.0
2472,38,40,39.0
2472,38,40,39.0
2472,38,40,39.0
2472,38,40,39.0
2472,38,40,39.0
2472,38,40,39.0
2472,38,40,39.0
2472,38,40,39.0
2472,38,40,39.0
2472,38,40,39.0
2472,38,40,39.0
2472,38,40,39.0
2472,38,40,39.0
2472,38,40,39.0
2472,38,40,39.0
2472,38,40,39.0
2472,38,40,39.0
2472,38,40,39.0
2472,38,40,39.0
2472,38,40,39.0
2472,38,40,39.0
2472,38,40,39.0
2472,38,40,39.0
2472,38,40,39.0
2472,38,40,39.0
2472,38,40,39.0
2472,38,40,39.0
2472,38,40,39.0
2472,38,40,39.0
2472,38,40,39.0
2472,38,40,39.0
2472,38,40,39.0
2473,38,40,39.0
2473,38,40,39.0
2473,38,40,39.0
2473,38,40,39.0
2473,38,40,39.0
2473,38,40,39.0
2473,38,40,39.0
2473,38,40,39.0
2473,38,40,39.0
2473,38,40,39.0
2473,38,40,39.0
2473,38,40,39.0
2473,38,40,39.0
2473,38,40,39.0
2473,38,40,39.0
2473,38,40,39.0
2473,38,40,39.0
2473,38,40,39.0
2473,38,40,39.0
2473,38,40,39.0
2473,38,40,39.0
2473,38,40,39.0
2473,38,40,39.0
2473,38,40,39.0
2473,38,40,39.0
2474,38,40,39.0
2474,38,40,39.0
2474,38,40,39.0
2474,38,40,39.0
2474,38,40,39.0
2474,38,40,39.0
2474,38,40,39.0
2474,38,40,39.0
2474,38,40,39.0
2474,39,40,39.5
2474,39,40,39.5
2474,39,40,39.5
2474,39,40,39.5
2474,39,40,39.5
2474,39,40,39.5
2474,39,40,39.5
2474,39,40,39.5
2474,39,40,39.5
2474,39,40,39.5
2474,39,40,39.5
2474,39,40,39.5
2474,39,40,39.5
2474,39,40,39.5
2474,39,40,39.5
2474,39,40,39.5
2474,39,40,39.5
2474,39,40,39.5
2475,39,40,39.5
2475,39,40,39.5
2475,39,40,39.5
2475,39,40,39.5
2475,39,40,39.5
2475,39,40,39.5
2475,39,40,39.5
2475,39,40,39.5
2475,39,40,39.5
2475,39,40,39.5
2475,39,40,39.5
2476,39,40,39.5
2476,39,40,39.5
2476,39,40,39.5
2476,39,40,39.5
2476,39,40,39.5
2476,39,40,39.5
2476,39,40,39.5
2476,39,40,39.5
2476,39,40,39.5
2476,39,40,39.5
2476,39,40,39.5
2476,39,40,39.5
2476,39,40,39.5
2476,39,40,39.5
2476,39,40,39.5
2476,39,40,39.5
2477,39,40,39.5
2477,39,40,39.5
2477,39,40,39.5
2477,39,40,39.5
2477,39,40,39.5
2477,39,40,39.5
2477,39,40,39.5
2477,39,40,39.5
2477,39,40,39.5
2477,39,40,39.5
2478,39,40,39.5
2478,39,40,39.5
2478,38,40,39.0
2478,38,39,38.5
2478,38,39,38.5
2478,38,39,38.5
2478,38,39,38.5
2478,38,39,38.5
2478,38,39,38.5
2478,38,39,38.5
2478,38,39,38.5
2478,38,39,38.5
2478,38,39,38.5
2478,38,39,38.5
2478,38,39,38.5
2478,38,39,38.5
2478,38,39,38.5
2478,38,39,38.5
2478,38,39,38.5
2478,38,39,38.5
2478,38,39,38.5
2478,38,39,38.5
2478,38,39,38.5
2479,38,39,38.5
2479,38,39,38.5
2479,38,39,38.5
2479,38,39,38.5
2479,38,39,38.5
2479,38,39,38.5
2479,38,39,38.5
2479,38,39,38.5
2479,38,39,38.5
2479,38,39,38.5
2479,38,39,38.5
2480,38,39,38.5
2480,38,39,38.5
2480,38,39,38.5
2480,38,39,38.5
2480,38,39,38.5
2480,38,39,38.5
2480,38,39,38.5
2480,38,39,38.5
2480,38,39,38.5
2480,38,39,38.5
2480,38,39,38.5
2481,38,39,38.5
2481,38,39,38.5
2481,38,39,38.5
2481,38,39,38.5
2481,38,39,38.5
2481,38,39,38.5
2481,38,39,38.5
2481,38,39,38.5
2481,38,39,38.5
2482,38,39,38.5
2482,38,39,38.5
2482,38,39,38.5
2482,38,39,38.5
2483,38,39,38.5
2483,38,39,38.5
2483,38,39,38.5
2483,38,39,38.5
2483,38,39,38.5
2483,38,39,38.5
2483,38,39,38.5
2483,38,39,38.5
2483,38,39,38.5
2483,38,39,38.5
2483,38,39,38.5
2483,38,39,38.5
2483,38,39,38.5
2483,38,39,38.5
2483,38,39,38.5
2483,38,39,38.5
2483,38,39,38.5
2483,38,39,38.5
2483,38,39,38.5
2484,38,39,38.5
2484,38,39,38.5
2484,38,39,38.5
2484,38,39,38.5
2484,38,39,38.5
2484,38,39,38.5
2484,38,39,38.5
2484,38,39,38.5
2484,38,39,38.5
2484,38,39,38.5
2484,38,39,38.5
2484,38,39,38.5
2484,38,39,38.5
2484,38,39,38.5
2484,38,39,38.5
2485,38,39,38.5
2485,38,39,38.5
2486,38,39,38.5
2486,38,39,38.5
2487,38,39,38.5
2487,38,39,38.5
2487,38,39,38.5
2487,38,39,38.5
2487,38,39,38.5
2487,38,39,38.5
2487,38,39,38.5
2487,38,39,38.5
2487,38,39,38.5
2487,38,39,38.5
2487,38,39,38.5
2487,38,39,38.5
2487,38,39,38.5
2487,38,39,38.5
2487,38,39,38.5
2487,38,39,38.5
2487,38,39,38.5
2487,38,39,38.5
2487,38,39,38.5
2487,38,39,38.5
2487,38,39,38.5
2487,38,39,38.5
2487,38,39,38.5
2487,38,39,38.5
2487,38,39,38.5
2487,38,39,38.5
2487,38,39,38.5
2487,38,39,38.5
2487,38,39,38.5
2487,38,39,38.5
2487,38,39,38.5
2487,38,39,38.5
2487,38,39,38.5
2487,38,39,38.5
2487,38,39,38.5
2487,38,40,39.0
2487,38,40,39.0
2487,38,40,39.0
2487,38,40,39.0
2487,38,40,39.0
2487,38,40,39.0
2487,38,40,39.0
2487,38,40,39.0
2487,38,40,39.0
2487,38,40,39.0
2487,38,40,39.0
2487,38,40,39.0
2487,38,40,39.0
2487,38,40,39.0
2487,38,40,39.0
2487,38,40,39.0
2487,38,40,39.0
2487,38,40,39.0
2487,38,40,39.0
2487,38,40,39.0
2487,38,40,39.0
2487,38,40,39.0
2487,38,40,39.0
2487,38,40,39.0
2487,38,40,39.0
2487,38,40,39.0
2487,38,40,39.0
2487,38,40,39.0
2487,38,40,39.0
2487,38,40,39.0
2487,38,40,39.0
2487,38,40,39.0
2487,38,40,39.0
2487,38,40,39.0
2487,38,40,39.0
2487,38,40,39.0
2487,38,40,39.0
2487,38,40,39.0
2487,38,40,39.0
2487,38,40,39.0
2487,38,40,39.0
2487,38,40,39.0
2487,38,40,39.0
2487,38,40,39.0
2487,38,40,39.0
2488,38,40,39.0
2488,38,40,39.0
2488,38,40,39.0
2488,38,40,39.0
2488,38,40,39.0
2488,38,40,39.0
2488,38,40,39.0
2488,38,40,39.0
2488,38,40,39.0
2488,38,40,39.0
2488,39,40,39.5
2488,39,40,39.5
2488,39,40,39.5
2488,39,40,39.5
2488,39,40,39.5
2488,39,40,39.5
2488,39,40,39.5
2488,39,40,39.5
2488,39,40,39.5
2488,39,40,39.5
2488,39,40,39.5
2488,39,40,39.5
2488,39,40,39.5
2488,39,40,39.5
2488,39,40,39.5
2488,39,40,39.5
2488,39,40,39.5
2488,39,40,39.5
2488,39,40,39.5
2488,39,40,39.5
2488,39,40,39.5
2488,39,40,39.5
2488,39,40,39.5
2488,39,40,39.5
2488,39,40,39.5
2488,39,40,39.5
2489,39,40,39.5
2489,39,40,39.5
2489,39,40,39.5
2489,39,40,39.5
2489,39,40,39.5
2490,39,40,39.5
2490,39,40,39.5
2490,39,40,39.5
2490,39,40,39.5
2490,39,40,39.5
2491,39,40,39.5
2491,39,40,39.5
2491,39,40,39.5
2491,39,40,39.5
2491,39,40,39.5
2491,39,40,39.5
2491,39,40,39.5
2491,39,40,39.5
2491,39,40,39.5
2491,39,40,39.5
2491,39,40,39.5
2491,39,40,39.5
2491,39,40,39.5
2491,39,40,39.5
2492,39,40,39.5
2492,39,40,39.5
2492,39,40,39.5
2492,39,40,39.5
2492,39,40,39.5
2492,39,40,39.5
2492,39,40,39.5
2492,39,40,39.5
2492,39,40,39.5
2492,39,40,39.5
2492,39,40,39.5
2492,39,40,39.5
2492,39,40,39.5
2492,39,40,39.5
2492,39,40,39.5
2492,39,40,39.5
2492,39,40,39.5
2492,39,40,39.5
2492,39,40,39.5
2492,39,40,39.5
2492,39,40,39.5
2493,39,40,39.5
2493,39,40,39.5
2493,39,40,39.5
2493,39,40,39.5
2493,39,40,39.5
2493,39,40,39.5
2493,39,40,39.5
2493,39,40,39.5
2493,39,40,39.5
2493,39,40,39.5
2493,39,40,39.5
2493,39,40,39.5
2493,39,40,39.5
2493,39,40,39.5
2494,39,40,39.5
2494,39,40,39.5
2494,39,40,39.5
2494,39,40,39.5
2494,39,40,39.5
2494,39,40,39.5
2494,39,40,39.5
2494,39,40,39.5
2494,39,40,39.5
2494,39,40,39.5
2494,39,40,39.5
2494,39,40,39.5
2494,39,40,39.5
2494,39,40,39.5
2494,39,40,39.5
2494,39,40,39.5
2494,39,40,39.5
2494,39,40,39.5
2494,39,40,39.5
2494,39,40,39.5
2494,39,40,39.5
2494,39,40,39.5
2494,39,40,39.5
2494,39,40,39.5
2494,39,40,39.5
2494,39,40,39.5
2494,39,40,39.5
2494,39,40,39.5
2494,39,40,39.5
2494,39,40,39.5
2494,39,40,39.5
2494,39,40,39.5
2495,39,40,39.5
2495,39,40,39.5
2495,39,40,39.5
2495,39,40,39.5
2495,39,40,39.5
2495,39,40,39.5
2496,39,40,39.5
2496,39,40,39.5
2496,39,40,39.5
2496,39,40,39.5
2496,39,40,39.5
2496,39,40,39.5
2496,39,40,39.5
2496,39,40,39.5
2496,39,40,39.5
2496,39,40,39.5
2496,39,40,39.5
2496,39,40,39.5
2496,39,40,39.5
2496,39,40,39.5
2496,39,40,39.5
2496,39,40,39.5
2496,39,40,39.5
2496,39,40,39.5
2496,39,40,39.5
2496,39,40,39.5
2496,39,40,39.5
2496,39,40,39.5
2496,39,40,39.5
2496,39,40,39.5
2496,39,40,39.5
2496,39,40,39.5
2496,39,40,39.5
2496,39,40,39.5
2497,39,40,39.5
2497,39,40,39.5
2497,39,40,39.5
2497,39,40,39.5
2497,39,40,39.5
2497,39,40,39.5
2497,39,40,39.5
2497,39,40,39.5
2497,39,40,39.5
2497,39,40,39.5
2497,39,40,39.5
2497,39,40,39.5
2497,39,40,39.5
2497,39,40,39.5
2497,39,40,39.5
2497,39,40,39.5
2497,39,40,39.5
2497,39,40,39.5
2497,39,40,39.5
2497,39,40,39.5
2497,39,40,39.5
2497,39,40,39.5
2497,39,40,39.5
2497,39,40,39.5
2497,39,40,39.5
2497,39,40,39.5
2497,39,40,39.5
2497,39,40,39.5
2497,39,40,39.5
2497,39,40,39.5
2497,39,40,39.5
2497,39,40,39.5
2497,39,40,39.5
2497,39,40,39.5
2497,39,40,39.5
2497,39,40,39.5
2497,39,40,39.5
2497,39,40,39.5
2498,39,40,39.5
2498,39,40,39.5
2498,39,40,39.5
2499,39,40,39.5
2499,39,40,39.5
2499,39,40,39.5
2499,39,40,39.5
2500,39,40,39.5
2500,39,40,39.5
2500,39,40,39.5
2500,39,40,39.5
2500,39,40,39.5
2500,39,40,39.5
2500,39,40,39.5
2500,39,40,39.5
2500,39,40,39.5
2500,39,40,39.5
2500,39,40,39.5
2500,39,40,39.5
2500,39,40,39.5
2500,39,40,39.5
2500,39,40,39.5
2500,39,40,39.5
2501,39,40,39.5
2501,39,40,39.5
2501,39,40,39.5
2501,39,40,39.5
2501,39,40,39.5
2502,39,40,39.5
2502,39,40,39.5
2502,39,40,39.5
2502,39,41,40.0
2502,40,41,40.5
2502,40,41,40.5
2502,40,41,40.5
2503,40,41,40.5
2503,40,41,40.5
2503,40,41,40.5
2503,40,41,40.5
2503,40,41,40.5
2503,40,41,40.5
2503,40,41,40.5
2503,40,41,40.5
2503,40,41,40.5
2503,40,41,40.5
2503,40,41,40.5
2503,40,41,40.5
2503,40,41,40.5
2503,40,41,40.5
2503,40,41,40.5
2503,40,41,40.5
2503,40,41,40.5
2503,40,41,40.5
2503,40,41,40.5
2503,40,41,40.5
2503,40,41,40.5
2503,40,41,40.5
2503,40,41,40.5
2503,40,41,40.5
2503,40,41,40.5
2503,40,41,40.5
2503,40,41,40.5
2503,40,41,40.5
2503,40,41,40.5
2504,40,41,40.5
2504,40,41,40.5
2504,40,41,40.5
2504,40,41,40.5
2504,40,41,40.5
2504,40,41,40.5
2504,40,41,40.5
2504,40,41,40.5
2504,40,41,40.5
2504,40,41,40.5
2504,40,41,40.5
2504,40,41,40.5
2504,40,41,40.5
2504,40,41,40.5
2504,40,41,40.5
2504,40,41,40.5
2504,40,41,40.5
2504,40,41,40.5
2504,40,41,40.5
2504,40,41,40.5
2504,40,41,40.5
2504,40,41,40.5
2504,40,41,40.5
2504,40,41,40.5
2504,40,41,40.5
2504,40,41,40.5
2504,40,41,40.5
2504,40,41,40.5
2504,40,41,40.5
2504,40,41,40.5
2504,40,41,40.5
2504,40,41,40.5
2504,40,41,40.5
2504,40,41,40.5
2504,40,41,40.5
2504,40,41,40.5
2504,40,41,40.5
2504,40,41,40.5
2504,40,41,40.5
2504,40,41,40.5
2504,40,41,40.5
2504,40,41,40.5
2504,40,41,40.5
2504,40,41,40.5
2504,40,41,40.5
2504,40,41,40.5
2504,40,41,40.5
2504,40,41,40.5
2504,40,41,40.5
2504,40,41,40.5
2504,40,41,40.5
2504,40,41,40.5
2504,40,41,40.5
2504,40,41,40.5
2504,40,41,40.5
2504,40,41,40.5
2504,40,41,40.5
2504,40,41,40.5
2504,40,41,40.5
2504,40,41,40.5
2505,40,41,40.5
2505,40,41,40.5
2505,40,41,40.5
2505,40,41,40.5
2505,40,41,40.5
2505,40,41,40.5
2505,40,41,40.5
2505,40,41,40.5
2505,40,41,40.5
2505,40,41,40.5
2505,40,41,40.5
2505,40,41,40.5
2505,40,41,40.5
2505,40,41,40.5
2505,40,41,40.5
2505,40,41,40.5
2505,40,41,40.5
2505,40,41,40.5
2505,40,41,40.5
2505,40,41,40.5
2505,40,41,40.5
2505,40,41,40.5
2505,40,41,40.5
2505,40,41,40.5
2505,40,41,40.5
2505,40,41,40.5
2505,40,41,40.5
2505,40,41,40.5
2505,40,41,40.5
2505,40,41,40.5
2505,40,41,40.5
2505,40,41,40.5
2505,40,41,40.5
2506,40,41,40.5
2506,40,41,40.5
2506,40,41,40.5
2506,40,41,40.5
2506,40,41,40.5
2507,40,41,40.5
2507,40,41,40.5
2507,40,41,40.5
2507,40,41,40.5
2507,40,41,40.5
2507,40,41,40.5
2507,40,41,40.5
2507,40,41,40.5
2507,40,41,40.5
2507,40,41,40.5
2507,40,41,40.5
2507,40,41,40.5
2507,40,41,40.5
2507,40,41,40.5
2507,40,41,40.5
2507,40,41,40.5
2507,40,41,40.5
2507,40,41,40.5
2508,40,41,40.5
2508,40,41,40.5
2508,40,41,40.5
2508,40,41,40.5
2508,40,41,40.5
2508,40,41,40.5
2508,40,41,40.5
2508,40,41,40.5
2509,40,41,40.5
2509,40,41,40.5
2509,40,41,40.5
2509,40,41,40.5
2509,40,41,40.5
2509,40,41,40.5
2509,40,41,40.5
2509,40,41,40.5
2509,40,41,40.5
2509,40,41,40.5
2509,40,41,40.5
2509,40,41,40.5
2509,40,41,40.5
2509,40,41,40.5
2510,40,41,40.5
2510,40,41,40.5
2510,40,41,40.5
2510,40,41,40.5
2510,40,41,40.5
2510,40,41,40.5
2510,40,41,40.5
2510,40,41,40.5
2511,40,41,40.5
2511,40,41,40.5
2511,40,41,40.5
2511,40,41,40.5
2511,40,41,40.5
2511,40,41,40.5
2511,40,41,40.5
2511,40,41,40.5
2511,40,41,40.5
2511,40,41,40.5
2512,40,41,40.5
2512,40,41,40.5
2512,40,41,40.5
2512,40,41,40.5
2512,40,41,40.5
2512,40,41,40.5
2512,40,41,40.5
2513,40,41,40.5
2513,40,41,40.5
2513,40,41,40.5
2513,40,41,40.5
2513,40,41,40.5
2513,40,41,40.5
2513,40,41,40.5
2513,40,41,40.5
2513,40,41,40.5
2513,40,41,40.5
2513,40,41,40.5
2513,40,41,40.5
2513,40,41,40.5
2513,40,41,40.5
2513,40,41,40.5
2514,40,41,40.5
2514,40,41,40.5
2514,40,41,40.5
2514,40,41,40.5
2515,40,41,40.5
2515,40,41,40.5
2515,40,41,40.5
2515,40,41,40.5
2515,40,41,40.5
2515,40,41,40.5
2515,40,41,40.5
2516,40,41,40.5
2516,40,41,40.5
2517,40,41,40.5
2517,40,41,40.5
2518,40,41,40.5
2518,40,41,40.5
2518,40,41,40.5
2518,40,41,40.5
2518,40,41,40.5
2518,40,41,40.5
2518,40,41,40.5
2518,40,41,40.5
2518,40,41,40.5
2518,40,41,40.5
2518,40,41,40.5
2519,40,41,40.5
2519,40,41,40.5
2519,40,41,40.5
2519,40,41,40.5
2519,40,41,40.5
2519,40,41,40.5
2519,40,41,40.5
2519,40,41,40.5
2519,40,41,40.5
2519,40,41,40.5
2519,40,41,40.5
2519,40,41,40.5
2519,40,41,40.5
2519,40,41,40.5
2519,40,41,40.5
2519,40,41,40.5
2519,40,41,40.5
2519,40,41,40.5
2519,40,41,40.5
2519,40,41,40.5
2519,40,41,40.5
2519,40,41,40.5
2519,40,41,40.5
2519,40,41,40.5
2519,40,41,40.5
2519,40,41,40.5
2519,40,41,40.5
2519,40,41,40.5
2519,40,41,40.5
2519,40,41,40.5
2519,40,41,40.5
2519,40,41,40.5
2519,40,41,40.5
2519,40,41,40.5
2519,40,41,40.5
2519,40,41,40.5
2519,40,41,40.5
2519,40,41,40.5
2519,40,41,40.5
2519,40,41,40.5
2519,40,41,40.5
2519,40,41,40.5
2519,40,41,40.5
2519,40,41,40.5
2519,40,41,40.5
2519,40,41,40.5
2519,40,41,40.5
2519,40,41,40.5
2519,40,41,40.5
2519,40,43,41.5
2519,40,43,41.5
2519,40,43,41.5
2519,40,43,41.5
2519,40,43,41.5
2519,40,43,41.5
2519,40,43,41.5
2519,40,43,41.5
2519,40,43,41.5
2519,40,43,41.5
2519,40,43,41.5
2519,40,43,41.5
2519,40,43,41.5
2519,40,43,41.5
2519,40,43,41.5
2519,40,42,41.0
2519,40,42,41.0
2519,40,42,41.0
2519,40,42,41.0
2519,40,42,41.0
2519,40,42,41.0
2519,40,42,41.0
2519,40,42,41.0
2519,40,42,41.0
2519,40,42,41.0
2519,40,42,41.0
2520,40,42,41.0
2520,40,42,41.0
2520,40,42,41.0
2520,40,42,41.0
2520,40,42,41.0
2520,40,42,41.0
2520,40,42,41.0
2520,40,42,41.0
2520,40,42,41.0
2520,40,42,41.0
2520,40,42,41.0
2520,40,43,41.5
2520,40,43,41.5
2520,40,43,41.5
2520,40,43,41.5
2520,40,43,41.5
2520,40,43,41.5
2520,40,43,41.5
2520,40,43,41.5
2520,40,43,41.5
2520,40,43,41.5
2520,40,43,41.5
2520,40,43,41.5
2520,40,43,41.5
2520,40,43,41.5
2520,40,43,41.5
2520,40,43,41.5
2520,40,43,41.5
2520,40,43,41.5
2520,40,43,41.5
2520,40,43,41.5
2520,40,43,41.5
2520,40,43,41.5
2520,40,43,41.5
2520,40,43,41.5
2520,40,43,41.5
2520,40,43,41.5
2520,40,43,41.5
2520,40,43,41.5
2520,40,43,41.5
2520,40,43,41.5
2520,40,43,41.5
2521,40,43,41.5
2521,40,43,41.5
2521,40,43,41.5
2521,40,43,41.5
2521,40,43,41.5
2521,40,43,41.5
2521,40,43,41.5
2521,40,43,41.5
2522,40,43,41.5
2522,40,43,41.5
2523,40,43,41.5
2523,40,43,41.5
2523,40,43,41.5
2523,40,43,41.5
2523,40,43,41.5
2523,40,43,41.5
2523,40,43,41.5
2523,40,43,41.5
2523,40,43,41.5
2524,40,43,41.5
2524,40,43,41.5
2524,40,43,41.5
2524,40,43,41.5
2524,40,43,41.5
2524,40,43,41.5
2524,40,43,41.5
2524,40,43,41.5
2525,40,43,41.5
2525,40,43,41.5
2525,40,43,41.5
2525,40,43,41.5
2525,40,43,41.5
2525,40,43,41.5
2525,40,43,41.5
2525,40,43,41.5
2525,40,43,41.5
2525,40,43,41.5
2525,40,43,41.5
2525,40,43,41.5
2525,40,43,41.5
2525,40,43,41.5
2525,40,43,41.5
2525,40,43,41.5
2525,40,43,41.5
2525,40,43,41.5
2525,40,43,41.5
2525,40,43,41.5
2526,40,43,41.5
2526,40,43,41.5
2526,40,43,41.5
2526,40,43,41.5
2526,40,43,41.5
2527,40,43,41.5
2527,40,43,41.5
2527,40,44,42.0
2527,40,44,42.0
2527,40,43,41.5
2527,40,43,41.5
2527,40,43,41.5
2527,40,43,41.5
2527,40,43,41.5
2527,40,43,41.5
2527,40,43,41.5
2527,40,43,41.5
2527,40,43,41.5
2527,40,43,41.5
2527,40,43,41.5
2527,40,43,41.5
2527,40,43,41.5
2527,40,43,41.5
2527,40,43,41.5
2527,40,43,41.5
2528,40,43,41.5
2528,40,43,41.5
2528,40,43,41.5
2528,40,43,41.5
2529,40,43,41.5
2530,40,43,41.5
2530,40,43,41.5
2530,40,43,41.5
2530,40,43,41.5
2530,40,43,41.5
2530,40,43,41.5
2530,40,43,41.5
2530,40,43,41.5
2530,40,43,41.5
2530,40,43,41.5
2530,40,43,41.5
2530,40,43,41.5
2530,40,43,41.5
2531,40,43,41.5
2531,40,43,41.5
2531,40,43,41.5
2531,40,43,41.5
2531,40,43,41.5
2531,40,43,41.5
2531,40,43,41.5
2531,40,43,41.5
2532,40,43,41.5
2532,40,43,41.5
2532,40,43,41.5
2533,40,43,41.5
2533,40,43,41.5
2533,40,43,41.5
2533,40,43,41.5
2533,40,43,41.5
2533,40,43,41.5
2533,40,43,41.5
2534,40,43,41.5
2534,40,43,41.5
2535,40,43,41.5
2535,40,43,41.5
2535,40,43,41.5
2535,40,43,41.5
2535,40,43,41.5
2535,40,43,41.5
2535,40,43,41.5
2535,40,43,41.5
2535,40,43,41.5
2535,40,43,41.5
2535,40,43,41.5
2535,40,43,41.5
2535,40,43,41.5
2535,40,43,41.5
2535,40,43,41.5
2535,40,43,41.5
2536,40,43,41.5
2536,40,43,41.5
2536,40,43,41.5
2536,40,43,41.5
2536,40,43,41.5
2537,40,43,41.5
2537,40,43,41.5
2537,40,43,41.5
2537,40,43,41.5
2537,40,43,41.5
2537,40,43,41.5
2537,40,43,41.5
2537,40,43,41.5
2537,40,43,41.5
2537,41,43,42.0
2537,41,43,42.0
2537,41,43,42.0
2537,41,43,42.0
2537,41,43,42.0
2537,41,43,42.0
2537,41,43,42.0
2537,41,43,42.0
2537,41,43,42.0
2537,41,43,42.0
2537,41,43,42.0
2537,41,43,42.0
2537,41,43,42.0
2537,41,43,42.0
2537,41,43,42.0
2537,41,43,42.0
2537,41,43,42.0
2537,41,43,42.0
2537,41,43,42.0
2537,41,43,42.0
2537,41,43,42.0
2537,41,43,42.0
2537,41,43,42.0
2537,41,43,42.0
2537,41,43,42.0
2537,41,43,42.0
2537,41,43,42.0
2537,41,43,42.0
2537,41,43,42.0
2537,41,43,42.0
2537,41,44,42.5
2537,41,44,42.5
2537,41,44,42.5
2537,41,44,42.5
2537,41,44,42.5
2537,41,44,42.5
2537,41,44,42.5
2537,41,44,42.5
2537,41,44,42.5
2537,41,44,42.5
2537,41,44,42.5
2537,41,44,42.5
2537,41,44,42.5
2537,41,44,42.5
2537,41,44,42.5
2537,42,44,43.0
2537,42,44,43.0
2537,42,44,43.0
2537,42,44,43.0
2537,42,44,43.0
2537,42,44,43.0
2537,42,44,43.0
2537,42,44,43.0
2537,42,44,43.0
2537,42,44,43.0
2537,42,44,43.0
2537,42,44,43.0
2537,42,44,43.0
2537,42,44,43.0
2537,42,44,43.0
2537,42,44,43.0
2537,42,44,43.0
2537,42,44,43.0
2537,42,44,43.0
2537,42,44,43.0
2537,42,44,43.0
2537,42,44,43.0
2537,42,44,43.0
2537,42,44,43.0
2537,42,44,43.0
2538,42,44,43.0
2538,42,44,43.0
2538,42,44,43.0
2538,42,44,43.0
2538,42,44,43.0
2538,42,44,43.0
2538,42,44,43.0
2538,42,44,43.0
2538,42,44,43.0
2538,42,44,43.0
2538,42,44,43.0
2538,42,44,43.0
2538,42,44,43.0
2538,42,44,43.0
2538,42,44,43.0
2538,42,44,43.0
2538,43,44,43.5
2538,43,44,43.5
2538,43,44,43.5
2538,43,44,43.5
2538,43,44,43.5
2538,43,44,43.5
2538,43,44,43.5
2538,43,44,43.5
2538,43,44,43.5
2538,43,44,43.5
2538,43,44,43.5
2538,43,44,43.5
2538,43,44,43.5
2538,43,44,43.5
2538,43,44,43.5
2538,43,44,43.5
2538,43,44,43.5
2538,43,44,43.5
2538,43,44,43.5
2538,43,44,43.5
2538,43,44,43.5
2538,43,44,43.5
2538,43,44,43.5
2538,43,44,43.5
2538,43,44,43.5
2539,43,44,43.5
2539,43,44,43.5
2539,43,44,43.5
2539,43,44,43.5
2539,43,45,44.0
2539,43,45,44.0
2539,43,45,44.0
2539,43,45,44.0
2539,43,45,44.0
2539,43,45,44.0
2539,43,45,44.0
2539,43,45,44.0
2539,43,44,43.5
2539,43,44,43.5
2539,43,44,43.5
2539,43,45,44.0
2540,43,45,44.0
2540,43,45,44.0
2540,43,45,44.0
2540,43,45,44.0
2540,43,45,44.0
2540,43,45,44.0
2540,43,45,44.0
2540,43,45,44.0
2540,43,45,44.0
2540,43,45,44.0
2540,43,45,44.0
2540,43,45,44.0
2540,43,45,44.0
2540,43,45,44.0
2540,43,45,44.0
2540,43,45,44.0
2541,43,45,44.0
2541,43,45,44.0
2541,43,45,44.0
2541,43,44,43.5
2541,43,44,43.5
2541,43,44,43.5
2541,43,44,43.5
2541,43,44,43.5
2541,43,44,43.5
2541,43,44,43.5
2541,43,44,43.5
2541,43,44,43.5
2541,43,44,43.5
2541,43,44,43.5
2541,43,44,43.5
2541,43,44,43.5
2542,43,44,43.5
2542,43,44,43.5
2542,43,44,43.5
2542,43,44,43.5
2542,43,44,43.5
2542,43,44,43.5
2542,43,44,43.5
2542,43,44,43.5
2542,43,44,43.5
2543,43,44,43.5
2543,43,44,43.5
2543,43,44,43.5
2543,43,44,43.5
2543,43,44,43.5
2543,43,44,43.5
2543,43,44,43.5
2543,43,44,43.5
2543,43,44,43.5
2543,43,44,43.5
2543,43,44,43.5
2543,43,44,43.5
2543,43,44,43.5
2543,43,44,43.5
2544,43,44,43.5
2544,43,44,43.5
2544,43,44,43.5
2544,43,44,43.5
2544,43,44,43.5
2544,43,44,43.5
2544,43,44,43.5
2544,43,44,43.5
2544,43,44,43.5
2544,43,44,43.5
2544,43,44,43.5
2544,43,44,43.5
2545,43,44,43.5
2545,43,44,43.5
2545,43,44,43.5
2545,43,44,43.5
2545,43,44,43.5
2545,43,44,43.5
2546,43,44,43.5
2546,43,44,43.5
2546,43,44,43.5
2546,43,44,43.5
2546,43,44,43.5
2546,43,44,43.5
2546,43,44,43.5
2546,43,44,43.5
2546,43,44,43.5
2546,43,44,43.5
2546,43,44,43.5
2546,43,44,43.5
2546,43,44,43.5
2547,43,44,43.5
2547,43,44,43.5
2547,43,44,43.5
2547,43,44,43.5
2547,43,44,43.5
2547,43,44,43.5
2548,43,44,43.5
2548,43,44,43.5
2548,43,44,43.5
2548,43,44,43.5
2548,43,44,43.5
2548,43,44,43.5
2549,43,44,43.5
2549,43,44,43.5
2549,43,44,43.5
2549,43,44,43.5
2549,43,44,43.5
2549,43,44,43.5
2550,43,44,43.5
2550,43,44,43.5
2551,43,44,43.5
2551,43,44,43.5
2551,43,44,43.5
2552,43,44,43.5
2552,43,44,43.5
2552,43,44,43.5
2552,43,44,43.5
2552,43,44,43.5
2552,43,44,43.5
2552,43,44,43.5
2552,43,44,43.5
2552,43,44,43.5
2552,43,44,43.5
2552,43,44,43.5
2552,43,44,43.5
2552,43,44,43.5
2552,43,44,43.5
2552,43,44,43.5
2552,43,44,43.5
2552,43,44,43.5
2552,43,44,43.5
2552,43,44,43.5
2552,43,44,43.5
2552,42,44,43.0
2552,42,44,43.0
2552,42,44,43.0
2552,42,44,43.0
2552,42,44,43.0
2552,42,44,43.0
2552,42,44,43.0
2552,42,44,43.0
2552,42,44,43.0
2552,42,44,43.0
2552,42,44,43.0
2552,42,44,43.0
2552,42,44,43.0
2552,42,44,43.0
2552,42,44,43.0
2552,42,44,43.0
2552,42,44,43.0
2552,42,44,43.0
2552,42,44,43.0
2552,42,44,43.0
2552,42,44,43.0
2552,42,44,43.0
2552,42,44,43.0
2552,42,44,43.0
2552,42,44,43.0
2552,42,44,43.0
2552,41,44,42.5
2552,41,44,42.5
2552,40,44,42.0
2552,40,44,42.0
2552,40,44,42.0
2552,40,44,42.0
2552,40,44,42.0
2552,40,44,42.0
2552,40,44,42.0
2552,40,44,42.0
2552,40,44,42.0
2552,40,44,42.0
2552,40,44,42.0
2552,40,44,42.0
2552,40,44,42.0
2552,40,44,42.0
2552,40,44,42.0
2552,40,44,42.0
2552,40,44,42.0
2552,40,44,42.0
2552,39,44,41.5
2552,39,44,41.5
2552,39,44,41.5
2552,39,44,41.5
2552,39,44,41.5
2552,39,44,41.5
2552,39,44,41.5
2552,41,44,42.5
2552,41,44,42.5
2552,41,44,42.5
2552,41,44,42.5
2552,41,44,42.5
2552,41,44,42.5
2552,41,44,42.5
2552,41,44,42.5
2552,41,44,42.5
2552,41,44,42.5
2552,41,44,42.5
2552,41,44,42.5
2552,41,44,42.5
2552,41,44,42.5
2552,41,44,42.5
2552,41,44,42.5
2552,41,44,42.5
2552,41,44,42.5
2552,41,44,42.5
2552,41,44,42.5
2552,41,44,42.5
2552,41,44,42.5
2552,41,44,42.5
2552,41,44,42.5
2552,41,44,42.5
2552,41,44,42.5
2552,41,44,42.5
2552,41,44,42.5
2552,41,44,42.5
2552,41,44,42.5
2552,41,44,42.5
2552,41,44,42.5
2552,41,44,42.5
2552,41,44,42.5
2552,41,44,42.5
2552,41,44,42.5
2552,39,44,41.5
2552,40,44,42.0
2552,40,44,42.0
2552,40,44,42.0
2552,40,44,42.0
2552,40,44,42.0
2552,40,44,42.0
2552,40,44,42.0
2552,40,44,42.0
2552,40,44,42.0
2552,40,44,42.0
2552,40,44,42.0
2552,40,44,42.0
2552,40,44,42.0
2552,40,44,42.0
2552,40,47,43.5
2552,40,47,43.5
2552,40,47,43.5
2552,40,47,43.5
2552,40,47,43.5
2552,40,47,43.5
2552,40,47,43.5
2552,40,47,43.5
2552,40,47,43.5
2552,40,47,43.5
2552,39,47,43.0
2552,39,47,43.0
2552,39,47,43.0
2552,39,47,43.0
2552,39,46,42.5
2552,39,46,42.5
2552,39,46,42.5
2552,39,46,42.5
2552,39,46,42.5
2552,39,46,42.5
2552,39,46,42.5
2552,39,46,42.5
2552,39,46,42.5
2552,39,46,42.5
2552,39,46,42.5
2552,39,46,42.5
2552,39,46,42.5
2552,39,46,42.5
2552,39,46,42.5
2552,39,46,42.5
2552,39,46,42.5
2552,39,46,42.5
2552,39,46,42.5
2553,41,46,43.5
2553,41,46,43.5
2553,41,46,43.5
2553,41,46,43.5
2553,41,46,43.5
2553,41,46,43.5
2553,41,46,43.5
2553,41,46,43.5
2553,41,46,43.5
2553,41,46,43.5
2553,41,46,43.5
2553,41,46,43.5
2553,40,46,43.0
2553,39,46,42.5
2553,39,46,42.5
2553,39,46,42.5
2553,39,46,42.5
2553,39,46,42.5
2553,39,46,42.5
2553,39,46,42.5
2553,39,46,42.5
2553,39,46,42.5
2553,39,46,42.5
2553,39,46,42.5
2553,41,46,43.5
2553,41,46,43.5
2553,41,46,43.5
2553,41,46,43.5
2553,41,46,43.5
2553,41,46,43.5
2553,41,46,43.5
2553,41,46,43.5
2553,41,46,43.5
2553,40,46,43.0
2553,39,46,42.5
2553,39,46,42.5
2553,41,46,43.5
2553,41,46,43.5
2553,41,46,43.5
2553,41,46,43.5
2553,41,46,43.5
2553,41,46,43.5
2553,41,46,43.5
2553,41,46,43.5
2553,39,46,42.5
2553,39,46,42.5
2553,39,46,42.5
2553,40,46,43.0
2553,40,46,43.0
2553,40,46,43.0
2553,40,46,43.0
2553,39,46,42.5
2553,39,46,42.5
2553,39,46,42.5
2553,39,46,42.5
2553,39,46,42.5
2553,39,46,42.5
2553,39,46,42.5
2553,39,46,42.5
2553,41,46,43.5
2553,41,46,43.5
2553,41,46,43.5
2553,41,46,43.5
2553,41,46,43.5
2553,41,46,43.5
2553,41,46,43.5
2553,41,46,43.5
2553,41,46,43.5
2553,41,46,43.5
2553,40,46,43.0
2554,40,46,43.0
2554,39,46,42.5
2554,39,46,42.5
2554,39,46,42.5
2554,39,46,42.5
2554,39,46,42.5
2554,39,46,42.5
2554,41,46,43.5
2554,41,46,43.5
2554,41,46,43.5
2554,39,46,42.5
2554,39,46,42.5
2554,39,46,42.5
2554,39,46,42.5
2554,39,46,42.5
2554,39,46,42.5
2554,39,46,42.5
2554,40,46,43.0
2554,40,46,43.0
2554,40,46,43.0
2554,39,46,42.5
2554,39,46,42.5
2554,39,46,42.5
2554,39,46,42.5
2554,39,46,42.5
2554,39,46,42.5
2554,39,46,42.5
2554,39,46,42.5
2554,39,46,42.5
2554,40,46,43.0
2554,40,46,43.0
2554,40,46,43.0
2554,40,46,43.0
2554,40,46,43.0
2554,40,46,43.0
2554,40,46,43.0
2554,39,46,42.5
2555,39,46,42.5
2555,39,46,42.5
2555,39,46,42.5
2555,39,46,42.5
2555,39,46,42.5
2555,39,46,42.5
2555,39,46,42.5
2555,39,46,42.5
2555,39,46,42.5
2555,39,46,42.5
2555,39,46,42.5
2555,39,46,42.5
2555,39,46,42.5
2555,39,46,42.5
2555,39,46,42.5
2555,39,46,42.5
2555,39,46,42.5
2555,40,46,43.0
2555,40,46,43.0
2555,40,46,43.0
2556,40,46,43.0
2556,40,46,43.0
2556,40,46,43.0
2556,40,46,43.0
2556,40,46,43.0
2556,40,46,43.0
2556,40,46,43.0
2556,40,46,43.0
2556,40,46,43.0
2556,40,46,43.0
2556,40,46,43.0
2556,40,46,43.0
2556,40,46,43.0
2556,40,46,43.0
2556,40,46,43.0
2556,40,46,43.0
2556,40,46,43.0
2556,40,46,43.0
2556,40,46,43.0
2556,40,46,43.0
2556,40,46,43.0
2556,40,46,43.0
2556,40,46,43.0
2556,40,46,43.0
2556,40,46,43.0
2556,40,46,43.0
2556,40,46,43.0
2556,40,46,43.0
2556,40,46,43.0
2557,40,46,43.0
2557,40,46,43.0
2557,40,46,43.0
2557,40,46,43.0
2557,40,46,43.0
2557,40,46,43.0
2557,40,46,43.0
2557,40,46,43.0
2557,40,46,43.0
2557,40,46,43.0
2557,40,46,43.0
2557,40,46,43.0
2557,40,46,43.0
2557,40,46,43.0
2557,40,46,43.0
2557,40,46,43.0
2557,40,46,43.0
2557,40,46,43.0
2557,40,46,43.0
2557,40,46,43.0
2557,40,46,43.0
2557,40,46,43.0
2557,40,46,43.0
2557,40,46,43.0
2557,40,46,43.0
2557,40,46,43.0
2557,40,46,43.0
2557,40,46,43.0
2557,40,46,43.0
2557,40,46,43.0
2557,40,46,43.0
2557,40,46,43.0
2557,40,46,43.0
2557,40,46,43.0
2557,40,46,43.0
2557,40,46,43.0
2557,40,46,43.0
2557,40,46,43.0
2557,40,46,43.0
2557,40,46,43.0
2557,40,46,43.0
2557,40,46,43.0
2557,40,46,43.0
2557,40,46,43.0
2557,40,46,43.0
2557,40,46,43.0
2557,40,45,42.5
2557,40,45,42.5
2557,40,45,42.5
2557,40,45,42.5
2557,40,45,42.5
2557,40,45,42.5
2557,40,45,42.5
2557,40,45,42.5
2557,40,45,42.5
2557,40,45,42.5
2557,40,45,42.5
2557,40,44,42.0
2557,40,44,42.0
2557,40,44,42.0
2557,40,44,42.0
2557,40,44,42.0
2557,40,44,42.0
2557,40,44,42.0
2557,40,43,41.5
2557,40,43,41.5
2557,40,43,41.5
2557,40,43,41.5
2557,40,43,41.5
2557,40,43,41.5
2557,40,43,41.5
2557,40,43,41.5
2557,40,43,41.5
2557,40,43,41.5
2557,40,43,41.5
2557,40,43,41.5
2557,40,43,41.5
2557,40,43,41.5
2557,40,43,41.5
2557,40,43,41.5
2557,40,43,41.5
2557,40,43,41.5
2557,40,43,41.5
2557,40,43,41.5
2557,40,43,41.5
2557,40,43,41.5
2557,40,43,41.5
2557,40,43,41.5
2557,40,43,41.5
2557,40,43,41.5
2557,40,43,41.5
2557,40,43,41.5
2557,40,43,41.5
2557,40,43,41.5
2557,40,42,41.0
2557,40,42,41.0
2557,40,42,41.0
2557,40,42,41.0
2557,40,42,41.0
2557,40,42,41.0
2557,40,42,41.0
2557,40,42,41.0
2557,40,41,40.5
2557,40,41,40.5
2557,40,41,40.5
2557,40,41,40.5
2558,40,41,40.5
2558,40,41,40.5
2558,40,41,40.5
2558,40,41,40.5
2558,40,41,40.5
2558,40,41,40.5
2558,40,41,40.5
2558,40,41,40.5
2558,40,41,40.5
2558,40,41,40.5
2558,40,41,40.5
2558,40,41,40.5
2558,40,41,40.5
2558,40,41,40.5
2558,40,41,40.5
2558,40,41,40.5
2558,40,41,40.5
2558,40,41,40.5
2558,39,41,40.0
2558,39,41,40.0
2558,39,41,40.0
2558,39,41,40.0
2558,39,41,40.0
2558,39,41,40.0
2558,39,41,40.0
2558,39,41,40.0
2558,39,41,40.0
2558,39,41,40.0
2558,39,40,39.5
2558,39,40,39.5
2558,39,40,39.5
2558,39,40,39.5
2558,39,40,39.5
2558,39,40,39.5
2558,39,40,39.5
2558,39,40,39.5
2558,39,40,39.5
2558,39,40,39.5
2558,39,40,39.5
2558,39,40,39.5
2558,39,40,39.5
2558,39,40,39.5
2558,39,40,39.5
2558,39,40,39.5
2558,39,40,39.5
2558,39,40,39.5
2558,39,40,39.5
2558,39,40,39.5
2558,39,40,39.5
2558,39,40,39.5
2558,39,40,39.5
2558,39,40,39.5
2558,39,40,39.5
2558,39,40,39.5
2558,39,40,39.5
2558,39,40,39.5
2558,39,40,39.5
2558,39,40,39.5
2558,39,40,39.5
2558,39,40,39.5
2558,39,40,39.5
2558,39,40,39.5
2558,39,40,39.5
2558,39,40,39.5
2558,39,40,39.5
2558,39,40,39.5
2558,39,40,39.5
2558,39,40,39.5
2558,39,40,39.5
2558,39,40,39.5
2558,39,40,39.5
2558,39,40,39.5
2558,39,40,39.5
2558,39,40,39.5
2558,39,40,39.5
2558,39,40,39.5
2558,39,40,39.5
2558,39,40,39.5
2559,39,40,39.5
2559,39,40,39.5
2559,39,40,39.5
2559,39,40,39.5
2559,39,40,39.5
2559,39,40,39.5
2559,39,40,39.5
2559,39,40,39.5
2559,39,40,39.5
2559,39,40,39.5
2559,39,40,39.5
2559,39,40,39.5
2559,39,40,39.5
2559,39,40,39.5
2559,39,40,39.5
2559,39,40,39.5
2559,39,40,39.5
2559,39,40,39.5
2559,39,40,39.5
2559,39,40,39.5
2559,39,40,39.5
2559,39,40,39.5
2559,39,40,39.5
2559,39,40,39.5
2559,39,40,39.5
2559,39,40,39.5
2559,39,40,39.5
2559,39,40,39.5
2559,39,40,39.5
2559,39,40,39.5
2559,39,40,39.5
2559,39,40,39.5
2559,39,40,39.5
2559,39,40,39.5
2559,39,40,39.5
2559,39,40,39.5
2559,39,40,39.5
2559,39,40,39.5
2559,39,40,39.5
2559,39,40,39.5
2559,39,40,39.5
2559,39,40,39.5
2559,39,40,39.5
2559,39,40,39.5
2559,39,40,39.5
2559,39,40,39.5
2559,39,40,39.5
2559,39,40,39.5
2560,39,40,39.5
2560,39,40,39.5
2560,39,40,39.5
2560,39,40,39.5
2561,39,40,39.5
2561,39,40,39.5
2561,39,40,39.5
2561,39,40,39.5
2561,39,40,39.5
2561,39,40,39.5
2561,39,40,39.5
2561,39,40,39.5
2561,39,40,39.5
2561,39,40,39.5
2561,39,40,39.5
2562,39,40,39.5
2562,39,40,39.5
2562,39,40,39.5
2562,39,40,39.5
2562,39,40,39.5
2563,39,40,39.5
2563,39,40,39.5
2563,39,40,39.5
2563,39,40,39.5
2563,39,40,39.5
2563,39,40,39.5
2563,39,40,39.5
2563,39,40,39.5
2564,39,40,39.5
2564,39,40,39.5
2564,39,40,39.5
2564,39,40,39.5
2564,39,40,39.5
2564,39,40,39.5
2564,39,40,39.5
2564,39,40,39.5
2565,39,40,39.5
2565,39,40,39.5
2565,39,40,39.5
2566,39,40,39.5
2566,39,40,39.5
2566,39,40,39.5
2566,39,40,39.5
2566,39,40,39.5
2566,39,40,39.5
2566,39,40,39.5
2567,39,40,39.5
2567,39,40,39.5
2567,39,40,39.5
2567,39,40,39.5
2567,39,40,39.5
2567,39,40,39.5
2567,39,40,39.5
2568,39,40,39.5
2568,39,40,39.5
2569,39,40,39.5
2569,39,40,39.5
2569,39,40,39.5
2569,39,40,39.5
2569,39,40,39.5
2570,39,40,39.5
2570,39,40,39.5
2570,39,40,39.5
2571,39,40,39.5
2571,39,40,39.5
2571,39,40,39.5
2571,39,40,39.5
2571,39,40,39.5
2571,39,40,39.5
2571,39,40,39.5
2573,39,40,39.5
2573,39,40,39.5
2573,39,40,39.5
2573,39,40,39.5
2575,39,40,39.5
2575,39,40,39.5
2575,39,40,39.5
2575,39,40,39.5
2575,39,40,39.5
2575,39,40,39.5
2575,39,40,39.5
2575,39,40,39.5
2575,39,40,39.5
2575,39,40,39.5
2575,39,40,39.5
2575,39,40,39.5
2575,39,40,39.5
2575,39,40,39.5
2575,39,40,39.5
2575,39,40,39.5
2575,39,40,39.5
2575,39,40,39.5
2575,39,40,39.5
2575,39,40,39.5
2575,39,40,39.5
2575,39,40,39.5
2575,39,40,39.5
2575,39,40,39.5
2575,39,40,39.5
2575,39,40,39.5
2575,39,40,39.5
2575,39,40,39.5
2575,39,40,39.5
2575,39,40,39.5
2576,39,40,39.5
2576,39,40,39.5
2576,39,40,39.5
2576,39,40,39.5
2576,39,40,39.5
2577,39,40,39.5
2577,39,40,39.5
2577,39,40,39.5
2578,39,40,39.5
2579,39,40,39.5
2579,39,40,39.5
2579,39,40,39.5
2579,39,40,39.5
2579,39,40,39.5
2579,39,40,39.5
2579,39,40,39.5
2579,39,40,39.5
2579,39,40,39.5
2579,39,40,39.5
2579,39,40,39.5
2579,39,40,39.5
2579,39,40,39.5
2580,39,40,39.5
2580,39,40,39.5
2580,39,40,39.5
2580,39,40,39.5
2580,39,40,39.5
2580,39,40,39.5
2580,39,40,39.5
2580,39,40,39.5
2580,39,40,39.5
2581,39,40,39.5
2581,39,40,39.5
2581,39,40,39.5
2581,39,40,39.5
2581,39,40,39.5
2582,39,40,39.5
2582,39,40,39.5
2582,39,40,39.5
2582,39,40,39.5
2582,39,40,39.5
2582,39,40,39.5
2583,39,40,39.5
2583,39,40,39.5
2583,39,40,39.5
2583,39,40,39.5
2583,39,40,39.5
2583,39,40,39.5
2583,39,40,39.5
2583,39,40,39.5
2583,39,40,39.5
2583,39,40,39.5
2583,39,40,39.5
2583,39,40,39.5
2583,39,40,39.5
2583,39,40,39.5
2584,39,40,39.5
2584,39,40,39.5
2586,39,40,39.5
2586,39,40,39.5
2586,39,40,39.5
2586,39,40,39.5
2586,39,40,39.5
2586,39,40,39.5
2586,39,40,39.5
2588,39,40,39.5
2588,39,40,39.5
2588,39,40,39.5
2589,39,40,39.5
2589,39,40,39.5
2589,39,40,39.5
2589,39,40,39.5
2589,39,40,39.5
2589,39,40,39.5
2589,39,40,39.5
2589,39,40,39.5
2589,39,40,39.5
2592,39,40,39.5
2592,39,40,39.5
2592,39,40,39.5
2592,39,40,39.5
2592,39,40,39.5
2592,39,40,39.5
2592,39,40,39.5
2594,39,40,39.5
2594,39,40,39.5
2595,39,40,39.5
2595,39,40,39.5
2595,39,40,39.5
2595,39,40,39.5
2595,39,40,39.5
2595,39,40,39.5
2595,39,40,39.5
2595,39,40,39.5
2596,39,40,39.5
2596,39,40,39.5
2596,39,40,39.5
2596,39,40,39.5
2596,39,40,39.5
2596,39,40,39.5
2596,39,40,39.5
2596,39,40,39.5
2597,39,40,39.5
2600,39,40,39.5
2600,39,40,39.5
2600,39,40,39.5
2600,39,40,39.5
2600,39,40,39.5
2600,39,40,39.5
2601,39,40,39.5
2601,39,40,39.5
2601,39,40,39.5
2601,39,40,39.5
2603,39,40,39.5
2604,39,40,39.5
2604,39,40,39.5
2604,39,40,39.5
2604,39,40,39.5
2604,39,40,39.5
2604,39,40,39.5
2606,39,40,39.5
2606,39,40,39.5
2606,39,40,39.5
2608,39,40,39.5
2609,39,40,39.5
2609,39,40,39.5
2609,39,40,39.5
2609,39,40,39.5
2609,39,40,39.5
2609,39,40,39.5
2609,39,40,39.5
2609,39,40,39.5
2609,39,40,39.5
2609,39,40,39.5
2609,39,40,39.5
2610,39,40,39.5
2610,39,40,39.5
2611,39,40,39.5
2611,39,40,39.5
2612,39,40,39.5
2612,39,40,39.5
2612,39,40,39.5
2613,39,40,39.5
2613,39,40,39.5
2613,39,40,39.5
2613,39,40,39.5
2613,39,40,39.5
2615,39,40,39.5
2615,39,40,39.5
2615,39,40,39.5
2616,39,40,39.5
2616,39,40,39.5
2616,39,40,39.5
2617,39,40,39.5
2617,39,40,39.5
2617,39,40,39.5
2617,39,40,39.5
2618,39,40,39.5
2618,39,40,39.5
2618,39,40,39.5
2618,39,40,39.5
2618,39,40,39.5
2618,39,40,39.5
2618,39,40,39.5
2618,39,40,39.5
2618,39,40,39.5
2618,39,40,39.5
2618,39,40,39.5
2618,39,40,39.5
2618,39,40,39.5
2618,39,40,39.5
2618,39,40,39.5
2619,39,40,39.5
2619,39,40,39.5
2619,39,40,39.5
2619,39,40,39.5
2619,39,40,39.5
2620,39,40,39.5
2620,39,40,39.5
2620,39,40,39.5
2621,39,40,39.5
2621,39,40,39.5
2621,39,40,39.5
2621,39,40,39.5
2621,39,40,39.5
2621,39,40,39.5
2621,39,40,39.5
2621,39,40,39.5
2621,39,40,39.5
2621,39,40,39.5
2621,39,40,39.5
2621,39,40,39.5
2621,39,40,39.5
2621,39,40,39.5
2621,39,40,39.5
2621,39,40,39.5
2621,39,40,39.5
2621,39,40,39.5
2621,39,40,39.5
2621,39,40,39.5
2621,39,40,39.5
2621,39,40,39.5
2621,39,40,39.5
2621,39,40,39.5
2621,38,40,39.0
2621,38,40,39.0
2621,38,40,39.0
2621,38,40,39.0
2621,38,40,39.0
2621,38,40,39.0
2621,38,40,39.0
2621,38,40,39.0
2621,38,40,39.0
2621,38,40,39.0
2621,38,40,39.0
2621,38,40,39.0
2621,38,40,39.0
2621,38,40,39.0
2621,38,40,39.0
2621,38,40,39.0
2621,38,40,39.0
2621,38,40,39.0
2621,38,40,39.0
2621,38,40,39.0
2621,38,40,39.0
2621,38,40,39.0
2621,38,40,39.0
2621,38,40,39.0
2621,38,40,39.0
2621,38,40,39.0
2622,38,40,39.0
2622,38,40,39.0
2622,38,40,39.0
2622,38,40,39.0
2622,38,40,39.0
2622,38,40,39.0
2622,38,40,39.0
2622,38,40,39.0
2622,38,40,39.0
2622,38,40,39.0
2622,38,40,39.0
2622,38,40,39.0
2622,38,40,39.0
2622,38,40,39.0
2622,38,40,39.0
2622,38,40,39.0
2622,38,41,39.5
2622,38,41,39.5
2622,38,41,39.5
2622,38,41,39.5
2622,38,41,39.5
2622,38,41,39.5
2622,37,41,39.0
2622,37,41,39.0
2622,37,41,39.0
2622,37,41,39.0
2622,37,41,39.0
2622,37,40,38.5
2622,37,40,38.5
2622,37,40,38.5
2622,37,40,38.5
2622,37,40,38.5
2622,37,40,38.5
2622,37,40,38.5
2622,37,40,38.5
2622,37,40,38.5
2622,37,40,38.5
2622,37,40,38.5
2622,37,40,38.5
2622,37,40,38.5
2622,37,40,38.5
2622,37,40,38.5
2622,37,40,38.5
2622,37,40,38.5
2622,37,40,38.5
2622,37,40,38.5
2622,37,40,38.5
2622,37,40,38.5
2622,37,40,38.5
2622,37,40,38.5
2622,37,40,38.5
2622,37,40,38.5
2622,37,40,38.5
2622,37,40,38.5
2622,37,40,38.5
2622,37,40,38.5
2622,37,40,38.5
2622,37,40,38.5
2622,37,40,38.5
2622,37,40,38.5
2622,37,40,38.5
2622,37,40,38.5
2622,37,40,38.5
2622,37,40,38.5
2622,37,40,38.5
2622,37,40,38.5
2622,37,40,38.5
2622,37,40,38.5
2622,37,40,38.5
2622,37,40,38.5
2622,37,40,38.5
2622,37,40,38.5
2622,37,40,38.5
2622,37,41,39.0
2622,37,41,39.0
2622,37,41,39.0
2622,37,41,39.0
2622,37,41,39.0
2622,37,41,39.0
2622,37,41,39.0
2622,37,41,39.0
2622,37,41,39.0
2622,37,41,39.0
2622,37,41,39.0
2622,37,41,39.0
2623,37,41,39.0
2623,37,41,39.0
2623,37,41,39.0
2623,37,41,39.0
2623,37,41,39.0
2623,37,41,39.0
2623,37,41,39.0
2623,37,41,39.0
2623,37,41,39.0
2623,37,41,39.0
2623,37,41,39.0
2623,37,41,39.0
2623,37,41,39.0
2623,37,41,39.0
2623,37,41,39.0
2623,37,41,39.0
2623,37,41,39.0
2623,37,41,39.0
2623,37,41,39.0
2623,37,41,39.0
2623,37,41,39.0
2623,37,41,39.0
2623,37,41,39.0
2623,37,41,39.0
2623,37,41,39.0
2623,37,41,39.0
2623,37,41,39.0
2623,37,41,39.0
2623,37,41,39.0
2623,37,41,39.0
2623,37,41,39.0
2623,37,41,39.0
2623,37,41,39.0
2623,37,41,39.0
2623,37,41,39.0
2623,37,41,39.0
2623,37,41,39.0
2623,37,41,39.0
2623,37,41,39.0
2623,37,41,39.0
2623,37,41,39.0
2623,37,41,39.0
2624,37,41,39.0
2624,37,41,39.0
2624,37,41,39.0
2624,37,41,39.0
2624,37,41,39.0
2624,37,41,39.0
2625,37,41,39.0
2625,37,41,39.0
2625,37,41,39.0
2625,37,41,39.0
2625,37,41,39.0
2625,37,41,39.0
2625,37,41,39.0
2625,37,41,39.0
2625,37,41,39.0
2625,37,41,39.0
2625,37,41,39.0
2625,37,41,39.0
2625,37,41,39.0
2625,37,41,39.0
2625,37,41,39.0
2625,37,41,39.0
2625,37,41,39.0
2625,37,41,39.0
2625,37,41,39.0
2625,37,41,39.0
2625,37,41,39.0
2625,37,41,39.0
2625,37,41,39.0
2625,37,41,39.0
2625,37,41,39.0
2625,37,41,39.0
2625,37,41,39.0
2625,37,41,39.0
2625,37,41,39.0
2625,37,41,39.0
2625,37,41,39.0
2625,37,41,39.0
2625,37,41,39.0
2625,37,41,39.0
2625,37,41,39.0
2625,37,41,39.0
2625,37,41,39.0
2625,37,41,39.0
2625,37,41,39.0
2625,37,41,39.0
2625,37,41,39.0
2625,37,41,39.0
2625,37,41,39.0
2626,37,41,39.0
2626,37,41,39.0
2626,37,41,39.0
2626,37,41,39.0
2626,37,41,39.0
2626,37,41,39.0
2626,37,41,39.0
2626,37,41,39.0
2626,37,41,39.0
2626,37,41,39.0
2626,37,41,39.0
2626,37,41,39.0
2626,37,41,39.0
2626,37,41,39.0
2626,37,41,39.0
2626,37,41,39.0
2626,37,41,39.0
2626,37,41,39.0
2626,37,41,39.0
2626,37,41,39.0
2627,37,41,39.0
2627,37,41,39.0
2627,37,41,39.0
2627,37,41,39.0
2627,37,41,39.0
2627,37,41,39.0
2627,37,41,39.0
2627,37,41,39.0
2627,37,41,39.0
2628,37,41,39.0
2628,37,41,39.0
2628,37,41,39.0
2628,37,41,39.0
2628,38,41,39.5
2628,38,41,39.5
2628,38,41,39.5
2628,38,41,39.5
2628,38,41,39.5
2628,38,41,39.5
2628,38,41,39.5
2628,38,41,39.5
2628,38,41,39.5
2628,38,41,39.5
2628,38,41,39.5
2628,38,41,39.5
2628,38,41,39.5
2628,38,41,39.5
2628,38,41,39.5
2628,38,41,39.5
2628,38,41,39.5
2628,38,41,39.5
2628,38,41,39.5
2628,38,41,39.5
2628,38,41,39.5
2628,38,41,39.5
2628,38,41,39.5
2628,38,41,39.5
2628,38,41,39.5
2628,38,41,39.5
2628,38,41,39.5
2628,38,41,39.5
2628,37,41,39.0
2628,37,41,39.0
2628,37,41,39.0
2628,37,41,39.0
2628,37,41,39.0
2628,37,41,39.0
2628,37,41,39.0
2628,37,41,39.0
2628,37,41,39.0
2628,37,41,39.0
2628,37,41,39.0
2628,38,41,39.5
2628,38,41,39.5
2628,38,41,39.5
2628,38,41,39.5
2628,38,41,39.5
2628,38,41,39.5
2628,38,41,39.5
2628,37,41,39.0
2628,37,41,39.0
2628,37,41,39.0
2628,37,41,39.0
2628,37,41,39.0
2628,37,41,39.0
2628,37,41,39.0
2628,37,41,39.0
2628,37,41,39.0
2628,37,41,39.0
2628,37,41,39.0
2628,37,41,39.0
2628,37,41,39.0
2628,37,41,39.0
2628,37,41,39.0
2628,37,41,39.0
2628,37,41,39.0
2628,38,41,39.5
2628,38,41,39.5
2628,38,41,39.5
2628,38,41,39.5
2628,37,41,39.0
2628,37,41,39.0
2628,37,41,39.0
2628,37,41,39.0
2628,37,41,39.0
2628,37,41,39.0
2628,37,41,39.0
2628,37,41,39.0
2628,37,41,39.0
2628,37,41,39.0
2628,37,41,39.0
2628,37,41,39.0
2629,37,41,39.0
2629,37,41,39.0
2629,37,41,39.0
2629,37,41,39.0
2629,37,41,39.0
2629,37,41,39.0
2629,37,41,39.0
2629,37,41,39.0
2629,37,41,39.0
2629,37,41,39.0
2629,37,41,39.0
2629,37,41,39.0
2629,37,41,39.0
2629,37,41,39.0
2629,37,41,39.0
2629,37,41,39.0
2629,37,41,39.0
2629,37,41,39.0
2629,37,41,39.0
2629,37,41,39.0
2630,37,41,39.0
2630,37,41,39.0
2630,37,41,39.0
2630,37,41,39.0
2630,37,41,39.0
2630,37,41,39.0
2630,37,41,39.0
2630,38,41,39.5
2630,38,41,39.5
2630,38,41,39.5
2630,38,41,39.5
2630,38,41,39.5
2630,38,41,39.5
2630,38,41,39.5
2630,38,41,39.5
2630,38,41,39.5
2630,38,41,39.5
2630,38,41,39.5
2630,38,41,39.5
2630,38,41,39.5
2630,38,41,39.5
2630,38,41,39.5
2630,38,41,39.5
2630,38,41,39.5
2630,38,41,39.5
2630,38,41,39.5
2630,38,41,39.5
2630,38,41,39.5
2630,38,41,39.5
2630,38,41,39.5
2630,38,41,39.5
2630,38,41,39.5
2630,38,41,39.5
2630,38,41,39.5
2630,38,41,39.5
2630,38,41,39.5
2630,38,41,39.5
2630,38,41,39.5
2630,38,41,39.5
2630,38,41,39.5
2630,38,41,39.5
2630,38,41,39.5
2630,38,41,39.5
2630,38,41,39.5
2630,38,41,39.5
2630,38,41,39.5
2630,38,41,39.5
2630,38,41,39.5
2630,38,41,39.5
2630,37,41,39.0
2631,37,41,39.0
2631,37,41,39.0
2631,37,41,39.0
2631,37,41,39.0
2631,37,41,39.0
2631,37,41,39.0
2631,37,41,39.0
2631,37,41,39.0
2631,37,41,39.0
2631,37,41,39.0
2631,37,41,39.0
2631,37,41,39.0
2631,37,41,39.0
2631,37,41,39.0
2631,37,41,39.0
2631,38,41,39.5
2631,38,41,39.5
2631,38,41,39.5
2631,38,41,39.5
2631,38,41,39.5
2631,38,41,39.5
2631,38,41,39.5
2631,38,41,39.5
2631,38,41,39.5
2631,38,41,39.5
2631,38,41,39.5
2631,38,41,39.5
2631,38,41,39.5
2631,38,41,39.5
2631,38,41,39.5
2631,38,41,39.5
2631,38,41,39.5
2631,38,41,39.5
2631,38,41,39.5
2631,38,41,39.5
2631,38,41,39.5
2631,38,41,39.5
2631,38,41,39.5
2631,38,41,39.5
2631,38,41,39.5
2631,38,41,39.5
2631,38,41,39.5
2631,38,41,39.5
2632,37,41,39.0
2632,37,41,39.0
2632,37,41,39.0
2632,37,41,39.0
2632,37,41,39.0
2632,37,41,39.0
2632,37,41,39.0
2632,37,41,39.0
2632,37,41,39.0
2632,37,41,39.0
2632,37,41,39.0
2632,37,41,39.0
2632,37,41,39.0
2632,37,41,39.0
2632,37,41,39.0
2632,37,41,39.0
2632,37,41,39.0
2632,37,41,39.0
2632,37,41,39.0
2632,37,41,39.0
2632,36,41,38.5
2632,37,41,39.0
2632,37,41,39.0
2632,37,41,39.0
2632,37,41,39.0
2632,37,41,39.0
2632,37,41,39.0
2632,37,41,39.0
2632,37,41,39.0
2632,37,41,39.0
2632,37,41,39.0
2632,37,41,39.0
2632,37,41,39.0
2632,37,41,39.0
2632,37,41,39.0
2632,37,41,39.0
2632,37,41,39.0
2632,37,41,39.0
2632,37,41,39.0
2632,37,41,39.0
2632,37,41,39.0
2632,37,41,39.0
2632,37,41,39.0
2632,37,41,39.0
2632,37,41,39.0
2632,37,41,39.0
2632,37,41,39.0
2632,37,41,39.0
2632,37,41,39.0
2632,37,41,39.0
2633,37,41,39.0
2633,37,41,39.0
2633,37,41,39.0
2633,37,41,39.0
2633,37,41,39.0
2633,37,41,39.0
2633,37,41,39.0
2633,37,41,39.0
2633,37,41,39.0
2633,37,41,39.0
2633,37,41,39.0
2633,37,41,39.0
2633,37,41,39.0
2633,37,41,39.0
2633,37,41,39.0
2633,37,41,39.0
2633,37,41,39.0
2633,37,41,39.0
2633,37,41,39.0
2633,37,41,39.0
2633,37,41,39.0
2633,37,41,39.0
2633,37,41,39.0
2633,37,41,39.0
2633,37,41,39.0
2633,37,41,39.0
2633,37,41,39.0
2633,37,41,39.0
2633,37,41,39.0
2633,37,41,39.0
2633,37,41,39.0
2633,37,41,39.0
2633,37,41,39.0
2633,37,41,39.0
2633,37,41,39.0
2633,37,41,39.0
2633,37,41,39.0
2633,37,41,39.0
2633,37,41,39.0
2633,37,41,39.0
2634,37,41,39.0
2634,37,41,39.0
2634,37,41,39.0
2634,37,41,39.0
2634,37,41,39.0
2634,37,41,39.0
2634,37,41,39.0
2634,37,41,39.0
2634,37,41,39.0
2634,37,41,39.0
2634,37,41,39.0
2634,37,41,39.0
2634,37,41,39.0
2634,37,41,39.0
2634,37,41,39.0
2634,37,41,39.0
2634,37,41,39.0
2634,37,41,39.0
2634,37,41,39.0
2634,37,41,39.0
2634,37,41,39.0
2634,37,41,39.0
2634,37,41,39.0
2634,37,41,39.0
2634,37,41,39.0
2634,37,41,39.0
2634,37,41,39.0
2634,37,41,39.0
2634,37,41,39.0
2634,37,41,39.0
2634,37,41,39.0
2634,37,41,39.0
2634,37,41,39.0
2634,37,41,39.0
2634,37,41,39.0
2634,37,41,39.0
2634,37,41,39.0
2634,37,41,39.0
2634,37,41,39.0
2634,37,41,39.0
2634,37,41,39.0
2634,37,41,39.0
2634,37,41,39.0
2634,37,41,39.0
2634,37,41,39.0
2634,37,40,38.5
2635,37,40,38.5
2635,37,40,38.5
2635,37,40,38.5
2635,37,40,38.5
2635,37,40,38.5
2635,37,40,38.5
2635,37,40,38.5
2635,37,40,38.5
2635,37,40,38.5
2635,37,40,38.5
2635,37,40,38.5
2635,37,40,38.5
2635,37,40,38.5
2635,37,40,38.5
2635,37,38,37.5
2635,37,38,37.5
2635,37,38,37.5
2635,37,38,37.5
2635,37,38,37.5
2635,37,38,37.5
2635,37,38,37.5
2635,37,38,37.5
2635,37,38,37.5
2635,37,38,37.5
2635,37,38,37.5
2635,37,38,37.5
2635,37,38,37.5
2635,37,38,37.5
2635,37,38,37.5
2635,37,38,37.5
2635,37,38,37.5
2635,37,38,37.5
2635,37,38,37.5
2635,37,38,37.5
2635,37,38,37.5
2635,37,38,37.5
2635,37,38,37.5
2635,37,38,37.5
2635,37,38,37.5
2635,37,38,37.5
2635,37,38,37.5
2635,37,38,37.5
2635,37,38,37.5
2635,37,38,37.5
2635,37,38,37.5
2635,37,38,37.5
2635,37,38,37.5
2635,37,38,37.5
2635,37,38,37.5
2635,36,38,37.0
2635,36,37,36.5
2635,36,37,36.5
2635,36,37,36.5
2635,36,37,36.5
2635,36,37,36.5
2635,36,37,36.5
2635,36,37,36.5
2635,36,37,36.5
2635,36,37,36.5
2635,36,37,36.5
2635,36,37,36.5
2635,36,37,36.5
2635,36,37,36.5
2635,36,37,36.5
2635,36,37,36.5
2635,36,37,36.5
2635,36,37,36.5
2635,36,37,36.5
2635,36,37,36.5
2635,36,37,36.5
2635,36,37,36.5
2635,36,37,36.5
2635,36,37,36.5
2636,36,37,36.5
2636,36,37,36.5
2636,36,37,36.5
2636,36,37,36.5
2636,36,37,36.5
2636,36,37,36.5
2636,36,37,36.5
2636,36,37,36.5
2636,36,37,36.5
2636,36,37,36.5
2636,36,37,36.5
2636,36,37,36.5
2636,36,37,36.5
2636,36,37,36.5
2636,36,37,36.5
2636,36,37,36.5
2636,36,37,36.5
2636,36,37,36.5
2636,36,37,36.5
2636,36,37,36.5
2636,36,37,36.5
2636,36,37,36.5
2636,36,37,36.5
2636,36,37,36.5
2636,36,37,36.5
2636,36,37,36.5
2636,36,37,36.5
2636,36,37,36.5
2636,36,37,36.5
2636,36,37,36.5
2636,36,37,36.5
2636,36,37,36.5
2637,36,37,36.5
2637,36,37,36.5
2637,36,37,36.5
2637,36,37,36.5
2637,36,37,36.5
2637,36,37,36.5
2637,36,37,36.5
2637,36,37,36.5
2637,36,37,36.5
2637,36,37,36.5
2637,36,37,36.5
2637,36,37,36.5
2637,36,37,36.5
2637,36,37,36.5
2637,36,37,36.5
2637,36,37,36.5
2637,36,37,36.5
2637,36,37,36.5
2637,36,37,36.5
2637,36,37,36.5
2637,36,37,36.5
2637,36,37,36.5
2637,36,37,36.5
2637,36,37,36.5
2637,36,37,36.5
2637,36,37,36.5
2637,36,37,36.5
2638,36,37,36.5
2638,36,37,36.5
2638,36,37,36.5
2638,36,37,36.5
2638,36,37,36.5
2638,36,37,36.5
2638,36,37,36.5
2638,36,37,36.5
2638,36,37,36.5
2638,36,37,36.5
2638,34,37,35.5
2638,34,36,35.0
2638,34,36,35.0
2638,34,36,35.0
2638,34,36,35.0
2638,34,36,35.0
2638,34,36,35.0
2638,34,36,35.0
2638,34,36,35.0
2638,34,36,35.0
2638,34,36,35.0
2638,34,36,35.0
2638,34,36,35.0
2638,34,36,35.0
2638,34,35,34.5
2638,34,35,34.5
2638,34,35,34.5
2638,34,35,34.5
2639,34,35,34.5
2639,34,35,34.5
2639,34,35,34.5
2639,34,35,34.5
2639,34,35,34.5
2639,34,35,34.5
2639,34,35,34.5
2639,34,35,34.5
2639,34,35,34.5
2639,34,35,34.5
2639,34,35,34.5
2639,34,35,34.5
2639,34,35,34.5
2639,34,35,34.5
2639,34,35,34.5
2639,34,35,34.5
2639,34,35,34.5
2640,34,35,34.5
2640,34,35,34.5
2640,34,35,34.5
2640,34,35,34.5
2640,34,35,34.5
2640,34,35,34.5
2640,34,35,34.5
2640,34,35,34.5
2640,34,35,34.5
2640,34,35,34.5
2640,34,35,34.5
2640,34,35,34.5
2640,34,35,34.5
2640,34,35,34.5
2640,34,35,34.5
2640,34,35,34.5
2640,34,35,34.5
2640,34,35,34.5
2640,34,35,34.5
2640,34,35,34.5
2640,34,35,34.5
2641,34,35,34.5
2641,34,35,34.5
2641,34,35,34.5
2641,34,35,34.5
2641,34,35,34.5
2641,34,35,34.5
2641,34,35,34.5
2641,34,35,34.5
2641,34,35,34.5
2642,34,35,34.5
2642,34,35,34.5
2642,34,35,34.5
2642,34,35,34.5
2642,34,35,34.5
2642,34,35,34.5
2642,34,35,34.5
2642,34,35,34.5
2642,34,35,34.5
2642,34,35,34.5
2642,34,35,34.5
2642,34,35,34.5
2642,34,35,34.5
2642,34,35,34.5
2642,34,35,34.5
2642,34,35,34.5
2642,34,35,34.5
2642,34,35,34.5
2642,34,35,34.5
2642,34,35,34.5
2642,34,35,34.5
2642,34,35,34.5
2642,34,35,34.5
2642,34,35,34.5
2643,34,35,34.5
2643,34,35,34.5
2643,34,35,34.5
2643,34,35,34.5
2643,34,35,34.5
2643,34,35,34.5
2643,34,35,34.5
2643,34,35,34.5
2643,34,35,34.5
2643,34,35,34.5
2643,34,35,34.5
2643,34,35,34.5
2643,34,35,34.5
2643,34,35,34.5
2643,34,35,34.5
2643,34,35,34.5
2644,34,35,34.5
2644,34,35,34.5
2644,34,35,34.5
2644,34,35,34.5
2644,34,35,34.5
2644,34,35,34.5
2644,34,35,34.5
2644,34,35,34.5
2644,34,35,34.5
2644,34,35,34.5
2644,34,35,34.5
2644,34,35,34.5
2644,34,35,34.5
2644,34,35,34.5
2644,34,35,34.5
2644,34,35,34.5
2645,34,35,34.5
2645,34,35,34.5
2645,34,35,34.5
2645,34,35,34.5
2645,34,35,34.5
2645,34,35,34.5
2645,34,35,34.5
2645,34,35,34.5
2645,34,35,34.5
2645,34,35,34.5
2645,34,35,34.5
2645,34,35,34.5
2645,34,35,34.5
2645,34,35,34.5
2645,34,35,34.5
2645,34,35,34.5
2646,34,35,34.5
2646,34,35,34.5
2646,34,35,34.5
2646,34,35,34.5
2646,34,35,34.5
2646,34,35,34.5
2646,34,35,34.5
2646,34,35,34.5
2646,34,35,34.5
2646,34,35,34.5
2646,34,35,34.5
2646,34,35,34.5
2646,34,35,34.5
2647,34,35,34.5
2647,34,35,34.5
2647,34,35,34.5
2647,34,35,34.5
2648,34,35,34.5
2648,34,35,34.5
2648,34,35,34.5
2648,34,35,34.5
2648,34,35,34.5
2648,34,35,34.5
2648,34,35,34.5
2648,34,35,34.5
2649,34,35,34.5
2649,34,35,34.5
2649,34,35,34.5
2649,34,35,34.5
2649,34,35,34.5
2649,34,35,34.5
2649,34,35,34.5
2649,34,35,34.5
2649,34,35,34.5
2649,34,35,34.5
2649,34,35,34.5
2649,34,35,34.5
2649,34,35,34.5
2649,34,35,34.5
2649,34,35,34.5
2649,34,35,34.5
2649,34,35,34.5
2649,34,35,34.5
2649,34,36,35.0
2649,35,36,35.5
2649,35,36,35.5
2649,35,36,35.5
2649,35,36,35.5
2649,35,36,35.5
2649,35,36,35.5
2649,35,36,35.5
2649,35,36,35.5
2649,35,36,35.5
2649,35,36,35.5
2649,35,36,35.5
2649,35,36,35.5
2649,35,36,35.5
2649,35,36,35.5
2649,35,36,35.5
2649,35,36,35.5
2649,35,36,35.5
2649,35,36,35.5
2649,35,36,35.5
2649,35,36,35.5
2649,35,36,35.5
2649,35,36,35.5
2650,35,36,35.5
2650,35,36,35.5
2650,35,36,35.5
2650,35,36,35.5
2650,35,36,35.5
2650,35,36,35.5
2650,35,36,35.5
2650,35,36,35.5
2650,35,36,35.5
2650,35,36,35.5
2651,35,36,35.5
2651,35,36,35.5
2651,35,36,35.5
2651,35,36,35.5
2651,35,36,35.5
2651,35,36,35.5
2651,35,36,35.5
2651,35,36,35.5
2651,35,36,35.5
2651,35,36,35.5
2651,35,36,35.5
2652,35,36,35.5
2652,35,36,35.5
2652,35,36,35.5
2652,35,36,35.5
2652,35,36,35.5
2652,35,36,35.5
2652,35,36,35.5
2653,35,36,35.5
2653,35,36,35.5
2653,35,36,35.5
2653,35,36,35.5
2653,35,36,35.5
2653,35,36,35.5
2653,35,36,35.5
2653,35,36,35.5
2653,35,36,35.5
2653,35,36,35.5
2653,35,36,35.5
2653,34,36,35.0
2653,34,36,35.0
2653,34,36,35.0
2653,34,36,35.0
2653,34,36,35.0
2653,34,36,35.0
2653,34,36,35.0
2653,34,36,35.0
2653,34,36,35.0
2653,34,36,35.0
2653,34,36,35.0
2653,34,36,35.0
2653,34,36,35.0
2653,34,36,35.0
2653,34,36,35.0
2653,34,36,35.0
2653,34,36,35.0
2653,34,36,35.0
2653,34,36,35.0
2653,34,36,35.0
2653,34,36,35.0
2653,34,36,35.0
2653,34,36,35.0
2653,34,36,35.0
2653,34,36,35.0
2653,34,36,35.0
2653,34,36,35.0
2653,34,36,35.0
2653,34,36,35.0
2653,34,36,35.0
2653,34,36,35.0
2653,34,36,35.0
2653,34,36,35.0
2653,34,36,35.0
2653,34,36,35.0
2653,34,36,35.0
2653,34,36,35.0
2653,34,36,35.0
2653,34,36,35.0
2653,34,36,35.0
2653,34,36,35.0
2653,34,36,35.0
2654,34,36,35.0
2654,34,36,35.0
2654,34,36,35.0
2654,34,36,35.0
2654,34,36,35.0
2654,34,36,35.0
2654,34,36,35.0
2654,34,36,35.0
2654,34,36,35.0
2654,34,36,35.0
2654,34,36,35.0
2654,34,36,35.0
2654,34,36,35.0
2654,34,36,35.0
2654,34,36,35.0
2654,34,36,35.0
2654,34,36,35.0
2654,34,36,35.0
2654,34,36,35.0
2654,34,36,35.0
2654,34,36,35.0
2654,34,36,35.0
2654,34,36,35.0
2654,34,36,35.0
2654,34,36,35.0
2654,34,36,35.0
2654,34,36,35.0
2654,34,36,35.0
2654,34,36,35.0
2654,34,36,35.0
2654,34,36,35.0
2654,34,36,35.0
2654,34,38,36.0
2654,34,38,36.0
2654,34,38,36.0
2654,34,38,36.0
2654,34,38,36.0
2654,34,38,36.0
2654,34,38,36.0
2654,34,38,36.0
2654,34,38,36.0
2654,34,38,36.0
2654,34,38,36.0
2654,34,38,36.0
2654,34,38,36.0
2654,34,38,36.0
2654,34,38,36.0
2654,34,38,36.0
2654,34,39,36.5
2654,34,39,36.5
2654,34,39,36.5
2654,34,39,36.5
2654,34,39,36.5
2654,34,39,36.5
2654,34,39,36.5
2654,34,39,36.5
2654,34,39,36.5
2654,34,37,35.5
2654,34,37,35.5
2654,34,37,35.5
2654,34,37,35.5
2654,34,37,35.5
2654,34,37,35.5
2654,34,37,35.5
2654,34,37,35.5
2654,34,37,35.5
2654,34,37,35.5
2654,34,37,35.5
2654,34,37,35.5
2654,34,37,35.5
2654,34,37,35.5
2654,34,37,35.5
2654,34,37,35.5
2654,34,37,35.5
2654,34,37,35.5
2654,34,37,35.5
2654,34,37,35.5
2654,34,37,35.5
2654,34,37,35.5
2654,34,37,35.5
2654,34,37,35.5
2654,34,37,35.5
2654,34,37,35.5
2654,34,37,35.5
2654,34,37,35.5
2654,34,37,35.5
2654,34,37,35.5
2654,34,37,35.5
2654,34,37,35.5
2654,34,37,35.5
2654,34,37,35.5
2654,34,37,35.5
2654,34,37,35.5
2654,34,37,35.5
2654,34,37,35.5
2654,34,37,35.5
2654,34,37,35.5
2654,34,37,35.5
2654,34,37,35.5
2654,34,37,35.5
2654,34,37,35.5
2654,34,37,35.5
2654,34,37,35.5
2654,34,37,35.5
2654,34,37,35.5
2654,34,37,35.5
2654,34,39,36.5
2654,34,39,36.5
2654,34,39,36.5
2654,34,39,36.5
2654,34,39,36.5
2654,34,38,36.0
2654,34,38,36.0
2654,34,38,36.0
2654,34,38,36.0
2654,34,38,36.0
2654,34,38,36.0
2654,34,38,36.0
2654,34,38,36.0
2654,34,38,36.0
2654,34,38,36.0
2654,34,38,36.0
2654,34,38,36.0
2654,34,38,36.0
2654,34,38,36.0
2654,34,38,36.0
2654,34,38,36.0
2654,34,38,36.0
2654,34,38,36.0
2654,34,38,36.0
2655,34,38,36.0
2655,34,38,36.0
2655,34,38,36.0
2655,34,38,36.0
2655,34,38,36.0
2655,34,38,36.0
2655,34,38,36.0
2655,34,38,36.0
2655,34,38,36.0
2655,34,38,36.0
2655,34,38,36.0
2655,34,37,35.5
2655,34,37,35.5
2655,34,37,35.5
2655,34,37,35.5
2655,34,37,35.5
2655,34,37,35.5
2655,34,37,35.5
2655,34,37,35.5
2655,34,37,35.5
2655,34,37,35.5
2655,34,37,35.5
2655,34,37,35.5
2655,34,37,35.5
2655,34,37,35.5
2655,34,37,35.5
2655,34,37,35.5
2655,34,37,35.5
2655,34,37,35.5
2655,34,37,35.5
2656,34,37,35.5
2656,34,37,35.5
2656,34,37,35.5
2656,34,37,35.5
2656,34,37,35.5
2656,34,37,35.5
2656,34,37,35.5
2656,34,37,35.5
2656,34,37,35.5
2656,34,37,35.5
2656,34,37,35.5
2656,34,37,35.5
2656,34,37,35.5
2656,34,37,35.5
2656,34,37,35.5
2656,34,37,35.5
2656,34,37,35.5
2656,34,37,35.5
2656,34,37,35.5
2656,34,37,35.5
2656,34,37,35.5
2656,34,37,35.5
2656,34,37,35.5
2656,34,37,35.5
2656,34,37,35.5
2656,34,37,35.5
2656,34,37,35.5
2656,34,37,35.5
2656,34,37,35.5
2656,34,37,35.5
2656,34,37,35.5
2656,34,37,35.5
2656,34,37,35.5
2656,34,37,35.5
2656,34,37,35.5
2657,34,37,35.5
2657,34,37,35.5
2657,34,37,35.5
2657,34,36,35.0
2657,34,36,35.0
2657,34,36,35.0
2657,34,36,35.0
2657,34,36,35.0
2657,34,36,35.0
2657,34,36,35.0
2657,34,36,35.0
2657,34,36,35.0
2657,34,36,35.0
2657,34,36,35.0
2657,34,36,35.0
2657,34,36,35.0
2657,34,36,35.0
2657,34,36,35.0
2657,34,36,35.0
2657,34,36,35.0
2658,34,36,35.0
2658,34,36,35.0
2658,34,36,35.0
2658,34,36,35.0
2658,34,36,35.0
2658,34,36,35.0
2658,34,36,35.0
2658,34,37,35.5
2658,34,37,35.5
2658,34,37,35.5
2658,34,37,35.5
2658,34,37,35.5
2658,34,37,35.5
2658,34,37,35.5
2658,34,37,35.5
2658,34,37,35.5
2658,34,37,35.5
2658,34,37,35.5
2658,34,37,35.5
2658,34,37,35.5
2658,34,37,35.5
2658,34,37,35.5
2658,34,36,35.0
2658,34,36,35.0
2658,34,36,35.0
2658,34,36,35.0
2658,34,36,35.0
2658,34,36,35.0
2658,34,36,35.0
2658,34,36,35.0
2658,34,36,35.0
2658,34,36,35.0
2658,34,36,35.0
2658,34,36,35.0
2658,34,35,34.5
2658,34,35,34.5
2658,34,35,34.5
2658,34,35,34.5
2658,34,35,34.5
2658,34,35,34.5
2658,34,35,34.5
2658,34,35,34.5
2658,34,35,34.5
2658,34,35,34.5
2658,34,35,34.5
2658,34,35,34.5
2658,34,35,34.5
2658,34,35,34.5
2659,34,35,34.5
2659,34,35,34.5
2659,34,35,34.5
2659,34,35,34.5
2659,34,35,34.5
2659,34,35,34.5
2659,34,35,34.5
2659,34,35,34.5
2659,34,35,34.5
2659,34,35,34.5
2659,34,35,34.5
2659,34,35,34.5
2659,34,35,34.5
2659,34,35,34.5
2659,34,35,34.5
2659,34,35,34.5
2659,34,35,34.5
2659,34,35,34.5
2659,34,35,34.5
2659,34,35,34.5
2659,34,35,34.5
2659,34,35,34.5
2659,34,35,34.5
2659,34,35,34.5
2659,34,35,34.5
2659,34,35,34.5
2659,34,35,34.5
2659,34,35,34.5
2659,34,35,34.5
2659,34,35,34.5
2659,34,35,34.5
2659,34,35,34.5
2659,34,35,34.5
2659,34,35,34.5
2659,34,35,34.5
2659,34,35,34.5
2659,34,35,34.5
2659,34,35,34.5
2659,34,35,34.5
2659,33,35,34.0
2659,33,35,34.0
2659,33,35,34.0
2659,33,35,34.0
2659,33,35,34.0
2659,33,35,34.0
2660,33,35,34.0
2660,33,35,34.0
2660,33,35,34.0
2660,33,35,34.0
2660,33,35,34.0
2660,33,35,34.0
2660,33,35,34.0
2660,33,35,34.0
2660,33,35,34.0
2660,33,35,34.0
2660,33,35,34.0
2660,33,35,34.0
2660,33,35,34.0
2660,33,35,34.0
2660,33,35,34.0
2660,33,35,34.0
2660,33,35,34.0
2660,33,35,34.0
2660,33,35,34.0
2660,33,35,34.0
2660,33,35,34.0
2660,33,35,34.0
2660,33,35,34.0
2660,33,35,34.0
2660,33,35,34.0
2660,33,35,34.0
2660,33,35,34.0
2660,33,35,34.0
2660,33,35,34.0
2660,33,35,34.0
2660,33,35,34.0
2660,33,35,34.0
2660,33,35,34.0
2660,33,35,34.0
2660,33,35,34.0
2660,33,35,34.0
2660,33,35,34.0
2660,33,35,34.0
2660,33,35,34.0
2660,33,35,34.0
2660,33,35,34.0
2660,33,35,34.0
2660,33,35,34.0
2660,33,35,34.0
2661,33,35,34.0
2661,33,35,34.0
2661,33,35,34.0
2661,33,35,34.0
2661,33,35,34.0
2661,33,35,34.0
2661,33,35,34.0
2661,33,35,34.0
2661,33,35,34.0
2661,33,35,34.0
2661,33,35,34.0
2661,33,35,34.0
2661,33,35,34.0
2661,33,35,34.0
2661,33,35,34.0
2661,33,35,34.0
2661,33,35,34.0
2661,33,35,34.0
2661,33,35,34.0
2661,33,35,34.0
2661,33,35,34.0
2661,33,35,34.0
2661,33,35,34.0
2661,33,35,34.0
2661,33,35,34.0
2661,33,35,34.0
2661,33,35,34.0
2661,33,35,34.0
2661,33,35,34.0
2661,33,35,34.0
2661,33,35,34.0
2661,33,35,34.0
2661,33,35,34.0
2661,33,35,34.0
2661,33,35,34.0
2661,33,35,34.0
2661,33,35,34.0
2661,33,35,34.0
2661,33,35,34.0
2662,33,35,34.0
2662,33,35,34.0
2662,33,35,34.0
2662,33,35,34.0
2662,33,35,34.0
2662,33,35,34.0
2662,33,35,34.0
2662,33,35,34.0
2662,33,35,34.0
2662,33,35,34.0
2662,33,35,34.0
2662,33,35,34.0
2662,33,35,34.0
2662,33,35,34.0
2662,33,35,34.0
2662,33,35,34.0
2662,33,35,34.0
2662,33,35,34.0
2662,33,35,34.0
2662,33,35,34.0
2662,33,35,34.0
2662,33,35,34.0
2662,33,35,34.0
2662,33,35,34.0
2662,33,35,34.0
2662,33,38,35.5
2662,33,38,35.5
2662,33,38,35.5
2662,33,38,35.5
2662,33,38,35.5
2662,33,38,35.5
2662,33,38,35.5
2662,33,38,35.5
2662,33,38,35.5
2662,33,38,35.5
2662,33,38,35.5
2662,33,36,34.5
2662,33,36,34.5
2662,33,36,34.5
2662,33,36,34.5
2662,33,36,34.5
2662,33,36,34.5
2662,33,36,34.5
2662,33,36,34.5
2662,33,36,34.5
2662,33,36,34.5
2662,33,36,34.5
2662,33,36,34.5
2662,33,36,34.5
2662,33,36,34.5
2662,33,36,34.5
2662,33,36,34.5
2662,33,36,34.5
2662,33,36,34.5
2662,33,36,34.5
2662,33,36,34.5
2662,33,36,34.5
2662,33,36,34.5
2662,33,36,34.5
2662,33,36,34.5
2662,33,36,34.5
2662,33,36,34.5
2662,33,36,34.5
2662,33,38,35.5
2662,33,38,35.5
2662,33,38,35.5
2662,33,38,35.5
2662,33,38,35.5
2662,33,38,35.5
2662,33,38,35.5
2662,33,38,35.5
2662,33,38,35.5
2662,33,38,35.5
2662,33,38,35.5
2662,33,38,35.5
2662,33,37,35.0
2662,33,37,35.0
2662,33,37,35.0
2662,33,37,35.0
2662,33,37,35.0
2662,33,37,35.0
2662,33,37,35.0
2663,33,37,35.0
2663,33,37,35.0
2663,33,37,35.0
2663,33,37,35.0
2663,33,37,35.0
2663,33,37,35.0
2663,33,37,35.0
2663,33,37,35.0
2663,33,37,35.0
2663,33,37,35.0
2663,33,37,35.0
2663,33,37,35.0
2663,33,37,35.0
2663,33,37,35.0
2663,33,37,35.0
2663,33,37,35.0
2663,33,37,35.0
2663,34,37,35.5
2663,34,37,35.5
2663,34,37,35.5
2663,34,37,35.5
2663,34,37,35.5
2663,34,37,35.5
2663,34,37,35.5
2663,34,37,35.5
2663,34,37,35.5
2663,34,37,35.5
2663,34,37,35.5
2663,34,37,35.5
2663,34,37,35.5
2663,34,37,35.5
2663,34,37,35.5
2663,34,37,35.5
2663,34,37,35.5
2663,34,37,35.5
2663,34,37,35.5
2663,34,37,35.5
2663,34,37,35.5
2663,34,37,35.5
2663,34,37,35.5
2663,34,37,35.5
2663,34,37,35.5
2663,34,37,35.5
2663,34,37,35.5
2663,34,37,35.5
2663,34,37,35.5
2663,34,37,35.5
2663,34,37,35.5
2663,34,37,35.5
2663,34,37,35.5
2663,34,37,35.5
2663,34,37,35.5
2663,34,37,35.5
2663,34,37,35.5
2663,34,37,35.5
2663,34,37,35.5
2663,34,37,35.5
2663,34,37,35.5
2663,34,37,35.5
2664,34,37,35.5
2664,34,37,35.5
2664,34,37,35.5
2664,34,37,35.5
2664,34,37,35.5
2664,34,37,35.5
2664,34,37,35.5
2664,34,37,35.5
2664,34,37,35.5
2664,34,37,35.5
2664,34,37,35.5
2664,34,37,35.5
2664,34,37,35.5
2664,34,37,35.5
2664,34,37,35.5
2664,34,37,35.5
2664,34,37,35.5
2664,34,37,35.5
2664,34,37,35.5
2664,34,37,35.5
2664,34,37,35.5
2664,34,37,35.5
2664,34,37,35.5
2664,34,37,35.5
2664,34,37,35.5
2664,34,37,35.5
2664,34,37,35.5
2664,34,37,35.5
2664,34,37,35.5
2664,34,37,35.5
2664,34,37,35.5
2664,34,37,35.5
2665,34,37,35.5
2665,34,37,35.5
2665,34,37,35.5
2665,34,37,35.5
2665,34,37,35.5
2665,34,37,35.5
2665,34,37,35.5
2665,34,37,35.5
2665,34,37,35.5
2665,34,37,35.5
2665,34,37,35.5
2665,34,37,35.5
2665,34,37,35.5
2665,34,37,35.5
2665,34,37,35.5
2665,34,37,35.5
2665,34,37,35.5
2665,34,37,35.5
2665,34,37,35.5
2665,34,37,35.5
2666,34,37,35.5
2666,34,37,35.5
2666,34,37,35.5
2666,34,37,35.5
2666,34,37,35.5
2666,34,37,35.5
2666,34,37,35.5
2666,34,37,35.5
2666,34,37,35.5
2666,34,37,35.5
2666,34,37,35.5
2666,34,37,35.5
2667,34,37,35.5
2667,34,37,35.5
2668,34,37,35.5
2668,34,37,35.5
2668,34,37,35.5
2668,34,37,35.5
2668,34,37,35.5
2668,34,37,35.5
2668,34,37,35.5
2668,34,37,35.5
2668,34,37,35.5
2668,34,37,35.5
2668,34,37,35.5
2668,34,37,35.5
2668,34,37,35.5
2668,34,37,35.5
2668,34,37,35.5
2668,34,36,35.0
2668,34,36,35.0
2668,34,36,35.0
2668,34,36,35.0
2668,34,36,35.0
2668,34,36,35.0
2668,34,36,35.0
2668,34,36,35.0
2668,34,36,35.0
2668,34,36,35.0
2668,34,36,35.0
2668,34,36,35.0
2668,34,36,35.0
2668,34,36,35.0
2668,34,36,35.0
2668,34,36,35.0
2668,34,36,35.0
2668,34,36,35.0
2669,34,36,35.0
2669,34,36,35.0
2669,34,36,35.0
2669,34,36,35.0
2669,34,36,35.0
2669,34,36,35.0
2669,34,36,35.0
2669,33,36,34.5
2669,33,36,34.5
2669,33,36,34.5
2669,33,36,34.5
2670,33,36,34.5
2670,33,36,34.5
2670,33,36,34.5
2670,33,36,34.5
2670,33,36,34.5
2670,33,36,34.5
2670,33,36,34.5
2670,33,36,34.5
2670,33,36,34.5
2670,32,36,34.0
2670,32,36,34.0
2670,30,36,33.0
2670,30,36,33.0
2670,30,36,33.0
2670,29,36,32.5
2670,29,36,32.5
2670,26,36,31.0
2670,25,36,30.5
2670,25,36,30.5
2670,25,36,30.5
2670,25,36,30.5
2670,25,36,30.5
2670,28,36,32.0
2670,28,36,32.0
2670,28,36,32.0
2670,28,36,32.0
2670,28,36,32.0
2670,28,36,32.0
2670,26,36,31.0
2670,26,36,31.0
2670,26,36,31.0
2670,26,36,31.0
2670,26,36,31.0
2670,26,36,31.0
2670,26,36,31.0
2670,26,36,31.0
2670,26,36,31.0
2670,26,36,31.0
2670,26,36,31.0
2670,26,36,31.0
2670,26,35,30.5
2670,26,35,30.5
2670,26,35,30.5
2670,26,35,30.5
2670,26,35,30.5
2670,26,35,30.5
2670,26,35,30.5
2670,26,35,30.5
2670,29,35,32.0
2670,29,35,32.0
2670,29,35,32.0
2670,29,35,32.0
2670,29,35,32.0
2670,29,35,32.0
2670,29,35,32.0
2670,29,35,32.0
2670,29,35,32.0
2670,29,35,32.0
2670,29,35,32.0
2670,29,35,32.0
2670,29,35,32.0
2670,29,35,32.0
2670,29,35,32.0
2670,29,35,32.0
2671,29,35,32.0
2671,29,35,32.0
2671,29,35,32.0
2671,29,35,32.0
2671,29,35,32.0
2671,29,35,32.0
2671,29,35,32.0
2671,29,35,32.0
2671,29,35,32.0
2671,29,35,32.0
2671,29,35,32.0
2671,29,35,32.0
2671,29,35,32.0
2671,29,35,32.0
2671,29,35,32.0
2671,29,35,32.0
2671,29,35,32.0
2671,29,35,32.0
2671,29,35,32.0
2671,29,35,32.0
2671,29,35,32.0
2671,29,35,32.0
2671,29,35,32.0
2671,29,35,32.0
2671,29,35,32.0
2671,29,35,32.0
2671,29,35,32.0
2671,29,35,32.0
2671,29,35,32.0
2671,29,35,32.0
2671,29,35,32.0
2671,29,35,32.0
2671,29,35,32.0
2671,29,35,32.0
2671,29,34,31.5
2671,29,34,31.5
2671,29,34,31.5
2671,29,34,31.5
2671,29,34,31.5
2671,29,34,31.5
2671,29,34,31.5
2671,29,34,31.5
2671,29,33,31.0
2671,29,33,31.0
2671,29,33,31.0
2671,29,33,31.0
2671,29,33,31.0
2671,29,33,31.0
2671,29,33,31.0
2671,29,33,31.0
2671,29,33,31.0
2671,29,33,31.0
2671,29,33,31.0
2671,29,33,31.0
2671,29,33,31.0
2671,29,33,31.0
2671,29,33,31.0
2671,29,33,31.0
2671,29,33,31.0
2671,29,33,31.0
2671,29,33,31.0
2671,29,33,31.0
2671,29,33,31.0
2671,29,33,31.0
2671,29,33,31.0
2671,29,33,31.0
2671,29,33,31.0
2671,29,33,31.0
2671,29,33,31.0
2671,29,33,31.0
2671,29,33,31.0
2671,29,33,31.0
2671,29,33,31.0
2671,29,33,31.0
2671,29,33,31.0
2671,29,33,31.0
2671,29,33,31.0
2671,29,33,31.0
2671,29,33,31.0
2671,29,33,31.0
2672,29,33,31.0
2672,29,33,31.0
2672,29,33,31.0
2672,29,33,31.0
2672,29,33,31.0
2672,29,33,31.0
2672,29,33,31.0
2672,29,33,31.0
2672,29,33,31.0
2672,29,33,31.0
2672,29,33,31.0
2672,29,33,31.0
2672,29,33,31.0
2672,29,33,31.0
2672,29,33,31.0
2672,29,33,31.0
2672,29,33,31.0
2672,29,33,31.0
2672,29,33,31.0
2672,29,33,31.0
2672,29,33,31.0
2672,29,33,31.0
2672,29,33,31.0
2672,29,33,31.0
2672,29,33,31.0
2672,29,33,31.0
2672,29,33,31.0
2672,29,33,31.0
2672,29,33,31.0
2672,32,33,32.5
2672,32,33,32.5
2672,32,33,32.5
2672,32,33,32.5
2672,32,33,32.5
2672,32,33,32.5
2672,32,33,32.5
2672,32,33,32.5
2672,32,33,32.5
2672,32,33,32.5
2672,32,33,32.5
2672,32,33,32.5
2672,32,33,32.5
2672,32,33,32.5
2672,32,33,32.5
2672,32,33,32.5
2672,32,33,32.5
2672,32,33,32.5
2672,32,33,32.5
2672,32,33,32.5
2672,32,33,32.5
2672,32,33,32.5
2672,32,33,32.5
2672,32,33,32.5
2672,32,33,32.5
2672,32,33,32.5
2672,32,33,32.5
2672,32,33,32.5
2672,32,33,32.5
2672,32,33,32.5
2672,32,33,32.5
2672,32,33,32.5
2672,32,33,32.5
2672,32,33,32.5
2672,32,33,32.5
2672,32,33,32.5
2672,32,33,32.5
2672,32,33,32.5
2672,32,33,32.5
2672,32,33,32.5
2672,32,33,32.5
2672,32,33,32.5
2672,32,33,32.5
2672,32,33,32.5
2672,32,33,32.5
2672,32,33,32.5
2672,32,33,32.5
2672,32,33,32.5
2672,32,33,32.5
2672,32,33,32.5
2672,32,33,32.5
2672,32,33,32.5
2672,32,33,32.5
2672,32,33,32.5
2672,32,33,32.5
2672,32,33,32.5
2672,32,33,32.5
2672,32,33,32.5
2672,32,34,33.0
2672,32,34,33.0
2673,32,35,33.5
2673,32,35,33.5
2673,32,35,33.5
2673,32,35,33.5
2673,32,35,33.5
2673,32,35,33.5
2673,32,35,33.5
2673,32,35,33.5
2673,32,35,33.5
2673,32,35,33.5
2673,32,35,33.5
2673,32,35,33.5
2673,32,35,33.5
2673,32,35,33.5
2673,32,35,33.5
2673,32,35,33.5
2673,32,35,33.5
2673,32,35,33.5
2673,32,35,33.5
2673,32,35,33.5
2673,32,35,33.5
2673,32,35,33.5
2673,32,35,33.5
2673,32,35,33.5
2673,32,35,33.5
2673,32,35,33.5
2673,32,35,33.5
2673,32,35,33.5
2673,32,35,33.5
2673,32,35,33.5
2673,32,35,33.5
2673,32,35,33.5
2673,32,35,33.5
2673,32,35,33.5
2673,32,35,33.5
2673,32,35,33.5
2673,32,35,33.5
2673,32,35,33.5
2673,32,35,33.5
2673,32,35,33.5
2673,32,35,33.5
2673,32,35,33.5
2673,32,35,33.5
2673,32,35,33.5
2673,33,35,34.0
2673,33,35,34.0
2673,33,35,34.0
2673,33,35,34.0
2673,33,35,34.0
2673,33,35,34.0
2673,33,35,34.0
2673,33,35,34.0
2673,33,35,34.0
2673,33,35,34.0
2673,33,35,34.0
2673,33,35,34.0
2673,33,35,34.0
2673,33,35,34.0
2673,33,35,34.0
2673,33,35,34.0
2673,33,35,34.0
2673,33,35,34.0
2673,33,35,34.0
2673,33,35,34.0
2673,33,35,34.0
2673,33,35,34.0
2673,33,35,34.0
2673,33,35,34.0
2673,33,35,34.0
2673,33,35,34.0
2673,33,35,34.0
2673,33,35,34.0
2673,33,35,34.0
2673,33,35,34.0
2673,32,35,33.5
2673,32,35,33.5
2673,32,35,33.5
2673,32,35,33.5
2673,32,35,33.5
2673,32,35,33.5
2673,32,35,33.5
2673,32,35,33.5
2673,32,35,33.5
2673,32,35,33.5
2673,32,35,33.5
2673,32,35,33.5
2673,32,35,33.5
2674,32,35,33.5
2674,32,35,33.5
2674,32,35,33.5
2674,32,35,33.5
2674,32,35,33.5
2674,32,35,33.5
2674,32,35,33.5
2674,32,35,33.5
2674,32,35,33.5
2674,32,35,33.5
2674,32,35,33.5
2674,32,35,33.5
2674,32,35,33.5
2674,32,35,33.5
2674,32,35,33.5
2674,32,35,33.5
2674,32,35,33.5
2674,32,35,33.5
2674,32,35,33.5
2674,32,35,33.5
2674,32,35,33.5
2674,32,35,33.5
2674,32,35,33.5
2674,32,35,33.5
2674,32,35,33.5
2674,32,35,33.5
2674,32,35,33.5
2674,32,35,33.5
2674,32,35,33.5
2674,32,35,33.5
2674,32,35,33.5
2675,32,35,33.5
2675,32,35,33.5
2675,32,35,33.5
2675,32,35,33.5
2675,32,35,33.5
2675,32,35,33.5
2675,32,35,33.5
2675,32,35,33.5
2675,32,35,33.5
2675,32,35,33.5
2675,32,35,33.5
2675,32,35,33.5
2675,32,35,33.5
2675,32,35,33.5
2675,32,35,33.5
2675,33,35,34.0
2675,33,35,34.0
2675,33,35,34.0
2675,33,35,34.0
2675,33,35,34.0
2675,33,35,34.0
2675,33,35,34.0
2675,33,35,34.0
2675,33,35,34.0
2675,33,35,34.0
2675,33,35,34.0
2675,33,35,34.0
2675,33,35,34.0
2675,33,35,34.0
2675,33,35,34.0
2675,33,35,34.0
2675,33,35,34.0
2675,33,35,34.0
2675,33,35,34.0
2675,33,35,34.0
2675,33,35,34.0
2675,33,35,34.0
2675,33,35,34.0
2675,32,35,33.5
2675,32,35,33.5
2675,32,35,33.5
2675,32,35,33.5
2675,32,35,33.5
2675,32,35,33.5
2675,32,35,33.5
2676,32,35,33.5
2676,32,35,33.5
2676,32,35,33.5
2676,32,35,33.5
2676,32,35,33.5
2676,32,35,33.5
2676,32,35,33.5
2676,32,35,33.5
2676,32,35,33.5
2676,32,35,33.5
2676,32,35,33.5
2676,32,35,33.5
2676,32,35,33.5
2676,32,35,33.5
2676,32,35,33.5
2676,32,35,33.5
2676,32,35,33.5
2676,32,35,33.5
2676,32,35,33.5
2676,29,35,32.0
2676,29,35,32.0
2676,29,35,32.0
2676,29,35,32.0
2676,29,35,32.0
2676,29,35,32.0
2676,29,35,32.0
2676,29,35,32.0
2676,29,35,32.0
2676,29,35,32.0
2676,29,35,32.0
2676,29,35,32.0
2676,29,35,32.0
2676,29,35,32.0
2676,29,35,32.0
2676,29,35,32.0
2676,29,35,32.0
2676,29,35,32.0
2677,29,35,32.0
2677,32,35,33.5
2677,32,35,33.5
2677,32,35,33.5
2677,32,35,33.5
2677,32,35,33.5
2677,32,35,33.5
2677,32,35,33.5
2677,32,35,33.5
2677,32,35,33.5
2677,32,35,33.5
2677,32,35,33.5
2677,32,35,33.5
2677,32,35,33.5
2677,32,35,33.5
2677,29,35,32.0
2677,29,35,32.0
2677,29,35,32.0
2677,29,35,32.0
2677,29,35,32.0
2677,29,35,32.0
2677,29,35,32.0
2677,29,37,33.0
2677,29,37,33.0
2677,29,37,33.0
2677,29,37,33.0
2677,29,37,33.0
2677,29,35,32.0
2677,29,35,32.0
2677,29,35,32.0
2677,29,35,32.0
2677,29,35,32.0
2677,29,35,32.0
2677,29,35,32.0
2677,29,35,32.0
2677,29,35,32.0
2677,29,35,32.0
2677,29,35,32.0
2677,29,35,32.0
2677,29,35,32.0
2677,29,35,32.0
2677,29,35,32.0
2677,29,35,32.0
2677,29,34,31.5
2677,29,34,31.5
2677,29,34,31.5
2677,29,34,31.5
2677,29,34,31.5
2677,29,34,31.5
2677,29,34,31.5
2677,29,34,31.5
2677,29,34,31.5
2677,29,34,31.5
2677,29,34,31.5
2677,29,33,31.0
2677,32,33,32.5
2677,32,33,32.5
2677,32,33,32.5
2677,32,33,32.5
2677,32,33,32.5
2677,32,33,32.5
2677,32,33,32.5
2677,29,33,31.0
2677,29,32,30.5
2677,29,32,30.5
2677,29,32,30.5
2677,29,32,30.5
2677,29,32,30.5
2677,29,32,30.5
2677,29,32,30.5
2677,29,32,30.5
2677,29,32,30.5
2677,29,32,30.5
2677,29,32,30.5
2677,29,32,30.5
2677,29,32,30.5
2677,29,32,30.5
2677,29,31,30.0
2677,29,31,30.0
2677,29,31,30.0
2677,29,31,30.0
2677,29,31,30.0
2677,29,31,30.0
2677,29,31,30.0
2677,29,31,30.0
2677,29,31,30.0
2677,29,31,30.0
2677,29,31,30.0
2677,29,31,30.0
2677,29,31,30.0
2677,29,31,30.0
2677,29,31,30.0
2677,29,31,30.0
2677,29,31,30.0
2677,29,31,30.0
2677,29,31,30.0
2677,29,31,30.0
2677,29,31,30.0
2677,29,31,30.0
2677,29,31,30.0
2677,29,31,30.0
2677,29,31,30.0
2677,29,31,30.0
2677,29,31,30.0
2677,29,31,30.0
2677,29,31,30.0
2677,29,31,30.0
2677,29,31,30.0
2677,29,31,30.0
2677,29,31,30.0
2677,29,31,30.0
2677,29,31,30.0
2677,29,31,30.0
2677,29,31,30.0
2677,29,31,30.0
2677,29,31,30.0
2677,29,31,30.0
2677,29,31,30.0
2677,29,31,30.0
2677,29,31,30.0
2677,29,31,30.0
2677,29,31,30.0
2677,29,31,30.0
2677,29,31,30.0
2677,29,30,29.5
2677,29,30,29.5
2677,29,30,29.5
2677,29,30,29.5
2677,29,30,29.5
2677,29,30,29.5
2677,29,30,29.5
2677,29,30,29.5
2677,29,30,29.5
2677,29,30,29.5
2677,29,30,29.5
2677,29,30,29.5
2677,29,30,29.5
2677,29,30,29.5
2677,29,30,29.5
2678,29,30,29.5
2678,29,30,29.5
2678,29,30,29.5
2678,29,30,29.5
2678,29,30,29.5
2678,29,30,29.5
2678,29,30,29.5
2678,29,30,29.5
2678,29,30,29.5
2678,29,30,29.5
2678,29,30,29.5
2678,29,30,29.5
2678,29,30,29.5
2678,29,30,29.5
2678,29,30,29.5
2678,25,30,27.5
2678,25,30,27.5
2678,25,30,27.5
2678,25,30,27.5
2678,25,30,27.5
2678,25,30,27.5
2678,25,30,27.5
2678,25,30,27.5
2678,25,30,27.5
2678,25,30,27.5
2678,25,30,27.5
2678,25,30,27.5
2678,25,30,27.5
2678,25,30,27.5
2678,25,30,27.5
2678,25,30,27.5
2678,25,30,27.5
2678,25,30,27.5
2678,25,30,27.5
2678,25,29,27.0
2678,25,29,27.0
2678,25,29,27.0
2678,25,29,27.0
2678,25,29,27.0
2678,25,29,27.0
2678,25,29,27.0
2678,25,28,26.5
2678,25,28,26.5
2678,25,28,26.5
2678,25,28,26.5
2678,25,28,26.5
2678,25,28,26.5
2678,25,28,26.5
2678,25,28,26.5
2678,25,28,26.5
2678,25,28,26.5
2678,25,28,26.5
2678,25,28,26.5
2678,25,28,26.5
2678,25,28,26.5
2678,25,28,26.5
2678,25,28,26.5
2678,25,29,27.0
2678,25,29,27.0
2678,25,28,26.5
2678,25,28,26.5
2678,25,28,26.5
2678,25,28,26.5
2678,25,28,26.5
2678,25,28,26.5
2678,25,29,27.0
2678,25,29,27.0
2678,25,30,27.5
2678,26,30,28.0
2678,26,30,28.0
2678,26,30,28.0
2678,26,30,28.0
2678,26,30,28.0
2678,26,30,28.0
2678,26,30,28.0
2678,26,30,28.0
2678,26,30,28.0
2678,26,30,28.0
2678,26,30,28.0
2678,26,30,28.0
2678,26,30,28.0
2678,26,30,28.0
2678,26,30,28.0
2678,26,30,28.0
2678,26,30,28.0
2678,26,30,28.0
2678,26,30,28.0
2678,26,30,28.0
2678,26,30,28.0
2679,26,30,28.0
2679,26,30,28.0
2679,26,30,28.0
2679,26,30,28.0
2679,26,30,28.0
2679,26,30,28.0
2679,26,30,28.0
2679,26,30,28.0
2679,26,30,28.0
2679,26,30,28.0
2679,26,30,28.0
2679,26,30,28.0
2679,26,30,28.0
2679,26,30,28.0
2679,26,30,28.0
2679,26,30,28.0
2679,26,30,28.0
2679,26,30,28.0
2679,26,30,28.0
2679,26,30,28.0
2679,26,30,28.0
2679,26,30,28.0
2679,26,30,28.0
2679,26,30,28.0
2679,26,30,28.0
2679,26,30,28.0
2680,26,30,28.0
2680,26,30,28.0
2680,26,30,28.0
2680,26,30,28.0
2680,26,30,28.0
2680,26,30,28.0
2680,26,30,28.0
2680,26,30,28.0
2680,26,30,28.0
2680,26,30,28.0
2680,27,30,28.5
2680,27,30,28.5
2680,27,30,28.5
2680,27,30,28.5
2680,27,30,28.5
2680,27,30,28.5
2680,27,30,28.5
2680,27,30,28.5
2680,27,30,28.5
2680,27,30,28.5
2680,27,30,28.5
2680,27,30,28.5
2680,27,30,28.5
2681,27,30,28.5
2681,27,30,28.5
2681,27,30,28.5
2681,27,30,28.5
2681,27,30,28.5
2681,28,30,29.0
2681,28,30,29.0
2681,28,30,29.0
2681,28,30,29.0
2681,28,30,29.0
2681,28,30,29.0
2681,28,30,29.0
2681,28,30,29.0
2681,28,30,29.0
2681,28,30,29.0
2681,28,30,29.0
2681,28,30,29.0
2681,28,30,29.0
2681,28,30,29.0
2681,29,30,29.5
2681,29,30,29.5
2681,29,30,29.5
2681,29,30,29.5
2681,29,30,29.5
2681,29,30,29.5
2681,29,30,29.5
2681,29,30,29.5
2681,29,30,29.5
2681,29,30,29.5
2681,29,30,29.5
2681,29,30,29.5
2681,29,30,29.5
2681,29,30,29.5
2681,29,30,29.5
2681,29,30,29.5
2681,29,30,29.5
2681,29,30,29.5
2681,29,30,29.5
2681,29,30,29.5
2681,29,30,29.5
2681,29,30,29.5
2682,29,30,29.5
2682,29,30,29.5
2682,29,30,29.5
2682,29,30,29.5
2682,29,30,29.5
2682,29,30,29.5
2682,29,30,29.5
2682,29,30,29.5
2682,29,30,29.5
2682,29,30,29.5
2682,29,30,29.5
2683,29,30,29.5
2683,29,30,29.5
2683,29,30,29.5
2683,29,30,29.5
2683,29,30,29.5
2683,29,30,29.5
2683,29,30,29.5
2683,29,30,29.5
2683,29,30,29.5
2683,29,30,29.5
2683,29,30,29.5
2683,29,30,29.5
2684,29,30,29.5
2684,29,30,29.5
2684,29,30,29.5
2684,29,30,29.5
2684,29,30,29.5
2684,29,30,29.5
2684,29,30,29.5
2684,29,31,30.0
2684,29,31,30.0
2684,29,31,30.0
2684,29,31,30.0
2684,29,31,30.0
2684,29,31,30.0
2684,29,31,30.0
2684,29,31,30.0
2684,29,31,30.0
2684,29,31,30.0
2684,29,31,30.0
2684,29,31,30.0
2684,29,31,30.0
2684,29,31,30.0
2684,29,31,30.0
2684,29,31,30.0
2684,29,31,30.0
2684,29,31,30.0
2684,29,31,30.0
2684,29,31,30.0
2684,29,31,30.0
2684,29,31,30.0
2684,29,31,30.0
2684,29,31,30.0
2684,29,31,30.0
2684,29,31,30.0
2684,29,31,30.0
2684,29,31,30.0
2684,29,31,30.0
2684,29,31,30.0
2684,29,31,30.0
2684,29,31,30.0
2684,29,31,30.0
2685,29,31,30.0
2685,29,31,30.0
2685,29,31,30.0
2685,29,31,30.0
2685,29,31,30.0
2685,29,31,30.0
2685,29,31,30.0
2685,29,31,30.0
2685,29,31,30.0
2685,29,31,30.0
2685,30,31,30.5
2685,30,31,30.5
2685,30,31,30.5
2685,30,31,30.5
2685,30,31,30.5
2685,30,31,30.5
2685,30,31,30.5
2685,30,31,30.5
2685,30,31,30.5
2685,30,31,30.5
2685,30,31,30.5
2685,30,31,30.5
2685,30,31,30.5
2685,30,31,30.5
2685,30,31,30.5
2685,30,31,30.5
2686,30,31,30.5
2686,30,31,30.5
2686,30,31,30.5
2686,30,31,30.5
2686,30,31,30.5
2686,30,31,30.5
2686,30,31,30.5
2686,30,31,30.5
2687,30,31,30.5
2687,30,31,30.5
2687,30,31,30.5
2687,30,31,30.5
2687,30,31,30.5
2687,30,31,30.5
2687,30,31,30.5
2687,30,31,30.5
2687,30,31,30.5
2687,30,31,30.5
2687,30,31,30.5
2687,30,31,30.5
2688,30,31,30.5
2688,30,31,30.5
2688,30,31,30.5
2689,30,31,30.5
2689,30,31,30.5
2689,30,31,30.5
2689,30,31,30.5
2689,30,31,30.5
2689,30,31,30.5
2689,30,31,30.5
2689,30,31,30.5
2689,30,31,30.5
2689,30,31,30.5
2689,30,31,30.5
2689,30,31,30.5
2690,30,31,30.5
2690,30,31,30.5
2690,30,31,30.5
2690,30,31,30.5
2691,30,31,30.5
2691,30,31,30.5
2691,30,31,30.5
2691,30,31,30.5
2691,30,31,30.5
2691,30,31,30.5
2691,30,31,30.5
2692,30,31,30.5
2692,30,31,30.5
2692,30,31,30.5
2692,30,31,30.5
2692,30,31,30.5
2692,30,31,30.5
2692,30,31,30.5
2692,30,31,30.5
2692,30,31,30.5
2692,30,31,30.5
2692,30,31,30.5
2692,30,31,30.5
2692,30,31,30.5
2693,30,31,30.5
2693,30,31,30.5
2693,30,31,30.5
2693,30,31,30.5
2693,30,31,30.5
2693,30,31,30.5
2693,30,31,30.5
2693,30,31,30.5
2693,30,31,30.5
2693,30,31,30.5
2693,30,31,30.5
2693,30,31,30.5
2693,30,31,30.5
2693,30,31,30.5
2693,30,31,30.5
2693,30,31,30.5
2693,30,31,30.5
2693,30,32,31.0
2693,30,32,31.0
2693,30,32,31.0
2693,30,32,31.0
2693,30,32,31.0
2693,30,32,31.0
2693,30,32,31.0
2693,30,32,31.0
2693,30,32,31.0
2693,30,32,31.0
2694,30,32,31.0
2694,30,32,31.0
2694,30,32,31.0
2694,30,32,31.0
2694,31,32,31.5
2694,31,32,31.5
2694,31,32,31.5
2694,31,32,31.5
2694,31,32,31.5
2694,31,32,31.5
2694,31,32,31.5
2694,31,32,31.5
2694,31,32,31.5
2694,31,32,31.5
2694,31,32,31.5
2694,31,32,31.5
2694,31,32,31.5
2694,31,32,31.5
2694,31,32,31.5
2694,31,32,31.5
2694,31,32,31.5
2695,31,32,31.5
2695,31,32,31.5
2695,31,32,31.5
2695,31,32,31.5
2695,31,32,31.5
2695,31,32,31.5
2695,31,32,31.5
2695,31,32,31.5
2695,31,32,31.5
2695,31,32,31.5
2695,31,32,31.5
2695,31,32,31.5
2695,31,32,31.5
2695,31,32,31.5
2695,31,32,31.5
2695,31,32,31.5
2695,31,32,31.5
2696,31,32,31.5
2696,31,32,31.5
2696,31,32,31.5
2696,31,32,31.5
2696,31,32,31.5
2697,31,32,31.5
2697,31,32,31.5
2697,31,32,31.5
2697,31,32,31.5
2697,31,32,31.5
2697,31,32,31.5
2697,31,32,31.5
2698,31,32,31.5
2698,31,32,31.5
2698,30,32,31.0
2698,30,32,31.0
2698,30,32,31.0
2698,30,32,31.0
2698,30,32,31.0
2698,30,32,31.0
2698,30,32,31.0
2698,30,32,31.0
2698,30,32,31.0
2698,30,32,31.0
2698,30,32,31.0
2698,30,32,31.0
2698,30,32,31.0
2698,30,32,31.0
2698,30,32,31.0
2698,30,32,31.0
2698,30,32,31.0
2698,30,32,31.0
2698,30,32,31.0
2698,30,32,31.0
2698,30,32,31.0
2698,30,32,31.0
2698,30,32,31.0
2698,30,32,31.0
2698,30,32,31.0
2698,30,32,31.0
2698,30,32,31.0
2698,30,32,31.0
2698,30,32,31.0
2698,30,32,31.0
2698,30,32,31.0
2698,30,32,31.0
2698,30,32,31.0
2698,30,32,31.0
2698,30,32,31.0
2698,30,32,31.0
2698,30,32,31.0
2698,30,32,31.0
2698,30,32,31.0
2698,30,32,31.0
2698,30,32,31.0
2698,30,32,31.0
2698,30,32,31.0
2698,30,31,30.5
2698,30,31,30.5
2698,30,31,30.5
2699,30,31,30.5
2699,30,31,30.5
2699,30,31,30.5
2699,30,31,30.5
2699,30,31,30.5
2699,30,31,30.5
2699,30,31,30.5
2699,30,31,30.5
2699,30,31,30.5
2699,30,31,30.5
2699,30,31,30.5
2699,30,31,30.5
2699,30,31,30.5
2699,30,31,30.5
2699,30,31,30.5
2699,30,31,30.5
2699,30,31,30.5
2699,29,31,30.0
2699,29,31,30.0
2699,29,31,30.0
2699,29,31,30.0
2699,29,31,30.0
2699,29,31,30.0
2699,29,31,30.0
2699,29,31,30.0
2699,29,31,30.0
2699,29,31,30.0
2699,29,31,30.0
2699,29,31,30.0
2699,29,31,30.0
2699,29,31,30.0
2699,29,31,30.0
2699,29,31,30.0
2699,29,31,30.0
2699,29,31,30.0
2699,29,31,30.0
2699,29,31,30.0
2699,29,31,30.0
2699,29,31,30.0
2699,29,31,30.0
2699,29,31,30.0
2699,29,31,30.0
2699,29,31,30.0
2699,29,31,30.0
2699,29,31,30.0
2699,29,31,30.0
2699,29,31,30.0
2699,29,31,30.0
2699,29,31,30.0
2699,29,31,30.0
2699,29,31,30.0
2699,29,31,30.0
2699,29,31,30.0
2699,29,31,30.0
2699,29,31,30.0
2699,29,31,30.0
2699,29,31,30.0
2699,29,31,30.0
2699,29,31,30.0
2699,29,31,30.0
2699,29,31,30.0
2699,29,31,30.0
2699,29,31,30.0
2699,29,31,30.0
2699,29,31,30.0
2699,29,31,30.0
2699,29,31,30.0
2699,29,31,30.0
2699,29,31,30.0
2699,29,31,30.0
2699,29,31,30.0
2699,29,31,30.0
2699,29,31,30.0
2699,29,31,30.0
2699,29,31,30.0
2699,29,31,30.0
2699,29,31,30.0
2699,29,31,30.0
2699,29,31,30.0
2699,29,31,30.0
2699,29,31,30.0
2699,29,31,30.0
2699,29,31,30.0
2699,29,31,30.0
2699,29,31,30.0
2699,29,31,30.0
2699,29,31,30.0
2699,29,31,30.0
2699,29,31,30.0
2699,29,31,30.0
2699,29,31,30.0
2699,29,31,30.0
2699,29,31,30.0
2699,29,31,30.0
2699,29,31,30.0
2699,29,31,30.0
2699,29,31,30.0
2700,29,31,30.0
2700,29,31,30.0
2700,29,31,30.0
2700,29,31,30.0
2700,29,31,30.0
2700,29,31,30.0
2700,29,31,30.0
2700,29,31,30.0
2700,29,31,30.0
2700,29,31,30.0
2700,29,31,30.0
2700,29,31,30.0
2700,29,31,30.0
2700,29,31,30.0
2700,29,31,30.0
2700,29,31,30.0
2700,29,31,30.0
2700,29,31,30.0
2700,29,31,30.0
2700,29,31,30.0
2700,29,31,30.0
2700,29,31,30.0
2701,29,31,30.0
2701,29,31,30.0
2701,29,31,30.0
2701,29,31,30.0
2701,29,31,30.0
2701,29,31,30.0
2701,29,31,30.0
2701,29,31,30.0
2701,29,31,30.0
2701,29,31,30.0
2701,29,31,30.0
2701,29,31,30.0
2701,29,31,30.0
2701,29,31,30.0
2701,29,31,30.0
2701,29,31,30.0
2701,29,31,30.0
2701,29,31,30.0
2701,29,31,30.0
2701,29,31,30.0
2701,29,31,30.0
2701,29,31,30.0
2701,29,31,30.0
2701,29,31,30.0
2701,29,31,30.0
2701,29,31,30.0
2701,29,31,30.0
2701,29,31,30.0
2701,29,31,30.0
2701,29,31,30.0
2701,29,31,30.0
2701,29,31,30.0
2701,29,31,30.0
2702,29,31,30.0
2702,29,31,30.0
2702,29,31,30.0
2702,29,31,30.0
2702,29,31,30.0
2702,29,31,30.0
2702,29,31,30.0
2702,29,31,30.0
2702,29,31,30.0
2702,29,31,30.0
2702,29,31,30.0
2702,29,31,30.0
2702,29,31,30.0
2702,29,31,30.0
2702,29,31,30.0
2702,29,31,30.0
2703,29,31,30.0
2703,29,31,30.0
2704,29,31,30.0
2704,29,31,30.0
2704,29,31,30.0
2704,29,31,30.0
2704,29,31,30.0
2704,29,32,30.5
2704,29,34,31.5
2704,33,34,33.5
2704,33,34,33.5
2704,33,34,33.5
2704,33,34,33.5
2704,33,34,33.5
2704,33,34,33.5
2704,33,34,33.5
2704,33,34,33.5
2704,33,34,33.5
2704,33,34,33.5
2704,33,34,33.5
2704,33,34,33.5
2704,33,34,33.5
2704,33,34,33.5
2704,33,34,33.5
2704,33,34,33.5
2704,33,34,33.5
2704,33,34,33.5
2704,33,34,33.5
2704,33,34,33.5
2704,33,34,33.5
2704,33,34,33.5
2704,33,34,33.5
2704,33,34,33.5
2704,33,34,33.5
2704,33,34,33.5
2704,33,34,33.5
2704,33,34,33.5
2704,33,34,33.5
2704,33,34,33.5
2704,33,34,33.5
2704,33,34,33.5
2704,33,34,33.5
2704,33,34,33.5
2704,33,34,33.5
2704,33,34,33.5
2704,33,34,33.5
2704,33,34,33.5
2704,33,34,33.5
2704,33,34,33.5
2704,33,34,33.5
2704,33,34,33.5
2704,33,34,33.5
2704,33,34,33.5
2704,33,34,33.5
2704,33,34,33.5
2704,33,34,33.5
2704,33,34,33.5
2704,33,34,33.5
2704,33,34,33.5
2704,33,34,33.5
2704,33,34,33.5
2704,33,34,33.5
2704,33,34,33.5
2704,33,34,33.5
2704,33,34,33.5
2704,33,34,33.5
2704,33,34,33.5
2704,33,34,33.5
2704,33,34,33.5
2704,33,34,33.5
2704,33,34,33.5
2704,33,34,33.5
2704,33,34,33.5
2704,33,34,33.5
2704,33,34,33.5
2704,33,34,33.5
2704,33,34,33.5
2704,33,34,33.5
2704,33,34,33.5
2704,33,34,33.5
2704,33,34,33.5
2704,33,34,33.5
2705,33,34,33.5
2705,33,34,33.5
2705,33,34,33.5
2705,33,34,33.5
2705,33,34,33.5
2705,33,34,33.5
2705,33,34,33.5
2705,33,34,33.5
2705,33,34,33.5
2705,33,34,33.5
2705,33,34,33.5
2705,33,34,33.5
2705,33,34,33.5
2705,33,34,33.5
2705,33,34,33.5
2705,33,34,33.5
2705,33,34,33.5
2705,33,34,33.5
2705,33,34,33.5
2705,33,34,33.5
2705,33,34,33.5
2705,33,34,33.5
2705,33,34,33.5
2705,33,34,33.5
2705,33,34,33.5
2705,33,34,33.5
2705,33,34,33.5
2705,33,34,33.5
2705,33,34,33.5
2705,33,34,33.5
2705,33,34,33.5
2705,33,34,33.5
2705,33,34,33.5
2705,33,34,33.5
2705,33,34,33.5
2705,33,34,33.5
2705,33,34,33.5
2705,33,34,33.5
2705,33,34,33.5
2705,33,34,33.5
2705,33,34,33.5
2705,33,34,33.5
2705,33,34,33.5
2705,33,34,33.5
2705,33,34,33.5
2705,33,34,33.5
2705,33,34,33.5
2705,33,34,33.5
2705,33,34,33.5
2705,33,34,33.5
2705,33,34,33.5
2705,33,34,33.5
2705,33,34,33.5
2705,33,34,33.5
2705,33,34,33.5
2705,33,34,33.5
2705,33,34,33.5
2705,33,34,33.5
2705,33,34,33.5
2705,33,34,33.5
2705,33,34,33.5
2705,33,34,33.5
2705,33,34,33.5
2705,33,34,33.5
2705,33,34,33.5
2705,33,34,33.5
2705,33,34,33.5
2705,33,34,33.5
2705,33,34,33.5
2705,33,34,33.5
2705,33,34,33.5
2705,33,34,33.5
2705,33,34,33.5
2705,33,34,33.5
2705,33,34,33.5
2706,33,34,33.5
2706,33,34,33.5
2706,33,34,33.5
2706,33,34,33.5
2706,33,34,33.5
2706,33,34,33.5
2706,33,34,33.5
2706,33,34,33.5
2706,33,34,33.5
2706,33,34,33.5
2706,33,34,33.5
2706,33,34,33.5
2706,33,34,33.5
2706,33,34,33.5
2706,33,34,33.5
2706,33,34,33.5
2706,33,34,33.5
2706,33,34,33.5
2706,33,34,33.5
2706,33,34,33.5
2706,33,34,33.5
2706,33,34,33.5
2706,33,34,33.5
2707,33,34,33.5
2707,33,34,33.5
2707,33,34,33.5
2707,33,34,33.5
2707,33,34,33.5
2707,33,34,33.5
2707,33,34,33.5
2707,33,34,33.5
2707,33,34,33.5
2707,33,34,33.5
2707,33,34,33.5
2707,33,34,33.5
2707,33,34,33.5
2707,33,34,33.5
2707,33,34,33.5
2707,33,34,33.5
2707,33,34,33.5
2707,33,34,33.5
2707,33,34,33.5
2707,33,34,33.5
2707,33,34,33.5
2707,33,34,33.5
2708,33,34,33.5
2708,33,34,33.5
2708,33,34,33.5
2708,33,34,33.5
2708,33,34,33.5
2708,33,34,33.5
2708,33,34,33.5
2708,33,34,33.5
2708,33,34,33.5
2708,33,34,33.5
2708,33,34,33.5
2708,33,34,33.5
2708,33,34,33.5
2708,33,34,33.5
2708,33,34,33.5
2709,33,34,33.5
2709,33,34,33.5
2709,33,34,33.5
2709,33,34,33.5
2709,33,34,33.5
2709,33,34,33.5
2709,33,34,33.5
2709,33,34,33.5
2709,33,34,33.5
2709,33,34,33.5
2709,33,34,33.5
2709,33,34,33.5
2709,33,34,33.5
2709,33,34,33.5
2710,33,34,33.5
2710,33,34,33.5
2710,33,34,33.5
2710,33,34,33.5
2710,33,34,33.5
2710,33,34,33.5
2710,33,34,33.5
2710,33,34,33.5
2710,33,34,33.5
2710,33,34,33.5
2710,33,34,33.5
2710,33,34,33.5
2710,33,34,33.5
2710,33,34,33.5
2710,33,34,33.5
2711,33,34,33.5
2711,33,34,33.5
2711,33,34,33.5
2711,33,34,33.5
2711,33,34,33.5
2711,33,34,33.5
2711,33,34,33.5
2711,33,34,33.5
2711,33,34,33.5
2712,33,34,33.5
2712,33,34,33.5
2712,33,34,33.5
2712,33,34,33.5
2712,33,34,33.5
2712,33,34,33.5
2712,33,34,33.5
2712,33,34,33.5
2712,33,34,33.5
2712,33,34,33.5
2712,33,35,34.0
2712,33,35,34.0
2712,33,35,34.0
2712,33,35,34.0
2712,33,35,34.0
2712,33,35,34.0
2712,33,35,34.0
2712,33,35,34.0
2712,33,35,34.0
2712,33,35,34.0
2713,33,35,34.0
2713,33,35,34.0
2713,33,35,34.0
2713,33,35,34.0
2713,33,35,34.0
2713,33,35,34.0
2713,34,35,34.5
2713,34,35,34.5
2713,34,35,34.5
2713,34,35,34.5
2713,34,35,34.5
2713,34,35,34.5
2714,34,35,34.5
2714,34,35,34.5
2714,34,35,34.5
2714,34,35,34.5
2714,34,35,34.5
2714,34,35,34.5
2714,34,35,34.5
2714,34,35,34.5
2714,34,35,34.5
2714,34,35,34.5
2714,34,35,34.5
2714,34,35,34.5
2714,34,35,34.5
2714,34,35,34.5
2714,34,35,34.5
2714,34,35,34.5
2714,34,35,34.5
2714,34,35,34.5
2714,34,35,34.5
2714,34,35,34.5
2714,34,35,34.5
2714,34,35,34.5
2714,34,35,34.5
2714,34,35,34.5
2714,34,35,34.5
2714,34,35,34.5
2714,34,35,34.5
2714,34,35,34.5
2714,34,35,34.5
2714,34,36,35.0
2714,34,36,35.0
2714,34,36,35.0
2714,34,36,35.0
2714,34,36,35.0
2714,34,36,35.0
2714,34,36,35.0
2714,34,36,35.0
2714,34,36,35.0
2714,34,36,35.0
2714,34,36,35.0
2714,34,36,35.0
2715,34,36,35.0
2715,34,36,35.0
2715,34,36,35.0
2715,34,36,35.0
2715,34,36,35.0
2715,34,36,35.0
2715,34,36,35.0
2715,34,36,35.0
2715,34,36,35.0
2715,34,36,35.0
2715,34,36,35.0
2715,34,36,35.0
2716,34,36,35.0
2716,34,36,35.0
2716,34,36,35.0
2716,34,36,35.0
2716,35,36,35.5
2716,35,36,35.5
2716,35,36,35.5
2716,35,36,35.5
2716,35,36,35.5
2716,35,36,35.5
2716,35,36,35.5
2716,35,36,35.5
2716,35,36,35.5
2716,35,36,35.5
2716,35,36,35.5
2717,35,36,35.5
2717,35,36,35.5
2717,35,36,35.5
2717,35,36,35.5
2717,35,36,35.5
2717,35,36,35.5
2717,35,36,35.5
2717,35,36,35.5
2717,35,36,35.5
2717,35,36,35.5
2717,35,36,35.5
2717,35,36,35.5
2717,35,36,35.5
2717,35,36,35.5
2717,35,36,35.5
2717,35,36,35.5
2717,35,36,35.5
2718,35,36,35.5
2718,35,36,35.5
2718,35,36,35.5
2718,35,36,35.5
2718,35,36,35.5
2718,35,36,35.5
2718,35,36,35.5
2718,35,36,35.5
2718,35,36,35.5
2718,35,36,35.5
2718,35,36,35.5
2718,35,36,35.5
2718,35,36,35.5
2718,34,36,35.0
2718,34,36,35.0
2718,34,36,35.0
2718,34,36,35.0
2718,34,36,35.0
2718,34,36,35.0
2718,34,36,35.0
2718,34,36,35.0
2718,34,36,35.0
2718,34,36,35.0
2718,34,36,35.0
2718,34,36,35.0
2718,34,36,35.0
2718,34,36,35.0
2718,34,36,35.0
2718,34,36,35.0
2718,34,36,35.0
2718,34,36,35.0
2718,34,36,35.0
2718,34,36,35.0
2718,34,36,35.0
2718,34,36,35.0
2718,34,36,35.0
2718,34,36,35.0
2718,34,36,35.0
2718,34,36,35.0
2718,34,36,35.0
2718,34,36,35.0
2718,34,36,35.0
2718,34,36,35.0
2718,34,36,35.0
2718,34,36,35.0
2719,34,36,35.0
2719,34,36,35.0
2719,34,36,35.0
2719,34,36,35.0
2719,34,36,35.0
2719,34,36,35.0
2719,34,36,35.0
2719,34,36,35.0
2719,34,36,35.0
2719,34,36,35.0
2719,34,36,35.0
2719,34,36,35.0
2719,34,36,35.0
2719,34,36,35.0
2719,33,36,34.5
2719,33,36,34.5
2719,33,36,34.5
2719,33,36,34.5
2719,33,36,34.5
2719,33,36,34.5
2719,33,36,34.5
2719,33,36,34.5
2719,33,36,34.5
2719,33,36,34.5
2719,33,36,34.5
2719,33,36,34.5
2719,33,36,34.5
2719,33,36,34.5
2719,33,36,34.5
2719,33,36,34.5
2719,33,36,34.5
2719,33,36,34.5
2719,33,36,34.5
2719,33,36,34.5
2719,33,36,34.5
2719,33,36,34.5
2719,33,36,34.5
2719,33,36,34.5
2719,33,36,34.5
2719,33,36,34.5
2719,33,36,34.5
2719,33,36,34.5
2719,33,36,34.5
2719,33,36,34.5
2719,33,36,34.5
2719,33,36,34.5
2719,33,36,34.5
2719,33,36,34.5
2719,33,37,35.0
2719,33,38,35.5
2719,33,38,35.5
2719,33,38,35.5
2719,33,38,35.5
2719,33,38,35.5
2719,33,38,35.5
2719,33,38,35.5
2719,33,38,35.5
2719,34,38,36.0
2719,34,38,36.0
2719,34,38,36.0
2719,34,38,36.0
2719,34,38,36.0
2719,34,38,36.0
2719,34,38,36.0
2719,34,38,36.0
2719,34,38,36.0
2719,34,38,36.0
2719,34,38,36.0
2719,34,38,36.0
2719,34,38,36.0
2719,34,38,36.0
2719,34,38,36.0
2719,34,38,36.0
2719,34,38,36.0
2719,34,38,36.0
2719,34,38,36.0
2719,34,38,36.0
2719,34,38,36.0
2719,34,38,36.0
2719,34,38,36.0
2719,34,38,36.0
2719,34,38,36.0
2719,34,38,36.0
2719,34,38,36.0
2719,34,38,36.0
2719,34,38,36.0
2719,34,38,36.0
2719,34,38,36.0
2719,34,38,36.0
2719,34,38,36.0
2719,34,38,36.0
2719,34,38,36.0
2719,34,38,36.0
2719,34,38,36.0
2719,34,38,36.0
2720,34,38,36.0
2720,34,38,36.0
2720,33,38,35.5
2720,33,38,35.5
2720,33,38,35.5
2720,31,38,34.5
2720,31,38,34.5
2720,30,38,34.0
2720,30,38,34.0
2720,33,38,35.5
2720,33,38,35.5
2720,33,38,35.5
2720,33,38,35.5
2720,33,38,35.5
2720,33,38,35.5
2720,33,38,35.5
2720,33,38,35.5
2720,33,38,35.5
2720,33,38,35.5
2720,33,38,35.5
2720,33,38,35.5
2720,33,38,35.5
2720,33,38,35.5
2720,33,38,35.5
2720,33,38,35.5
2720,33,38,35.5
2720,33,38,35.5
2720,33,38,35.5
2720,33,38,35.5
2720,33,38,35.5
2720,32,38,35.0
2720,32,38,35.0
2720,28,38,33.0
2720,28,38,33.0
2720,28,38,33.0
2720,28,38,33.0
2720,28,38,33.0
2720,28,38,33.0
2720,28,38,33.0
2720,29,38,33.5
2720,29,38,33.5
2720,29,38,33.5
2720,29,38,33.5
2720,32,38,35.0
2720,32,38,35.0
2720,32,38,35.0
2720,32,38,35.0
2720,33,38,35.5
2720,33,38,35.5
2720,33,38,35.5
2720,33,38,35.5
2720,33,38,35.5
2720,33,38,35.5
2720,33,38,35.5
2720,33,38,35.5
2720,29,38,33.5
2720,29,38,33.5
2720,29,38,33.5
2720,29,38,33.5
2720,29,38,33.5
2720,29,38,33.5
2720,29,38,33.5
2720,29,38,33.5
2720,29,38,33.5
2720,29,38,33.5
2720,29,38,33.5
2720,29,38,33.5
2720,29,38,33.5
2720,29,38,33.5
2720,29,38,33.5
2720,29,38,33.5
2720,29,38,33.5
2720,29,38,33.5
2720,30,38,34.0
2721,30,38,34.0
2721,30,38,34.0
2721,30,38,34.0
2721,30,38,34.0
2721,30,38,34.0
2721,30,38,34.0
2721,30,38,34.0
2721,30,38,34.0
2721,30,38,34.0
2721,30,38,34.0
2721,30,38,34.0
2721,30,38,34.0
2721,30,37,33.5
2721,30,37,33.5
2721,30,37,33.5
2721,31,37,34.0
2721,31,37,34.0
2721,31,37,34.0
2721,31,37,34.0
2721,31,37,34.0
2721,31,37,34.0
2721,33,37,35.0
2721,33,37,35.0
2721,33,37,35.0
2721,33,37,35.0
2721,33,37,35.0
2721,33,37,35.0
2721,33,37,35.0
2721,33,37,35.0
2721,33,37,35.0
2721,33,37,35.0
2721,33,37,35.0
2721,34,37,35.5
2721,34,38,36.0
2721,34,38,36.0
2721,34,38,36.0
2721,34,38,36.0
2721,34,38,36.0
2721,34,38,36.0
2721,31,38,34.5
2721,31,38,34.5
2721,31,38,34.5
2721,31,38,34.5
2721,31,38,34.5
2721,31,38,34.5
2721,31,38,34.5
2721,31,38,34.5
2721,31,38,34.5
2721,31,38,34.5
2721,31,38,34.5
2721,31,38,34.5
2721,31,38,34.5
2721,31,38,34.5
2721,31,38,34.5
2721,31,38,34.5
2722,32,38,35.0
2722,32,38,35.0
2722,32,38,35.0
2722,32,38,35.0
2722,32,38,35.0
2722,32,38,35.0
2722,32,38,35.0
2722,32,38,35.0
2722,32,38,35.0
2722,32,38,35.0
2722,32,38,35.0
2722,32,38,35.0
2722,32,38,35.0
2722,32,38,35.0
2722,32,38,35.0
2722,32,38,35.0
2722,32,38,35.0
2722,32,38,35.0
2722,32,38,35.0
2722,32,38,35.0
2722,32,38,35.0
2722,32,38,35.0
2722,32,38,35.0
2722,32,38,35.0
2722,32,38,35.0
2722,32,38,35.0
2722,32,38,35.0
2722,32,38,35.0
2722,29,38,33.5
2722,29,38,33.5
2722,32,38,35.0
2722,32,38,35.0
2722,32,38,35.0
2722,32,38,35.0
2723,32,38,35.0
2723,32,38,35.0
2723,32,38,35.0
2723,32,38,35.0
2723,32,38,35.0
2723,32,38,35.0
2723,32,38,35.0
2723,32,38,35.0
2723,32,38,35.0
2723,32,38,35.0
2723,32,38,35.0
2723,32,38,35.0
2723,32,38,35.0
2723,32,38,35.0
2723,32,38,35.0
2723,32,38,35.0
2723,32,38,35.0
2723,32,38,35.0
2723,32,38,35.0
2723,32,38,35.0
2723,32,38,35.0
2723,32,38,35.0
2723,32,38,35.0
2723,32,38,35.0
2723,32,38,35.0
2723,32,38,35.0
2723,32,38,35.0
2723,32,38,35.0
2723,32,38,35.0
2723,32,38,35.0
2723,32,38,35.0
2723,32,38,35.0
2723,32,38,35.0
2723,32,38,35.0
2724,32,38,35.0
2724,32,38,35.0
2724,32,38,35.0
2724,32,38,35.0
2724,32,38,35.0
2724,32,38,35.0
2724,32,38,35.0
2724,32,38,35.0
2724,32,38,35.0
2724,32,37,34.5
2724,32,37,34.5
2724,32,37,34.5
2724,32,37,34.5
2724,32,37,34.5
2724,32,37,34.5
2724,32,37,34.5
2724,32,37,34.5
2724,32,37,34.5
2724,32,37,34.5
2724,32,37,34.5
2724,32,37,34.5
2724,32,37,34.5
2724,32,37,34.5
2724,32,37,34.5
2724,32,37,34.5
2724,32,37,34.5
2724,32,37,34.5
2724,32,37,34.5
2724,32,37,34.5
2724,32,37,34.5
2724,32,37,34.5
2724,32,37,34.5
2724,32,37,34.5
2724,32,37,34.5
2724,32,37,34.5
2724,32,37,34.5
2724,32,37,34.5
2724,32,37,34.5
2724,32,37,34.5
2724,32,37,34.5
2724,32,37,34.5
2724,33,37,35.0
2724,33,37,35.0
2724,33,37,35.0
2724,33,37,35.0
2724,33,37,35.0
2724,33,37,35.0
2724,33,37,35.0
2724,33,37,35.0
2724,33,37,35.0
2724,33,37,35.0
2724,33,37,35.0
2724,33,37,35.0
2724,33,37,35.0
2724,33,37,35.0
2724,33,37,35.0
2724,33,37,35.0
2724,32,37,34.5
2724,32,37,34.5
2724,32,37,34.5
2724,32,37,34.5
2724,32,37,34.5
2724,32,37,34.5
2724,32,37,34.5
2724,32,37,34.5
2724,32,37,34.5
2724,32,37,34.5
2724,32,37,34.5
2724,32,37,34.5
2724,32,37,34.5
2724,32,37,34.5
2724,33,37,35.0
2724,33,37,35.0
2724,33,37,35.0
2724,33,37,35.0
2724,33,37,35.0
2724,33,37,35.0
2724,33,37,35.0
2724,33,37,35.0
2724,33,37,35.0
2724,33,37,35.0
2724,33,37,35.0
2724,33,37,35.0
2724,33,37,35.0
2724,33,37,35.0
2724,33,37,35.0
2724,33,37,35.0
2724,33,37,35.0
2724,33,37,35.0
2725,33,37,35.0
2725,33,37,35.0
2725,33,37,35.0
2725,33,37,35.0
2725,33,37,35.0
2725,33,37,35.0
2725,33,37,35.0
2725,33,37,35.0
2725,33,37,35.0
2725,33,37,35.0
2725,33,37,35.0
2725,33,37,35.0
2725,33,37,35.0
2725,33,37,35.0
2725,33,37,35.0
2725,33,37,35.0
2725,33,37,35.0
2725,33,36,34.5
2725,33,36,34.5
2725,33,36,34.5
2725,33,36,34.5
2725,33,36,34.5
2725,33,36,34.5
2725,33,36,34.5
2725,33,36,34.5
2725,33,36,34.5
2725,33,36,34.5
2725,33,36,34.5
2725,33,36,34.5
2725,33,36,34.5
2725,33,36,34.5
2725,33,36,34.5
2725,33,36,34.5
2725,33,36,34.5
2725,33,36,34.5
2725,33,36,34.5
2725,33,36,34.5
2725,33,36,34.5
2725,33,36,34.5
2725,33,36,34.5
2725,33,36,34.5
2725,33,36,34.5
2725,33,36,34.5
2725,33,36,34.5
2725,33,36,34.5
2725,33,36,34.5
2725,33,36,34.5
2725,33,36,34.5
2725,33,36,34.5
2725,33,36,34.5
2725,33,36,34.5
2726,33,36,34.5
2726,33,36,34.5
2726,33,36,34.5
2726,33,36,34.5
2726,33,36,34.5
2726,33,36,34.5
2726,33,36,34.5
2726,33,36,34.5
2726,33,36,34.5
2726,33,36,34.5
2726,33,36,34.5
2726,33,36,34.5
2726,33,36,34.5
2726,33,36,34.5
2726,33,36,34.5
2726,32,36,34.0
2726,32,36,34.0
2726,32,36,34.0
2726,32,36,34.0
2726,32,36,34.0
2726,32,36,34.0
2726,32,36,34.0
2726,32,36,34.0
2726,32,36,34.0
2726,32,36,34.0
2726,32,36,34.0
2726,32,36,34.0
2726,32,36,34.0
2726,32,36,34.0
2726,32,36,34.0
2726,32,36,34.0
2726,32,36,34.0
2726,32,36,34.0
2726,32,36,34.0
2726,32,36,34.0
2726,32,36,34.0
2726,32,36,34.0
2726,32,36,34.0
2726,32,36,34.0
2726,32,36,34.0
2726,32,36,34.0
2726,32,36,34.0
2727,32,36,34.0
2727,32,36,34.0
2727,32,36,34.0
2727,32,36,34.0
2727,32,36,34.0
2727,32,36,34.0
2727,32,36,34.0
2727,32,36,34.0
2727,32,36,34.0
2727,32,36,34.0
2727,32,36,34.0
2727,32,36,34.0
2727,32,36,34.0
2727,32,36,34.0
2727,32,36,34.0
2727,32,36,34.0
2727,32,35,33.5
2727,32,35,33.5
2727,32,35,33.5
2727,32,35,33.5
2727,32,35,33.5
2727,32,35,33.5
2727,32,35,33.5
2727,32,35,33.5
2727,32,35,33.5
2727,32,35,33.5
2727,32,35,33.5
2727,32,35,33.5
2727,32,35,33.5
2728,33,35,34.0
2728,33,35,34.0
2728,33,35,34.0
2728,33,35,34.0
2728,33,35,34.0
2728,33,35,34.0
2728,33,35,34.0
2728,33,35,34.0
2728,33,35,34.0
2728,33,35,34.0
2728,33,35,34.0
2728,33,35,34.0
2728,33,35,34.0
2728,33,35,34.0
2728,33,35,34.0
2728,33,35,34.0
2728,33,35,34.0
2728,33,35,34.0
2728,33,35,34.0
2728,33,35,34.0
2728,33,35,34.0
2728,33,35,34.0
2728,33,35,34.0
2728,33,35,34.0
2728,33,35,34.0
2728,33,35,34.0
2728,33,35,34.0
2728,33,35,34.0
2728,33,35,34.0
2728,33,35,34.0
2728,33,35,34.0
2728,33,35,34.0
2728,33,35,34.0
2728,33,35,34.0
2728,33,35,34.0
2728,33,35,34.0
2728,33,35,34.0
2728,33,35,34.0
2728,33,35,34.0
2728,32,35,33.5
2729,32,35,33.5
2729,32,35,33.5
2729,32,35,33.5
2729,32,35,33.5
2729,32,35,33.5
2729,32,35,33.5
2729,32,35,33.5
2729,32,35,33.5
2729,32,35,33.5
2729,32,35,33.5
2729,32,35,33.5
2729,32,35,33.5
2729,32,35,33.5
2729,32,35,33.5
2729,32,35,33.5
2729,32,35,33.5
2729,32,35,33.5
2729,32,35,33.5
2729,32,35,33.5
2729,32,35,33.5
2729,32,35,33.5
2729,32,35,33.5
2729,32,35,33.5
2729,32,35,33.5
2729,32,35,33.5
2729,32,35,33.5
2729,32,35,33.5
2729,32,35,33.5
2729,32,35,33.5
2729,32,35,33.5
2729,32,35,33.5
2729,32,35,33.5
2729,32,35,33.5
2729,32,35,33.5
2729,32,35,33.5
2729,32,35,33.5
2729,32,35,33.5
2729,32,35,33.5
2729,32,35,33.5
2729,32,35,33.5
2729,32,35,33.5
2729,32,35,33.5
2729,32,35,33.5
2729,32,35,33.5
2729,32,35,33.5
2729,32,35,33.5
2729,32,35,33.5
2729,32,35,33.5
2729,32,35,33.5
2729,32,35,33.5
2729,32,35,33.5
2729,32,35,33.5
2729,32,35,33.5
2729,32,35,33.5
2729,32,35,33.5
2729,32,35,33.5
2729,32,35,33.5
2729,32,35,33.5
2729,32,35,33.5
2729,32,35,33.5
2729,32,35,33.5
2729,32,35,33.5
2729,32,35,33.5
2729,32,35,33.5
2729,32,35,33.5
2729,32,35,33.5
2729,32,36,34.0
2729,32,37,34.5
2729,32,37,34.5
2729,32,37,34.5
2729,32,37,34.5
2729,32,37,34.5
2729,32,37,34.5
2729,32,37,34.5
2729,32,37,34.5
2729,32,37,34.5
2729,32,37,34.5
2729,32,37,34.5
2729,32,37,34.5
2729,32,37,34.5
2729,32,37,34.5
2729,32,37,34.5
2729,32,37,34.5
2729,32,37,34.5
2729,32,37,34.5
2730,32,37,34.5
2730,32,37,34.5
2730,32,37,34.5
2730,32,37,34.5
2730,32,37,34.5
2730,32,37,34.5
2730,32,37,34.5
2730,32,37,34.5
2730,32,37,34.5
2730,32,37,34.5
2730,32,37,34.5
2730,32,37,34.5
2730,32,37,34.5
2730,32,37,34.5
2730,32,37,34.5
2730,32,37,34.5
2730,32,37,34.5
2730,32,37,34.5
2730,32,37,34.5
2730,32,37,34.5
2730,32,37,34.5
2730,32,37,34.5
2730,32,37,34.5
2730,32,37,34.5
2730,32,37,34.5
2730,32,37,34.5
2730,32,37,34.5
2730,32,37,34.5
2730,32,37,34.5
2730,32,37,34.5
2730,32,37,34.5
2730,32,37,34.5
2730,32,37,34.5
2730,32,37,34.5
2730,32,37,34.5
2730,32,37,34.5
2730,32,37,34.5
2731,32,37,34.5
2731,32,37,34.5
2731,32,37,34.5
2731,32,37,34.5
2731,32,37,34.5
2731,32,37,34.5
2731,32,37,34.5
2731,32,37,34.5
2731,32,37,34.5
2731,32,37,34.5
2731,32,37,34.5
2731,32,37,34.5
2731,32,37,34.5
2731,32,37,34.5
2731,32,37,34.5
2731,32,37,34.5
2731,32,37,34.5
2731,32,37,34.5
2731,32,37,34.5
2731,32,37,34.5
2731,32,37,34.5
2731,32,37,34.5
2731,32,37,34.5
2731,32,37,34.5
2731,32,37,34.5
2731,32,37,34.5
2731,32,37,34.5
2731,32,37,34.5
2731,32,37,34.5
2731,33,37,35.0
2731,33,37,35.0
2731,33,37,35.0
2731,33,37,35.0
2732,33,37,35.0
2732,33,37,35.0
2732,33,37,35.0
2732,33,37,35.0
2732,33,37,35.0
2732,33,37,35.0
2732,33,37,35.0
2732,33,37,35.0
2732,32,37,34.5
2732,32,37,34.5
2732,32,37,34.5
2732,32,37,34.5
2732,32,37,34.5
2732,32,37,34.5
2732,32,37,34.5
2732,32,37,34.5
2732,33,37,35.0
2732,33,36,34.5
2732,33,36,34.5
2732,33,36,34.5
2732,33,36,34.5
2732,33,36,34.5
2732,33,36,34.5
2732,33,36,34.5
2732,33,36,34.5
2732,33,36,34.5
2732,33,36,34.5
2732,33,36,34.5
2732,33,36,34.5
2732,33,36,34.5
2732,33,36,34.5
2732,33,36,34.5
2732,33,36,34.5
2732,33,36,34.5
2732,33,36,34.5
2732,33,36,34.5
2732,33,36,34.5
2732,33,36,34.5
2732,33,36,34.5
2732,33,36,34.5
2732,33,36,34.5
2732,33,36,34.5
2732,33,36,34.5
2732,33,36,34.5
2732,33,36,34.5
2733,33,36,34.5
2733,33,36,34.5
2733,33,36,34.5
2733,33,36,34.5
2734,33,36,34.5
2734,33,36,34.5
2734,33,36,34.5
2734,33,36,34.5
2734,33,36,34.5
2734,33,36,34.5
2734,33,36,34.5
2734,33,36,34.5
2734,33,36,34.5
2734,33,36,34.5
2734,32,36,34.0
2734,32,37,34.5
2734,32,37,34.5
2734,32,37,34.5
2734,32,37,34.5
2734,32,37,34.5
2734,32,37,34.5
2734,32,37,34.5
2734,32,37,34.5
2734,32,37,34.5
2734,32,37,34.5
2734,32,37,34.5
2734,32,37,34.5
2734,32,37,34.5
2734,32,37,34.5
2734,32,37,34.5
2734,32,37,34.5
2734,32,37,34.5
2734,32,37,34.5
2734,32,37,34.5
2734,32,37,34.5
2734,32,37,34.5
2734,32,37,34.5
2734,32,37,34.5
2734,32,37,34.5
2734,32,37,34.5
2734,32,37,34.5
2734,32,37,34.5
2734,32,37,34.5
2734,32,37,34.5
2734,32,37,34.5
2735,32,37,34.5
2735,32,37,34.5
2735,32,37,34.5
2735,32,37,34.5
2735,32,37,34.5
2735,32,37,34.5
2735,32,37,34.5
2735,32,37,34.5
2735,32,37,34.5
2735,32,37,34.5
2735,32,37,34.5
2735,32,37,34.5
2735,32,37,34.5
2735,32,37,34.5
2735,32,37,34.5
2735,32,37,34.5
2735,32,37,34.5
2735,32,37,34.5
2735,32,37,34.5
2735,32,37,34.5
2735,32,37,34.5
2735,32,37,34.5
2735,32,37,34.5
2735,32,37,34.5
2735,32,37,34.5
2735,32,37,34.5
2735,32,37,34.5
2735,32,37,34.5
2736,32,37,34.5
2736,32,37,34.5
2736,32,37,34.5
2736,32,37,34.5
2737,32,37,34.5
2737,32,37,34.5
2737,32,37,34.5
2737,32,37,34.5
2737,32,37,34.5
2737,32,37,34.5
2737,32,37,34.5
2737,32,37,34.5
2737,32,37,34.5
2737,32,37,34.5
2737,32,37,34.5
2737,32,37,34.5
2737,32,37,34.5
2737,32,37,34.5
2737,32,37,34.5
2737,32,37,34.5
2737,32,37,34.5
2737,32,37,34.5
2737,32,37,34.5
2737,32,37,34.5
2737,32,37,34.5
2737,32,37,34.5
2738,32,37,34.5
2738,32,37,34.5
2738,32,37,34.5
2738,32,38,35.0
2738,32,39,35.5
2738,32,39,35.5
2738,32,39,35.5
2738,32,39,35.5
2738,32,39,35.5
2738,32,39,35.5
2738,32,39,35.5
2738,32,39,35.5
2738,32,39,35.5
2738,32,39,35.5
2738,32,39,35.5
2738,32,39,35.5
2738,32,38,35.0
2738,32,38,35.0
2738,32,38,35.0
2738,32,38,35.0
2738,32,38,35.0
2738,32,38,35.0
2738,32,38,35.0
2738,32,38,35.0
2738,32,38,35.0
2738,32,38,35.0
2738,32,38,35.0
2738,32,38,35.0
2738,32,38,35.0
2738,32,38,35.0
2738,32,38,35.0
2738,32,38,35.0
2738,32,38,35.0
2738,32,38,35.0
2739,32,38,35.0
2739,32,38,35.0
2739,32,38,35.0
2739,32,38,35.0
2739,32,38,35.0
2739,32,38,35.0
2739,32,38,35.0
2739,29,38,33.5
2739,29,38,33.5
2739,29,38,33.5
2739,29,38,33.5
2739,29,38,33.5
2739,29,38,33.5
2739,29,38,33.5
2739,29,38,33.5
2739,29,38,33.5
2739,32,38,35.0
2739,32,38,35.0
2739,32,38,35.0
2739,32,38,35.0
2739,32,38,35.0
2739,32,38,35.0
2739,32,38,35.0
2739,32,38,35.0
2739,32,38,35.0
2739,32,38,35.0
2739,32,38,35.0
2739,32,38,35.0
2739,32,38,35.0
2739,32,38,35.0
2739,32,38,35.0
2739,32,38,35.0
2739,32,38,35.0
2739,32,38,35.0
2739,32,38,35.0
2739,32,38,35.0
2739,32,38,35.0
2739,32,38,35.0
2739,32,38,35.0
2739,32,38,35.0
2739,32,38,35.0
2739,32,38,35.0
2739,32,38,35.0
2739,32,38,35.0
2739,32,38,35.0
2739,32,38,35.0
2739,32,38,35.0
2739,32,38,35.0
2739,32,38,35.0
2739,32,38,35.0
2739,32,38,35.0
2739,32,38,35.0
2739,32,38,35.0
2739,32,38,35.0
2739,32,38,35.0
2739,32,38,35.0
2739,32,38,35.0
2739,32,38,35.0
2740,32,38,35.0
2740,32,38,35.0
2740,32,38,35.0
2740,32,38,35.0
2740,32,38,35.0
2740,32,38,35.0
2740,32,38,35.0
2740,32,38,35.0
2740,32,38,35.0
2740,32,38,35.0
2740,32,38,35.0
2740,32,38,35.0
2740,32,38,35.0
2740,32,38,35.0
2740,32,38,35.0
2740,32,38,35.0
2740,32,38,35.0
2740,32,38,35.0
2740,32,38,35.0
2740,32,38,35.0
2740,32,38,35.0
2740,32,38,35.0
2740,32,38,35.0
2740,32,38,35.0
2741,32,38,35.0
2741,32,38,35.0
2741,32,38,35.0
2741,32,38,35.0
2741,32,38,35.0
2741,32,38,35.0
2741,32,38,35.0
2741,32,38,35.0
2741,32,38,35.0
2741,32,38,35.0
2741,32,38,35.0
2741,32,38,35.0
2741,32,38,35.0
2741,32,38,35.0
2742,32,38,35.0
2742,32,38,35.0
2742,32,38,35.0
2742,32,38,35.0
2742,32,38,35.0
2742,32,38,35.0
2742,32,38,35.0
2742,32,38,35.0
2742,32,38,35.0
2742,32,38,35.0
2742,32,38,35.0
2742,32,38,35.0
2742,32,38,35.0
2742,32,38,35.0
2742,32,38,35.0
2742,32,38,35.0
2742,32,38,35.0
2742,32,38,35.0
2742,32,38,35.0
2742,32,38,35.0
2742,32,38,35.0
2742,32,38,35.0
2742,32,38,35.0
2742,32,38,35.0
2742,32,38,35.0
2742,32,38,35.0
2742,32,38,35.0
2742,32,38,35.0
2742,32,38,35.0
2742,32,38,35.0
2742,32,38,35.0
2742,32,38,35.0
2742,32,38,35.0
2742,32,38,35.0
2742,32,38,35.0
2742,32,38,35.0
2742,32,38,35.0
2742,32,38,35.0
2742,32,38,35.0
2742,32,38,35.0
2742,32,38,35.0
2742,32,38,35.0
2742,32,38,35.0
2742,32,38,35.0
2742,32,38,35.0
2742,32,38,35.0
2742,32,38,35.0
2742,32,38,35.0
2742,32,38,35.0
2743,32,38,35.0
2743,32,38,35.0
2743,32,38,35.0
2743,32,38,35.0
2743,32,38,35.0
2743,32,38,35.0
2743,32,38,35.0
2744,32,38,35.0
2744,32,38,35.0
2744,32,38,35.0
2744,32,38,35.0
2744,32,38,35.0
2744,32,38,35.0
2744,32,38,35.0
2744,32,38,35.0
2744,32,38,35.0
2744,32,38,35.0
2744,32,38,35.0
2744,32,38,35.0
2744,32,38,35.0
2744,32,38,35.0
2744,32,38,35.0
2744,32,38,35.0
2744,32,38,35.0
2744,32,38,35.0
2744,32,38,35.0
2744,32,38,35.0
2744,32,38,35.0
2744,32,38,35.0
2744,32,38,35.0
2744,32,38,35.0
2744,32,38,35.0
2744,32,38,35.0
2744,32,38,35.0
2745,32,38,35.0
2745,32,38,35.0
2745,32,38,35.0
2745,32,38,35.0
2746,32,38,35.0
2746,32,38,35.0
2747,32,38,35.0
2747,32,38,35.0
2747,32,38,35.0
2747,29,38,33.5
2747,29,38,33.5
2747,29,38,33.5
2747,29,38,33.5
2747,29,38,33.5
2747,29,38,33.5
2747,29,38,33.5
2747,29,38,33.5
2747,29,38,33.5
2747,29,38,33.5
2747,29,38,33.5
2747,29,38,33.5
2747,29,38,33.5
2747,29,38,33.5
2747,29,38,33.5
2747,29,38,33.5
2747,29,38,33.5
2747,29,38,33.5
2747,29,38,33.5
2747,29,38,33.5
2747,29,38,33.5
2747,29,38,33.5
2747,29,38,33.5
2747,29,38,33.5
2747,29,38,33.5
2747,29,38,33.5
2747,29,38,33.5
2747,29,38,33.5
2747,29,38,33.5
2747,29,38,33.5
2747,29,38,33.5
2747,29,38,33.5
2747,29,38,33.5
2747,29,38,33.5
2747,29,38,33.5
2747,29,38,33.5
2747,29,38,33.5
2747,29,38,33.5
2747,29,38,33.5
2747,29,38,33.5
2747,29,38,33.5
2747,29,38,33.5
2747,29,38,33.5
2747,29,38,33.5
2747,29,38,33.5
2747,29,38,33.5
2747,29,38,33.5
2747,29,38,33.5
2747,29,38,33.5
2747,29,38,33.5
2747,29,38,33.5
2747,29,38,33.5
2747,29,38,33.5
2747,29,38,33.5
2747,29,38,33.5
2747,29,38,33.5
2747,29,38,33.5
2747,29,38,33.5
2747,29,38,33.5
2747,29,38,33.5
2747,29,38,33.5
2747,29,38,33.5
2747,29,38,33.5
2747,29,38,33.5
2747,29,38,33.5
2747,29,38,33.5
2747,29,38,33.5
2747,29,38,33.5
2747,29,38,33.5
2747,29,38,33.5
2747,29,38,33.5
2747,29,38,33.5
2747,29,38,33.5
2747,29,38,33.5
2747,29,38,33.5
2747,29,38,33.5
2747,29,38,33.5
2747,29,38,33.5
2747,29,38,33.5
2747,29,38,33.5
2747,29,38,33.5
2747,29,38,33.5
2747,29,38,33.5
2747,29,38,33.5
2748,29,38,33.5
2748,29,38,33.5
2748,29,38,33.5
2748,29,38,33.5
2748,29,38,33.5
2748,29,38,33.5
2748,29,38,33.5
2748,29,38,33.5
2748,29,38,33.5
2748,29,38,33.5
2748,29,38,33.5
2748,29,38,33.5
2748,29,38,33.5
2748,29,38,33.5
2748,29,38,33.5
2748,29,38,33.5
2748,29,38,33.5
2748,29,38,33.5
2748,29,38,33.5
2748,29,38,33.5
2748,29,38,33.5
2748,29,38,33.5
2748,29,38,33.5
2748,29,38,33.5
2748,29,38,33.5
2748,29,38,33.5
2748,29,38,33.5
2748,29,38,33.5
2748,29,38,33.5
2748,29,38,33.5
2748,29,38,33.5
2748,29,38,33.5
2748,29,38,33.5
2748,29,38,33.5
2748,29,38,33.5
2748,29,38,33.5
2748,29,38,33.5
2748,29,38,33.5
2748,29,38,33.5
2748,29,38,33.5
2748,29,38,33.5
2748,29,38,33.5
2748,29,38,33.5
2748,29,38,33.5
2748,29,38,33.5
2748,29,38,33.5
2748,29,38,33.5
2748,29,38,33.5
2748,29,38,33.5
2748,29,38,33.5
2748,29,38,33.5
2748,29,38,33.5
2748,29,38,33.5
2748,29,38,33.5
2748,29,38,33.5
2748,29,38,33.5
2748,29,38,33.5
2748,29,38,33.5
2748,29,38,33.5
2748,29,38,33.5
2748,29,38,33.5
2748,29,38,33.5
2748,29,38,33.5
2748,29,38,33.5
2748,29,38,33.5
2748,29,38,33.5
2748,29,38,33.5
2748,29,38,33.5
2748,29,38,33.5
2748,29,38,33.5
2748,29,38,33.5
2748,29,38,33.5
2748,29,38,33.5
2748,29,38,33.5
2748,29,38,33.5
2748,29,38,33.5
2748,29,38,33.5
2748,29,38,33.5
2748,29,38,33.5
2748,29,38,33.5
2748,29,38,33.5
2748,29,38,33.5
2748,29,38,33.5
2748,29,38,33.5
2748,29,38,33.5
2748,29,38,33.5
2748,29,38,33.5
2748,29,38,33.5
2748,29,38,33.5
2749,29,38,33.5
2749,29,38,33.5
2749,29,38,33.5
2749,29,38,33.5
2749,29,38,33.5
2749,29,38,33.5
2749,29,38,33.5
2749,29,38,33.5
2749,29,38,33.5
2749,29,38,33.5
2749,29,38,33.5
2749,29,38,33.5
2749,29,38,33.5
2749,29,38,33.5
2749,29,38,33.5
2749,29,38,33.5
2749,29,38,33.5
2749,29,38,33.5
2749,29,38,33.5
2749,29,38,33.5
2749,29,38,33.5
2749,29,38,33.5
2749,29,38,33.5
2749,29,38,33.5
2749,29,38,33.5
2749,29,38,33.5
2749,29,38,33.5
2749,29,38,33.5
2749,29,38,33.5
2749,29,38,33.5
2749,29,38,33.5
2749,29,38,33.5
2749,29,38,33.5
2749,29,38,33.5
2749,29,38,33.5
2749,29,38,33.5
2749,29,38,33.5
2749,29,38,33.5
2749,29,38,33.5
2749,29,38,33.5
2749,29,38,33.5
2749,29,38,33.5
2749,29,38,33.5
2749,29,38,33.5
2749,29,38,33.5
2749,29,38,33.5
2749,29,38,33.5
2749,29,38,33.5
2749,29,39,34.0
2749,29,39,34.0
2749,26,39,32.5
2749,29,39,34.0
2749,29,39,34.0
2749,29,39,34.0
2749,29,39,34.0
2749,29,39,34.0
2749,29,39,34.0
2749,29,39,34.0
2749,29,39,34.0
2750,29,39,34.0
2750,29,39,34.0
2750,29,39,34.0
2750,29,39,34.0
2750,29,39,34.0
2750,29,39,34.0
2750,29,39,34.0
2750,29,39,34.0
2750,29,39,34.0
2750,29,39,34.0
2750,26,39,32.5
2750,26,39,32.5
2750,26,39,32.5
2750,26,39,32.5
2750,26,39,32.5
2750,26,39,32.5
2750,26,39,32.5
2750,26,39,32.5
2750,26,39,32.5
2750,26,39,32.5
2750,26,39,32.5
2750,29,39,34.0
2750,29,39,34.0
2750,29,39,34.0
2750,29,39,34.0
2750,29,39,34.0
2750,29,39,34.0
2750,29,39,34.0
2750,29,39,34.0
2750,29,39,34.0
2750,26,39,32.5
2750,26,39,32.5
2750,26,39,32.5
2750,26,39,32.5
2750,26,39,32.5
2750,26,39,32.5
2750,26,39,32.5
2750,26,39,32.5
2750,26,39,32.5
2750,26,39,32.5
2750,26,39,32.5
2750,26,38,32.0
2750,26,38,32.0
2750,26,38,32.0
2750,26,38,32.0
2750,26,38,32.0
2750,26,38,32.0
2750,26,38,32.0
2750,26,38,32.0
2750,26,38,32.0
2750,26,38,32.0
2750,26,38,32.0
2750,26,38,32.0
2750,26,38,32.0
2750,26,38,32.0
2750,26,38,32.0
2750,26,38,32.0
2750,26,38,32.0
2750,26,38,32.0
2750,26,38,32.0
2750,26,38,32.0
2750,26,38,32.0
2750,26,38,32.0
2750,29,38,33.5
2750,29,38,33.5
2750,29,38,33.5
2750,26,38,32.0
2750,26,38,32.0
2750,26,38,32.0
2750,26,38,32.0
2750,26,38,32.0
2750,26,38,32.0
2750,26,38,32.0
2750,26,38,32.0
2750,26,38,32.0
2750,26,38,32.0
2750,26,38,32.0
2750,26,38,32.0
2750,26,38,32.0
2750,26,38,32.0
2750,26,38,32.0
2751,26,38,32.0
2751,26,38,32.0
2751,26,38,32.0
2751,26,38,32.0
2751,26,38,32.0
2751,26,38,32.0
2751,26,38,32.0
2751,26,38,32.0
2751,26,38,32.0
2751,26,38,32.0
2751,26,38,32.0
2751,26,38,32.0
2751,26,38,32.0
2751,26,39,32.5
2751,26,39,32.5
2751,26,39,32.5
2751,26,39,32.5
2751,26,39,32.5
2751,26,39,32.5
2751,26,39,32.5
2751,26,39,32.5
2751,26,39,32.5
2751,26,39,32.5
2751,26,39,32.5
2751,26,39,32.5
2751,26,39,32.5
2751,26,39,32.5
2751,26,39,32.5
2751,26,39,32.5
2751,26,39,32.5
2751,26,39,32.5
2751,26,39,32.5
2751,26,39,32.5
2751,26,39,32.5
2751,26,39,32.5
2751,26,39,32.5
2751,26,39,32.5
2751,26,39,32.5
2751,26,39,32.5
2751,26,39,32.5
2751,26,39,32.5
2751,26,39,32.5
2751,26,39,32.5
2752,26,39,32.5
2752,26,39,32.5
2752,26,39,32.5
2752,26,39,32.5
2752,26,39,32.5
2752,26,39,32.5
2752,26,39,32.5
2752,26,37,31.5
2752,26,37,31.5
2752,26,37,31.5
2752,26,37,31.5
2752,26,37,31.5
2752,26,37,31.5
2753,26,37,31.5
2753,26,37,31.5
2753,26,37,31.5
2753,26,37,31.5
2753,26,37,31.5
2753,26,37,31.5
2753,26,37,31.5
2753,26,37,31.5
2753,26,37,31.5
2753,26,37,31.5
2753,26,37,31.5
2753,26,37,31.5
2753,26,37,31.5
2753,26,37,31.5
2753,26,37,31.5
2753,26,37,31.5
2753,26,37,31.5
2753,26,39,32.5
2753,26,39,32.5
2753,26,39,32.5
2753,26,39,32.5
2753,26,39,32.5
2753,26,39,32.5
2754,26,39,32.5
2754,26,39,32.5
2754,26,39,32.5
2754,26,39,32.5
2754,26,39,32.5
2754,26,39,32.5
2754,26,39,32.5
2754,26,39,32.5
2754,26,39,32.5
2754,26,38,32.0
2754,26,37,31.5
2754,26,37,31.5
2754,26,37,31.5
2754,26,37,31.5
2754,26,37,31.5
2754,26,37,31.5
2754,26,37,31.5
2754,26,37,31.5
2754,26,37,31.5
2754,26,37,31.5
2754,26,37,31.5
2754,26,37,31.5
2754,26,37,31.5
2754,26,37,31.5
2754,26,37,31.5
2754,26,37,31.5
2754,26,37,31.5
2754,26,36,31.0
2754,26,36,31.0
2754,26,36,31.0
2754,26,36,31.0
2754,26,36,31.0
2754,26,36,31.0
2754,26,36,31.0
2754,26,36,31.0
2754,26,36,31.0
2754,26,36,31.0
2755,26,35,30.5
2755,26,35,30.5
2755,26,35,30.5
2755,26,35,30.5
2755,26,35,30.5
2755,26,35,30.5
2755,26,35,30.5
2755,26,34,30.0
2755,26,34,30.0
2755,26,34,30.0
2755,26,34,30.0
2755,26,34,30.0
2755,26,34,30.0
2755,26,34,30.0
2755,26,34,30.0
2755,26,34,30.0
2755,26,34,30.0
2755,26,34,30.0
2755,26,34,30.0
2755,26,34,30.0
2755,26,33,29.5
2755,26,33,29.5
2755,26,33,29.5
2755,26,33,29.5
2755,26,33,29.5
2755,26,33,29.5
2755,26,33,29.5
2755,26,33,29.5
2755,26,33,29.5
2755,26,33,29.5
2755,26,33,29.5
2755,26,33,29.5
2755,26,33,29.5
2755,26,33,29.5
2755,26,33,29.5
2755,26,33,29.5
2755,26,32,29.0
2755,26,32,29.0
2755,26,32,29.0
2755,26,32,29.0
2755,26,32,29.0
2755,26,32,29.0
2755,26,32,29.0
2755,26,32,29.0
2755,26,32,29.0
2755,26,32,29.0
2755,26,31,28.5
2755,26,31,28.5
2755,26,31,28.5
2755,26,31,28.5
2755,26,31,28.5
2755,26,31,28.5
2755,26,31,28.5
2755,26,31,28.5
2755,26,31,28.5
2755,26,31,28.5
2755,26,31,28.5
2755,26,31,28.5
2755,26,30,28.0
2755,26,30,28.0
2755,26,30,28.0
2755,26,30,28.0
2755,26,30,28.0
2755,26,30,28.0
2755,26,30,28.0
2755,26,30,28.0
2755,26,30,28.0
2755,26,30,28.0
2755,26,30,28.0
2755,26,30,28.0
2755,26,30,28.0
2755,26,30,28.0
2755,26,30,28.0
2755,26,30,28.0
2755,26,30,28.0
2755,26,30,28.0
2755,26,30,28.0
2755,26,30,28.0
2755,26,30,28.0
2755,26,30,28.0
2755,26,30,28.0
2755,26,30,28.0
2755,26,30,28.0
2755,26,30,28.0
2755,26,30,28.0
2755,26,30,28.0
2755,26,30,28.0
2755,26,30,28.0
2755,26,30,28.0
2755,26,30,28.0
2755,26,30,28.0
2755,26,30,28.0
2755,26,30,28.0
2755,26,30,28.0
2755,26,30,28.0
2755,26,30,28.0
2755,26,30,28.0
2755,26,30,28.0
2755,26,30,28.0
2755,26,30,28.0
2755,26,30,28.0
2755,26,30,28.0
2755,26,30,28.0
2755,26,30,28.0
2755,26,30,28.0
2755,26,30,28.0
2755,26,30,28.0
2755,26,30,28.0
2755,26,30,28.0
2755,26,30,28.0
2755,26,30,28.0
2755,26,30,28.0
2755,27,30,28.5
2755,27,30,28.5
2755,27,30,28.5
2755,27,30,28.5
2755,27,30,28.5
2755,27,30,28.5
2755,27,30,28.5
2755,27,30,28.5
2755,27,30,28.5
2755,27,30,28.5
2755,27,30,28.5
2755,27,30,28.5
2755,27,30,28.5
2755,27,30,28.5
2755,27,30,28.5
2755,27,30,28.5
2755,27,30,28.5
2755,27,29,28.0
2756,27,29,28.0
2756,27,29,28.0
2756,27,29,28.0
2756,27,29,28.0
2756,27,29,28.0
2756,27,29,28.0
2756,27,29,28.0
2756,27,29,28.0
2756,27,29,28.0
2756,27,29,28.0
2756,27,28,27.5
2756,27,28,27.5
2756,27,28,27.5
2756,27,28,27.5
2756,27,28,27.5
2756,27,28,27.5
2756,27,28,27.5
2756,27,28,27.5
2756,27,28,27.5
2756,27,28,27.5
2756,27,28,27.5
2756,27,28,27.5
2756,27,28,27.5
2756,27,28,27.5
2756,27,28,27.5
2756,26,28,27.0
2756,26,28,27.0
2756,26,28,27.0
2756,26,28,27.0
2756,26,28,27.0
2756,26,28,27.0
2756,26,28,27.0
2756,26,28,27.0
2756,26,28,27.0
2756,26,28,27.0
2756,26,28,27.0
2756,26,28,27.0
2756,26,28,27.0
2756,26,28,27.0
2756,26,28,27.0
2756,26,28,27.0
2756,26,28,27.0
2756,26,28,27.0
2756,26,28,27.0
2756,26,28,27.0
2756,26,28,27.0
2756,26,28,27.0
2756,26,28,27.0
2756,26,28,27.0
2756,26,28,27.0
2756,26,28,27.0
2756,26,28,27.0
2756,26,28,27.0
2756,26,28,27.0
2756,26,28,27.0
2756,26,28,27.0
2756,26,28,27.0
2756,26,28,27.0
2756,26,28,27.0
2756,26,28,27.0
2756,26,28,27.0
2756,26,28,27.0
2756,26,28,27.0
2756,26,28,27.0
2756,26,28,27.0
2756,26,28,27.0
2756,26,28,27.0
2756,26,28,27.0
2756,26,28,27.0
2756,27,28,27.5
2756,27,28,27.5
2756,27,28,27.5
2756,27,28,27.5
2756,27,28,27.5
2756,27,28,27.5
2756,27,28,27.5
2756,27,29,28.0
2756,27,29,28.0
2756,27,29,28.0
2756,27,29,28.0
2756,27,29,28.0
2756,27,29,28.0
2756,27,29,28.0
2756,27,29,28.0
2756,27,29,28.0
2756,27,29,28.0
2756,27,29,28.0
2756,27,29,28.0
2757,27,29,28.0
2757,27,29,28.0
2757,27,29,28.0
2757,27,29,28.0
2757,27,29,28.0
2757,27,29,28.0
2757,27,29,28.0
2757,27,29,28.0
2757,27,29,28.0
2758,27,29,28.0
2758,27,29,28.0
2758,27,29,28.0
2758,27,29,28.0
2758,27,29,28.0
2758,27,29,28.0
2758,27,29,28.0
2758,27,29,28.0
2758,27,29,28.0
2758,27,29,28.0
2758,27,29,28.0
2758,27,29,28.0
2758,27,29,28.0
2758,27,29,28.0
2758,27,29,28.0
2758,27,29,28.0
2758,27,29,28.0
2758,28,29,28.5
2758,28,29,28.5
2758,28,29,28.5
2759,28,29,28.5
2759,28,29,28.5
2759,28,29,28.5
2759,28,29,28.5
2759,28,29,28.5
2759,28,29,28.5
2759,28,29,28.5
2759,28,29,28.5
2759,28,29,28.5
2759,28,29,28.5
2759,28,29,28.5
2759,28,29,28.5
2759,28,29,28.5
2759,28,29,28.5
2760,28,29,28.5
2760,28,29,28.5
2760,28,29,28.5
2760,28,29,28.5
2760,28,29,28.5
2760,28,29,28.5
2760,28,29,28.5
2760,28,29,28.5
2761,28,29,28.5
2761,28,29,28.5
2761,28,29,28.5
2761,28,29,28.5
2761,28,29,28.5
2761,28,29,28.5
2761,28,29,28.5
2761,28,29,28.5
2761,28,29,28.5
2761,28,29,28.5
2761,28,29,28.5
2761,28,29,28.5
2761,28,29,28.5
2761,28,29,28.5
2761,28,29,28.5
2762,28,29,28.5
2762,28,29,28.5
2762,28,29,28.5
2762,28,29,28.5
2762,28,29,28.5
2762,28,29,28.5
2762,28,29,28.5
2762,28,29,28.5
2762,28,29,28.5
2762,28,29,28.5
2762,28,29,28.5
2762,28,29,28.5
2762,28,29,28.5
2763,28,29,28.5
2763,28,29,28.5
2763,28,29,28.5
2763,28,29,28.5
2763,28,29,28.5
2764,28,29,28.5
2764,28,29,28.5
2764,28,29,28.5
2764,28,29,28.5
2764,28,29,28.5
2764,28,29,28.5
2764,28,29,28.5
2764,28,29,28.5
2764,28,29,28.5
2764,28,29,28.5
2764,28,29,28.5
2764,28,29,28.5
2764,28,29,28.5
2764,28,29,28.5
2764,28,29,28.5
2764,28,29,28.5
2764,28,30,29.0
2764,28,30,29.0
2764,28,30,29.0
2764,28,30,29.0
2764,28,30,29.0
2764,28,30,29.0
2764,28,30,29.0
2765,28,30,29.0
2765,28,30,29.0
2765,28,30,29.0
2765,28,30,29.0
2765,28,30,29.0
2765,28,30,29.0
2765,28,30,29.0
2765,28,30,29.0
2765,28,30,29.0
2765,28,30,29.0
2765,28,30,29.0
2765,28,30,29.0
2765,28,30,29.0
2765,28,30,29.0
2765,28,30,29.0
2766,28,30,29.0
2766,28,30,29.0
2766,28,30,29.0
2766,28,30,29.0
2767,28,30,29.0
2767,28,30,29.0
2767,28,30,29.0
2767,28,30,29.0
2767,28,30,29.0
2767,28,30,29.0
2767,28,30,29.0
2767,28,30,29.0
2767,28,30,29.0
2767,28,30,29.0
2767,28,30,29.0
2768,28,30,29.0
2768,28,30,29.0
2768,28,30,29.0
2768,28,30,29.0
2768,28,30,29.0
2768,28,30,29.0
2768,28,30,29.0
2768,28,30,29.0
2768,28,30,29.0
2768,28,30,29.0
2769,28,30,29.0
2769,28,30,29.0
2769,28,30,29.0
2769,28,30,29.0
2769,28,30,29.0
2769,28,30,29.0
2770,28,30,29.0
2770,28,30,29.0
2770,28,30,29.0
2770,28,30,29.0
2770,28,30,29.0
2771,28,30,29.0
2771,28,30,29.0
2772,28,30,29.0
2772,28,30,29.0
2772,28,30,29.0
2772,28,30,29.0
2772,28,30,29.0
2772,28,30,29.0
2772,28,30,29.0
2772,28,30,29.0
2772,28,30,29.0
2772,28,30,29.0
2772,28,30,29.0
2772,28,30,29.0
2772,29,30,29.5
2772,29,30,29.5
2772,29,30,29.5
2772,29,30,29.5
2772,29,30,29.5
2772,29,30,29.5
2772,29,30,29.5
2772,29,30,29.5
2772,29,30,29.5
2772,29,30,29.5
2772,29,30,29.5
2772,29,30,29.5
2772,29,30,29.5
2773,29,30,29.5
2773,29,30,29.5
2773,29,30,29.5
2773,29,30,29.5
2773,29,30,29.5
2773,29,30,29.5
2773,29,30,29.5
2773,29,30,29.5
2773,29,30,29.5
2774,29,30,29.5
2774,29,30,29.5
2774,29,30,29.5
2774,29,30,29.5
2774,29,30,29.5
2774,29,30,29.5
2774,29,30,29.5
2775,29,30,29.5
2775,29,30,29.5
2775,29,30,29.5
2775,29,30,29.5
2776,29,30,29.5
2776,29,30,29.5
2776,29,30,29.5
2776,29,30,29.5
2776,29,30,29.5
2777,29,30,29.5
2777,29,30,29.5
2777,29,30,29.5
2777,29,30,29.5
2779,29,30,29.5
2779,29,30,29.5
2779,29,30,29.5
2779,29,30,29.5
2779,29,30,29.5
2779,29,30,29.5
2779,29,30,29.5
2779,29,30,29.5
2780,29,30,29.5
2780,29,30,29.5
2780,29,30,29.5
2780,29,30,29.5
2780,29,30,29.5
2780,29,30,29.5
2780,29,30,29.5
2780,29,30,29.5
2780,29,30,29.5
2780,29,30,29.5
2780,29,30,29.5
2780,29,30,29.5
2781,29,30,29.5
2781,29,30,29.5
2781,29,30,29.5
2781,29,30,29.5
2781,29,30,29.5
2781,29,30,29.5
2781,29,30,29.5
2781,29,30,29.5
2781,28,30,29.0
2781,28,30,29.0
2781,28,30,29.0
2781,28,30,29.0
2781,28,30,29.0
2781,28,30,29.0
2781,28,30,29.0
2781,28,30,29.0
2781,28,30,29.0
2781,28,30,29.0
2781,28,30,29.0
2781,28,30,29.0
2781,28,30,29.0
2781,28,30,29.0
2781,28,30,29.0
2781,28,30,29.0
2781,28,30,29.0
2781,28,30,29.0
2781,28,30,29.0
2781,28,30,29.0
2781,28,30,29.0
2781,28,30,29.0
2781,28,30,29.0
2781,28,30,29.0
2781,28,30,29.0
2781,28,30,29.0
2781,28,30,29.0
2781,28,30,29.0
2781,28,30,29.0
2781,28,30,29.0
2781,28,30,29.0
2781,28,30,29.0
2781,28,30,29.0
2781,28,30,29.0
2781,28,30,29.0
2781,28,30,29.0
2781,28,30,29.0
2781,28,30,29.0
2781,28,30,29.0
2781,28,30,29.0
2781,28,30,29.0
2781,28,30,29.0
2781,28,30,29.0
2781,28,30,29.0
2781,28,30,29.0
2781,27,30,28.5
2781,27,30,28.5
2781,27,30,28.5
2781,27,30,28.5
2781,27,30,28.5
2781,27,30,28.5
2781,27,30,28.5
2781,27,30,28.5
2781,27,30,28.5
2781,27,30,28.5
2781,27,30,28.5
2781,27,30,28.5
2781,27,30,28.5
2781,27,30,28.5
2781,27,30,28.5
2781,27,30,28.5
2781,27,30,28.5
2781,27,30,28.5
2781,27,30,28.5
2781,27,30,28.5
2781,27,30,28.5
2782,27,30,28.5
2782,27,30,28.5
2782,27,30,28.5
2782,27,30,28.5
2782,27,30,28.5
2782,27,32,29.5
2782,27,32,29.5
2782,27,32,29.5
2782,27,32,29.5
2782,27,32,29.5
2782,27,32,29.5
2782,27,32,29.5
2782,27,32,29.5
2782,27,32,29.5
2782,27,32,29.5
2782,27,32,29.5
2782,27,32,29.5
2782,27,32,29.5
2782,27,32,29.5
2782,27,32,29.5
2782,27,32,29.5
2782,27,32,29.5
2782,27,32,29.5
2782,27,32,29.5
2782,27,32,29.5
2782,27,32,29.5
2782,27,32,29.5
2782,27,32,29.5
2782,27,32,29.5
2782,27,32,29.5
2782,27,32,29.5
2782,27,32,29.5
2782,27,32,29.5
2782,27,32,29.5
2782,27,32,29.5
2782,27,32,29.5
2782,27,32,29.5
2782,27,32,29.5
2782,27,32,29.5
2782,27,32,29.5
2782,27,32,29.5
2782,27,32,29.5
2782,26,32,29.0
2782,26,32,29.0
2782,26,32,29.0
2782,26,32,29.0
2782,26,32,29.0
2782,26,32,29.0
2782,26,32,29.0
2782,26,32,29.0
2782,26,32,29.0
2782,26,32,29.0
2782,26,32,29.0
2782,26,32,29.0
2782,26,32,29.0
2782,26,32,29.0
2782,26,32,29.0
2782,26,32,29.0
2782,26,32,29.0
2782,26,32,29.0
2782,26,32,29.0
2782,26,32,29.0
2782,26,32,29.0
2782,26,32,29.0
2782,26,32,29.0
2782,26,32,29.0
2782,26,32,29.0
2782,26,32,29.0
2782,26,32,29.0
2782,26,32,29.0
2782,26,32,29.0
2782,26,32,29.0
2782,26,32,29.0
2782,26,32,29.0
2782,26,32,29.0
2782,26,32,29.0
2782,26,32,29.0
2782,26,32,29.0
2782,26,32,29.0
2782,26,32,29.0
2782,26,34,30.0
2782,26,34,30.0
2782,26,34,30.0
2782,26,34,30.0
2782,26,34,30.0
2782,26,33,29.5
2782,26,33,29.5
2782,26,33,29.5
2782,26,33,29.5
2782,26,33,29.5
2782,26,33,29.5
2782,26,33,29.5
2782,26,33,29.5
2782,26,33,29.5
2782,26,33,29.5
2782,26,33,29.5
2783,26,32,29.0
2783,26,32,29.0
2783,26,32,29.0
2783,26,32,29.0
2783,26,32,29.0
2783,26,32,29.0
2783,26,32,29.0
2783,26,32,29.0
2783,26,32,29.0
2783,26,32,29.0
2783,26,32,29.0
2783,26,32,29.0
2783,26,32,29.0
2783,26,32,29.0
2783,26,32,29.0
2783,26,32,29.0
2783,26,32,29.0
2783,26,32,29.0
2783,26,32,29.0
2783,26,32,29.0
2783,26,32,29.0
2783,26,32,29.0
2783,26,32,29.0
2783,26,32,29.0
2783,26,32,29.0
2783,26,32,29.0
2783,26,32,29.0
2783,26,32,29.0
2783,26,32,29.0
2783,26,32,29.0
2783,26,32,29.0
2783,26,32,29.0
2783,26,32,29.0
2783,26,32,29.0
2783,26,32,29.0
2783,26,32,29.0
2783,26,32,29.0
2783,26,32,29.0
2783,26,32,29.0
2783,26,32,29.0
2783,26,32,29.0
2783,26,32,29.0
2783,26,32,29.0
2783,26,32,29.0
2783,26,32,29.0
2783,26,32,29.0
2783,26,32,29.0
2783,26,32,29.0
2783,26,32,29.0
2783,26,32,29.0
2783,26,32,29.0
2783,26,32,29.0
2783,26,32,29.0
2783,26,32,29.0
2783,26,32,29.0
2783,26,32,29.0
2783,26,32,29.0
2783,26,32,29.0
2783,26,32,29.0
2783,26,32,29.0
2783,26,32,29.0
2783,26,32,29.0
2784,26,32,29.0
2784,26,32,29.0
2784,26,32,29.0
2784,26,32,29.0
2784,26,32,29.0
2784,26,32,29.0
2784,26,32,29.0
2784,26,32,29.0
2784,26,32,29.0
2784,26,32,29.0
2784,26,32,29.0
2784,26,32,29.0
2784,26,32,29.0
2784,26,32,29.0
2784,26,32,29.0
2784,26,32,29.0
2784,26,32,29.0
2784,26,32,29.0
2784,26,32,29.0
2784,26,32,29.0
2784,26,32,29.0
2785,26,32,29.0
2785,26,32,29.0
2785,26,32,29.0
2785,26,32,29.0
2785,26,32,29.0
2785,26,32,29.0
2786,26,32,29.0
2786,26,32,29.0
2786,26,32,29.0
2787,26,32,29.0
2787,26,32,29.0
2787,26,32,29.0
2787,26,32,29.0
2787,26,32,29.0
2787,27,32,29.5
2787,27,32,29.5
2787,27,32,29.5
2787,27,32,29.5
2787,27,32,29.5
2787,27,32,29.5
2787,27,32,29.5
2787,27,32,29.5
2787,27,32,29.5
2787,27,32,29.5
2787,27,31,29.0
2787,27,31,29.0
2787,27,31,29.0
2787,27,31,29.0
2787,27,31,29.0
2787,27,31,29.0
2787,27,31,29.0
2787,27,31,29.0
2787,26,31,28.5
2787,26,31,28.5
2787,26,31,28.5
2787,26,31,28.5
2787,26,32,29.0
2787,26,32,29.0
2787,26,32,29.0
2787,26,32,29.0
2787,26,32,29.0
2787,26,32,29.0
2787,26,32,29.0
2787,26,32,29.0
2787,26,32,29.0
2787,26,32,29.0
2787,26,32,29.0
2787,26,32,29.0
2787,26,32,29.0
2787,26,32,29.0
2787,26,32,29.0
2787,26,32,29.0
2787,26,31,28.5
2787,26,31,28.5
2787,26,31,28.5
2787,26,31,28.5
2787,26,31,28.5
2787,26,31,28.5
2787,26,31,28.5
2787,26,31,28.5
2787,26,31,28.5
2787,26,31,28.5
2787,26,31,28.5
2787,26,31,28.5
2787,26,31,28.5
2787,26,31,28.5
2787,26,31,28.5
2787,26,31,28.5
2787,26,31,28.5
2787,26,31,28.5
2787,26,31,28.5
2787,26,31,28.5
2787,26,32,29.0
2787,26,32,29.0
2788,26,32,29.0
2788,26,32,29.0
2788,26,32,29.0
2788,26,32,29.0
2788,26,31,28.5
2788,26,31,28.5
2788,26,31,28.5
2788,26,31,28.5
2788,26,31,28.5
2788,26,31,28.5
2788,24,31,27.5
2788,24,31,27.5
2788,24,31,27.5
2788,24,31,27.5
2788,24,31,27.5
2788,24,31,27.5
2788,24,31,27.5
2788,24,31,27.5
2788,24,31,27.5
2788,24,31,27.5
2789,24,31,27.5
2789,24,30,27.0
2789,24,30,27.0
2789,24,30,27.0
2789,24,30,27.0
2789,24,30,27.0
2789,24,30,27.0
2789,24,30,27.0
2789,24,30,27.0
2789,24,30,27.0
2789,24,30,27.0
2789,24,30,27.0
2789,25,30,27.5
2789,25,30,27.5
2789,25,30,27.5
2789,25,30,27.5
2789,25,30,27.5
2789,25,30,27.5
2789,25,30,27.5
2789,25,30,27.5
2789,25,30,27.5
2789,25,33,29.0
2789,24,33,28.5
2789,24,33,28.5
2789,24,33,28.5
2789,24,33,28.5
2789,24,32,28.0
2789,24,32,28.0
2789,24,32,28.0
2789,24,32,28.0
2789,24,32,28.0
2789,24,32,28.0
2789,24,32,28.0
2789,24,32,28.0
2789,24,32,28.0
2789,24,32,28.0
2789,24,32,28.0
2789,24,32,28.0
2789,24,32,28.0
2789,24,32,28.0
2789,24,32,28.0
2789,24,32,28.0
2789,24,29,26.5
2789,24,29,26.5
2789,24,29,26.5
2789,24,29,26.5
2789,24,29,26.5
2789,24,29,26.5
2789,24,29,26.5
2789,24,29,26.5
2789,24,29,26.5
2789,24,29,26.5
2789,24,29,26.5
2789,24,29,26.5
2789,24,29,26.5
2789,24,29,26.5
2789,24,29,26.5
2789,24,29,26.5
2789,24,28,26.0
2789,24,28,26.0
2789,24,28,26.0
2789,24,28,26.0
2789,24,28,26.0
2789,24,28,26.0
2789,24,28,26.0
2789,26,28,27.0
2789,26,28,27.0
2789,26,28,27.0
2789,26,28,27.0
2789,26,28,27.0
2789,26,28,27.0
2789,26,28,27.0
2789,26,28,27.0
2789,26,28,27.0
2789,26,28,27.0
2789,26,28,27.0
2789,26,28,27.0
2789,26,28,27.0
2789,26,28,27.0
2789,26,28,27.0
2789,26,28,27.0
2789,26,28,27.0
2789,26,28,27.0
2789,26,28,27.0
2789,26,28,27.0
2789,26,28,27.0
2789,26,28,27.0
2789,26,28,27.0
2789,26,28,27.0
2789,26,28,27.0
2789,26,28,27.0
2789,26,28,27.0
2789,26,28,27.0
2789,26,28,27.0
2789,26,28,27.0
2789,26,28,27.0
2789,26,28,27.0
2789,26,28,27.0
2789,26,28,27.0
2789,26,28,27.0
2789,26,28,27.0
2789,26,28,27.0
2789,26,28,27.0
2789,26,28,27.0
2789,26,28,27.0
2789,26,28,27.0
2789,26,28,27.0
2789,26,28,27.0
2789,26,28,27.0
2789,26,28,27.0
2789,26,28,27.0
2789,26,28,27.0
2789,26,28,27.0
2789,26,28,27.0
2789,26,28,27.0
2789,26,27,26.5
2789,26,27,26.5
2789,26,27,26.5
2789,26,27,26.5
2789,26,27,26.5
2789,26,27,26.5
2790,26,27,26.5
2790,26,27,26.5
2790,24,27,25.5
2790,24,27,25.5
2790,24,27,25.5
2790,24,27,25.5
2790,24,27,25.5
2790,24,27,25.5
2790,24,27,25.5
2790,24,27,25.5
2790,24,27,25.5
2790,24,27,25.5
2790,24,27,25.5
2790,24,27,25.5
2790,24,27,25.5
2790,24,26,25.0
2790,24,26,25.0
2790,24,26,25.0
2790,24,26,25.0
2790,24,26,25.0
2790,24,26,25.0
2790,24,26,25.0
2790,24,26,25.0
2790,24,26,25.0
2790,24,26,25.0
2790,24,26,25.0
2790,24,26,25.0
2790,24,26,25.0
2790,24,26,25.0
2790,24,26,25.0
2790,24,29,26.5
2790,24,29,26.5
2790,24,29,26.5
2790,24,28,26.0
2790,26,28,27.0
2790,26,28,27.0
2790,26,28,27.0
2790,26,28,27.0
2790,26,28,27.0
2790,26,28,27.0
2790,26,28,27.0
2790,26,28,27.0
2790,26,28,27.0
2790,26,28,27.0
2790,26,28,27.0
2790,26,28,27.0
2790,26,28,27.0
2790,26,28,27.0
2790,26,28,27.0
2790,26,28,27.0
2790,26,28,27.0
2790,26,28,27.0
2790,26,28,27.0
2790,26,28,27.0
2790,26,28,27.0
2790,26,28,27.0
2790,26,28,27.0
2790,26,27,26.5
2790,26,27,26.5
2790,26,27,26.5
2790,26,27,26.5
2790,26,27,26.5
2790,26,27,26.5
2790,26,27,26.5
2790,26,27,26.5
2790,26,27,26.5
2790,26,27,26.5
2790,26,27,26.5
2790,26,27,26.5
2790,26,27,26.5
2790,26,27,26.5
2790,26,27,26.5
2790,26,27,26.5
2790,26,27,26.5
2790,26,27,26.5
2790,26,27,26.5
2790,26,27,26.5
2790,26,27,26.5
2790,26,27,26.5
2790,26,27,26.5
2790,26,27,26.5
2790,26,27,26.5
2790,26,27,26.5
2790,26,27,26.5
2790,26,27,26.5
2790,26,27,26.5
2790,24,27,25.5
2790,24,26,25.0
2790,24,26,25.0
2790,24,26,25.0
2790,24,26,25.0
2790,24,26,25.0
2790,24,26,25.0
2790,24,26,25.0
2790,24,26,25.0
2790,24,26,25.0
2790,24,26,25.0
2790,24,26,25.0
2790,24,26,25.0
2790,24,26,25.0
2790,24,26,25.0
2790,24,26,25.0
2790,24,26,25.0
2790,24,25,24.5
2790,24,25,24.5
2790,24,25,24.5
2790,24,25,24.5
2790,24,25,24.5
2790,24,25,24.5
2790,24,25,24.5
2790,24,25,24.5
2790,24,25,24.5
2790,24,25,24.5
2790,24,25,24.5
2790,24,25,24.5
2790,24,25,24.5
2790,24,25,24.5
2790,24,25,24.5
2790,24,25,24.5
2790,24,25,24.5
2790,24,25,24.5
2790,24,25,24.5
2790,24,25,24.5
2790,24,25,24.5
2790,24,25,24.5
2790,24,25,24.5
2791,24,25,24.5
2791,24,25,24.5
2791,24,25,24.5
2791,24,25,24.5
2791,24,25,24.5
2791,24,25,24.5
2791,24,25,24.5
2791,24,25,24.5
2791,24,25,24.5
2791,24,25,24.5
2791,24,25,24.5
2791,24,25,24.5
2791,24,25,24.5
2791,24,25,24.5
2791,24,25,24.5
2791,24,25,24.5
2791,24,25,24.5
2791,24,25,24.5
2791,24,25,24.5
2791,24,25,24.5
2791,24,25,24.5
2791,24,25,24.5
2791,24,25,24.5
2791,24,25,24.5
2791,24,25,24.5
2792,24,25,24.5
2792,24,25,24.5
2792,24,25,24.5
2792,24,25,24.5
2792,24,25,24.5
2792,24,25,24.5
2792,24,25,24.5
2792,24,25,24.5
2792,24,25,24.5
2792,24,25,24.5
2792,24,25,24.5
2792,24,25,24.5
2792,24,25,24.5
2792,24,25,24.5
2792,24,25,24.5
2792,24,25,24.5
2792,24,25,24.5
2792,24,25,24.5
2792,24,25,24.5
2792,24,25,24.5
2792,24,25,24.5
2792,24,25,24.5
2792,24,25,24.5
2792,24,25,24.5
2792,24,25,24.5
2792,24,25,24.5
2792,24,25,24.5
2792,24,25,24.5
2792,24,25,24.5
2792,24,25,24.5
2792,24,25,24.5
2792,24,25,24.5
2793,24,25,24.5
2793,24,25,24.5
2793,24,25,24.5
2793,24,25,24.5
2793,24,25,24.5
2793,24,25,24.5
2793,24,25,24.5
2793,24,25,24.5
2793,24,25,24.5
2793,24,25,24.5
2793,24,25,24.5
2793,24,25,24.5
2793,24,25,24.5
2793,24,25,24.5
2793,24,25,24.5
2793,24,25,24.5
2793,24,25,24.5
2793,24,25,24.5
2793,24,25,24.5
2793,24,25,24.5
2793,24,25,24.5
2793,24,25,24.5
2793,24,25,24.5
2793,24,25,24.5
2793,24,25,24.5
2793,24,25,24.5
2793,24,25,24.5
2793,24,25,24.5
2793,24,25,24.5
2793,24,25,24.5
2793,24,25,24.5
2793,24,25,24.5
2793,24,25,24.5
2793,24,25,24.5
2793,24,25,24.5
2793,24,25,24.5
2794,24,25,24.5
2794,24,25,24.5
2794,24,25,24.5
2794,24,25,24.5
2794,24,25,24.5
2794,24,25,24.5
2795,24,25,24.5
2795,24,25,24.5
2795,24,25,24.5
2795,24,25,24.5
2795,24,25,24.5
2795,24,25,24.5
2795,24,25,24.5
2795,24,25,24.5
2795,24,25,24.5
2795,24,25,24.5
2795,24,25,24.5
2795,24,25,24.5
2796,24,25,24.5
2796,24,25,24.5
2796,24,25,24.5
2796,24,25,24.5
2796,24,25,24.5
2796,24,25,24.5
2796,24,25,24.5
2797,24,25,24.5
2797,24,25,24.5
2797,24,25,24.5
2797,24,25,24.5
2797,24,25,24.5
2797,24,25,24.5
2797,24,25,24.5
2797,24,25,24.5
2797,24,25,24.5
2797,24,25,24.5
2797,24,25,24.5
2797,24,25,24.5
2798,24,25,24.5
2798,24,25,24.5
2798,24,25,24.5
2798,24,25,24.5
2798,24,25,24.5
2798,24,25,24.5
2798,24,25,24.5
2798,24,25,24.5
2799,24,25,24.5
2799,24,25,24.5
2799,24,25,24.5
2799,24,25,24.5
2799,24,25,24.5
2799,24,25,24.5
2799,24,25,24.5
2800,24,25,24.5
2800,24,25,24.5
2800,24,25,24.5
2800,24,25,24.5
2800,24,25,24.5
2800,24,25,24.5
2800,24,25,24.5
2801,24,25,24.5
2801,24,25,24.5
2802,24,25,24.5
2802,24,25,24.5
2802,24,25,24.5
2802,24,25,24.5
2802,24,25,24.5
2802,24,25,24.5
2802,24,25,24.5
2802,24,25,24.5
2803,24,25,24.5
2803,24,25,24.5
2803,24,25,24.5
2803,24,25,24.5
2803,24,25,24.5
2803,24,25,24.5
2803,24,25,24.5
2804,24,25,24.5
2804,24,25,24.5
2804,24,25,24.5
2805,24,25,24.5
2805,24,25,24.5
2805,24,25,24.5
2805,24,25,24.5
2805,24,25,24.5
2805,24,25,24.5
2805,24,25,24.5
2805,24,25,24.5
2805,24,25,24.5
2805,24,25,24.5
2806,24,25,24.5
2806,24,25,24.5
2806,24,25,24.5
2807,24,25,24.5
2807,24,25,24.5
2807,24,25,24.5
2807,24,25,24.5
2807,24,25,24.5
2807,24,25,24.5
2808,24,25,24.5
2808,24,25,24.5
2808,24,25,24.5
2809,24,25,24.5
2809,24,25,24.5
2809,24,25,24.5
2809,24,25,24.5
2810,24,25,24.5
2810,24,25,24.5
2810,24,25,24.5
2811,24,25,24.5
2811,24,25,24.5
2812,24,25,24.5
2813,24,25,24.5
2813,24,25,24.5
2813,24,25,24.5
2814,24,25,24.5
2814,24,25,24.5
2814,24,25,24.5
2814,24,25,24.5
2815,24,25,24.5
2815,24,25,24.5
2815,24,25,24.5
2815,24,25,24.5
2815,24,25,24.5
2816,24,25,24.5
2816,24,25,24.5
2820,24,25,24.5
2820,24,25,24.5
2820,24,25,24.5
2827,24,25,24.5
2827,24,25,24.5
2828,24,25,24.5
2828,24,25,24.5
2829,24,25,24.5
2830,24,25,24.5
2830,24,25,24.5
2831,24,25,24.5
2831,24,25,24.5
2833,24,25,24.5
2833,24,25,24.5
2833,24,25,24.5
2834,24,25,24.5
2834,24,25,24.5
2834,24,25,24.5
2835,24,25,24.5
2835,24,25,24.5
2835,24,25,24.5
2836,24,25,24.5
2836,24,25,24.5
2836,24,25,24.5
2837,24,25,24.5
2839,24,25,24.5
2839,24,25,24.5
2840,24,25,24.5
2840,24,25,24.5
2841,24,25,24.5
2841,24,25,24.5
2841,24,25,24.5
2841,24,25,24.5
2841,24,25,24.5
2841,24,25,24.5
2841,24,25,24.5
2842,24,25,24.5
2842,24,25,24.5
2842,24,25,24.5
2842,24,25,24.5
2843,24,25,24.5
2843,24,25,24.5
2843,24,25,24.5
2843,24,25,24.5
2843,24,25,24.5
2843,24,25,24.5
2843,24,25,24.5
2844,24,25,24.5
2846,24,25,24.5
2846,24,25,24.5
2846,24,25,24.5
2847,24,25,24.5
2847,24,25,24.5
2848,24,25,24.5
2848,24,25,24.5
2848,24,25,24.5
2848,24,25,24.5
2848,24,25,24.5
2848,24,25,24.5
2849,24,25,24.5
2849,24,25,24.5
2849,24,25,24.5
2849,24,25,24.5
2851,24,25,24.5
2851,24,25,24.5
2851,24,25,24.5
2851,24,25,24.5
2853,24,25,24.5
2853,24,25,24.5
2853,24,25,24.5
2855,24,25,24.5
2857,24,25,24.5
2857,24,25,24.5
2857,24,25,24.5
2857,24,25,24.5
2861,24,25,24.5
2861,24,25,24.5
2861,24,25,24.5
2861,24,25,24.5
2865,24,25,24.5
2865,24,25,24.5
2865,24,25,24.5
2869,24,25,24.5
2872,24,25,24.5
2872,24,25,24.5
2872,24,25,24.5
2872,24,25,24.5
2872,24,25,24.5
2872,24,25,24.5
2872,24,25,24.5
2873,24,25,24.5
2873,24,25,24.5
2873,24,25,24.5
2874,24,25,24.5
2874,24,25,24.5
2874,24,25,24.5
2880,24,25,24.5
2881,24,25,24.5
2881,24,25,24.5
2881,24,25,24.5
2881,24,25,24.5
2882,24,25,24.5
2882,24,25,24.5
2882,24,25,24.5
2883,24,25,24.5
2883,24,25,24.5
2883,24,25,24.5
2888,24,25,24.5
2889,24,25,24.5
2889,24,25,24.5
2889,24,25,24.5
2889,24,25,24.5
2889,24,25,24.5
2889,24,25,24.5
2889,24,25,24.5
2889,24,25,24.5
2889,24,25,24.5
2890,24,25,24.5
2890,24,25,24.5
2890,24,25,24.5
2890,24,25,24.5
2890,24,25,24.5
2890,24,25,24.5
2890,24,25,24.5
2890,24,25,24.5
2890,24,25,24.5
2890,24,25,24.5
2892,24,25,24.5
2892,24,25,24.5
2892,24,25,24.5
2892,24,25,24.5
2892,24,25,24.5
2892,24,25,24.5
2892,24,25,24.5
2892,24,25,24.5
2892,24,25,24.5
2892,24,25,24.5
2892,24,25,24.5
2892,24,25,24.5
2893,24,25,24.5
2893,24,25,24.5
2894,24,25,24.5
2894,24,25,24.5
2894,24,25,24.5
2894,24,25,24.5
2894,24,25,24.5
2894,24,25,24.5
2894,24,25,24.5
2894,24,25,24.5
2894,24,25,24.5
2894,24,25,24.5
2894,24,25,24.5
2894,24,25,24.5
2894,24,25,24.5
2897,24,25,24.5
2897,24,25,24.5
2897,24,25,24.5
2897,24,25,24.5
2897,24,25,24.5
2899,24,25,24.5
2899,23,25,24.0
2899,23,24,23.5
2899,23,24,23.5
2899,23,24,23.5
2899,23,24,23.5
2899,23,24,23.5
2899,23,24,23.5
2899,23,24,23.5
2899,23,24,23.5
2899,23,24,23.5
2899,23,24,23.5
2899,23,24,23.5
2899,23,24,23.5
2899,23,24,23.5
2899,23,24,23.5
2899,23,24,23.5
2899,23,24,23.5
2899,23,24,23.5
2899,23,24,23.5
2899,23,24,23.5
2899,23,24,23.5
2899,23,24,23.5
2899,23,24,23.5
2899,23,24,23.5
2899,23,24,23.5
2900,23,24,23.5
2900,23,24,23.5
2900,23,24,23.5
2900,23,24,23.5
2900,23,24,23.5
2900,23,24,23.5
2900,23,24,23.5
2900,23,24,23.5
2900,23,24,23.5
2900,23,24,23.5
2900,23,24,23.5
2900,23,24,23.5
2900,23,24,23.5
2900,23,24,23.5
2900,23,24,23.5
2900,23,24,23.5
2900,23,24,23.5
2901,23,24,23.5
2901,23,24,23.5
2901,23,24,23.5
2901,22,24,23.0
2901,22,24,23.0
2901,22,23,22.5
2901,22,23,22.5
2901,22,23,22.5
2901,22,23,22.5
2901,22,23,22.5
2901,22,23,22.5
2901,22,23,22.5
2901,22,23,22.5
2901,22,23,22.5
2901,22,23,22.5
2901,22,23,22.5
2901,22,23,22.5
2901,22,23,22.5
2901,22,23,22.5
2901,22,23,22.5
2901,22,23,22.5
2902,22,23,22.5
2902,22,23,22.5
2903,22,23,22.5
2903,22,23,22.5
2903,22,23,22.5
2903,22,23,22.5
2903,22,23,22.5
2903,22,23,22.5
2903,22,23,22.5
2903,22,23,22.5
2904,22,23,22.5
2904,22,23,22.5
2904,22,23,22.5
2904,22,23,22.5
2904,22,23,22.5
2905,22,23,22.5
2905,22,23,22.5
2905,22,23,22.5
2905,22,23,22.5
2906,22,23,22.5
2906,22,23,22.5
2906,22,23,22.5
2906,22,23,22.5
2906,22,23,22.5
2907,22,23,22.5
2907,22,23,22.5
2907,22,23,22.5
2907,22,23,22.5
2907,22,23,22.5
2908,22,23,22.5
2908,22,23,22.5
2908,22,23,22.5
2908,22,23,22.5
2909,22,23,22.5
2909,22,23,22.5
2909,22,23,22.5
2909,22,23,22.5
2910,22,23,22.5
2910,22,23,22.5
2910,22,23,22.5
2910,22,23,22.5
2910,22,23,22.5
2910,22,23,22.5
2910,22,23,22.5
2910,22,23,22.5
2910,22,23,22.5
2910,22,23,22.5
2910,22,23,22.5
2910,22,23,22.5
2910,22,23,22.5
2910,22,23,22.5
2910,22,23,22.5
2910,22,23,22.5
2910,22,23,22.5
2910,22,23,22.5
2910,22,23,22.5
2910,22,23,22.5
2910,22,23,22.5
2910,22,23,22.5
2910,22,23,22.5
2910,22,23,22.5
2910,22,23,22.5
2910,22,23,22.5
2910,22,23,22.5
2910,22,23,22.5
2910,22,23,22.5
2910,22,23,22.5
2910,22,23,22.5
2910,22,23,22.5
2910,22,23,22.5
2910,22,23,22.5
2910,22,23,22.5
2910,22,23,22.5
2910,22,23,22.5
2910,22,23,22.5
2910,22,23,22.5
2910,22,23,22.5
2910,22,23,22.5
2910,22,23,22.5
2910,22,23,22.5
2910,22,23,22.5
2910,22,23,22.5
2910,22,23,22.5
2910,22,23,22.5
2910,22,24,23.0
2910,22,24,23.0
2910,22,24,23.0
2910,21,24,22.5
2910,21,24,22.5
2910,21,24,22.5
2910,21,24,22.5
2910,21,24,22.5
2910,21,24,22.5
2910,21,24,22.5
2910,21,24,22.5
2910,21,24,22.5
2910,21,24,22.5
2910,21,24,22.5
2910,21,24,22.5
2910,21,24,22.5
2910,21,24,22.5
2910,21,24,22.5
2910,21,24,22.5
2910,21,24,22.5
2910,21,24,22.5
2910,21,24,22.5
2910,21,24,22.5
2910,21,24,22.5
2910,21,24,22.5
2910,21,24,22.5
2910,21,24,22.5
2910,21,24,22.5
2910,21,24,22.5
2910,21,24,22.5
2910,21,24,22.5
2910,21,24,22.5
2910,21,24,22.5
2910,21,24,22.5
2910,21,24,22.5
2910,21,24,22.5
2910,21,24,22.5
2910,21,24,22.5
2910,21,24,22.5
2910,21,24,22.5
2910,21,24,22.5
2910,21,24,22.5
2910,21,24,22.5
2910,21,24,22.5
2910,21,24,22.5
2910,21,24,22.5
2910,21,24,22.5
2910,21,24,22.5
2910,21,24,22.5
2910,21,24,22.5
2910,21,24,22.5
2910,21,24,22.5
2910,21,24,22.5
2910,21,24,22.5
2910,21,24,22.5
2910,21,24,22.5
2910,21,24,22.5
2910,21,24,22.5
2910,21,24,22.5
2910,21,24,22.5
2910,21,24,22.5
2910,21,24,22.5
2910,21,24,22.5
2910,21,24,22.5
2910,21,24,22.5
2910,21,24,22.5
2910,21,24,22.5
2910,21,24,22.5
2910,21,24,22.5
2910,21,24,22.5
2911,22,24,23.0
2911,22,24,23.0
2911,22,24,23.0
2911,22,24,23.0
2911,22,24,23.0
2911,22,24,23.0
2911,22,24,23.0
2911,22,24,23.0
2911,22,24,23.0
2911,22,24,23.0
2911,22,24,23.0
2911,22,24,23.0
2911,22,24,23.0
2911,22,24,23.0
2911,22,24,23.0
2911,22,24,23.0
2911,22,24,23.0
2911,22,24,23.0
2911,22,24,23.0
2911,22,24,23.0
2911,22,24,23.0
2911,22,24,23.0
2911,22,24,23.0
2911,22,24,23.0
2911,22,24,23.0
2911,22,24,23.0
2911,22,24,23.0
2911,22,24,23.0
2911,22,24,23.0
2911,22,24,23.0
2911,22,24,23.0
2911,22,24,23.0
2911,20,24,22.0
2911,20,24,22.0
2911,20,24,22.0
2911,20,24,22.0
2911,20,24,22.0
2911,21,24,22.5
2911,21,24,22.5
2911,21,24,22.5
2911,21,24,22.5
2911,21,24,22.5
2911,21,24,22.5
2911,21,24,22.5
2911,21,24,22.5
2911,21,24,22.5
2911,21,24,22.5
2911,21,24,22.5
2911,21,24,22.5
2911,22,24,23.0
2911,22,24,23.0
2911,22,24,23.0
2911,22,24,23.0
2911,22,24,23.0
2911,22,24,23.0
2911,22,24,23.0
2911,22,24,23.0
2911,22,24,23.0
2911,22,24,23.0
2911,22,24,23.0
2911,22,24,23.0
2911,22,24,23.0
2911,22,24,23.0
2911,22,24,23.0
2911,22,24,23.0
2911,22,24,23.0
2911,22,24,23.0
2911,22,24,23.0
2911,22,24,23.0
2911,22,24,23.0
2912,22,24,23.0
2912,22,24,23.0
2912,22,24,23.0
2912,22,24,23.0
2912,22,24,23.0
2912,22,24,23.0
2912,22,24,23.0
2912,22,24,23.0
2912,22,24,23.0
2912,22,24,23.0
2912,22,24,23.0
2912,22,24,23.0
2912,22,24,23.0
2912,22,24,23.0
2912,22,24,23.0
2912,22,24,23.0
2912,22,24,23.0
2912,22,24,23.0
2912,22,24,23.0
2912,22,24,23.0
2912,22,24,23.0
2912,22,24,23.0
2912,22,24,23.0
2912,22,24,23.0
2913,22,24,23.0
2913,22,24,23.0
2913,22,24,23.0
2913,22,24,23.0
2914,22,24,23.0
2914,22,24,23.0
2914,22,24,23.0
2914,22,24,23.0
2914,22,24,23.0
2914,22,24,23.0
2914,22,24,23.0
2914,22,24,23.0
2914,22,24,23.0
2914,22,24,23.0
2915,22,24,23.0
2915,22,24,23.0
2915,22,24,23.0
2915,22,24,23.0
2915,22,24,23.0
2915,22,24,23.0
2915,22,24,23.0
2915,22,24,23.0
2915,22,24,23.0
2915,22,24,23.0
2915,22,24,23.0
2915,22,24,23.0
2915,22,24,23.0
2915,22,24,23.0
2915,22,24,23.0
2915,22,24,23.0
2915,22,24,23.0
2915,22,24,23.0
2915,22,24,23.0
2915,22,24,23.0
2915,22,24,23.0
2915,22,24,23.0
2915,22,24,23.0
2915,22,24,23.0
2915,22,24,23.0
2915,22,24,23.0
2915,22,24,23.0
2915,22,24,23.0
2915,22,24,23.0
2915,22,24,23.0
2915,22,24,23.0
2915,22,24,23.0
2915,22,24,23.0
2915,22,24,23.0
2915,22,24,23.0
2915,22,24,23.0
2915,22,24,23.0
2915,22,24,23.0
2915,22,24,23.0
2915,22,24,23.0
2915,22,24,23.0
2915,22,24,23.0
2915,22,24,23.0
2915,22,24,23.0
2915,22,24,23.0
2915,22,24,23.0
2915,22,24,23.0
2915,22,24,23.0
2915,22,24,23.0
2915,23,24,23.5
2915,23,24,23.5
2915,23,24,23.5
2915,23,24,23.5
2915,23,24,23.5
2915,23,24,23.5
2915,23,24,23.5
2915,23,24,23.5
2915,23,24,23.5
2915,23,24,23.5
2915,23,24,23.5
2915,23,24,23.5
2915,23,24,23.5
2915,23,24,23.5
2915,23,24,23.5
2915,23,24,23.5
2915,23,24,23.5
2915,23,24,23.5
2915,23,24,23.5
2915,23,24,23.5
2915,23,24,23.5
2915,23,24,23.5
2915,23,24,23.5
2915,23,24,23.5
2916,23,24,23.5
2916,23,24,23.5
2916,23,24,23.5
2916,23,24,23.5
2916,23,24,23.5
2916,23,24,23.5
2916,23,24,23.5
2916,23,24,23.5
2916,23,24,23.5
2916,23,24,23.5
2916,23,24,23.5
2916,23,24,23.5
2916,23,24,23.5
2916,23,24,23.5
2916,23,24,23.5
2916,23,24,23.5
2916,23,24,23.5
2916,23,24,23.5
2916,23,24,23.5
2916,23,24,23.5
2916,23,24,23.5
2916,23,24,23.5
2916,23,24,23.5
2916,23,24,23.5
2916,23,24,23.5
2916,23,24,23.5
2916,23,24,23.5
2916,23,24,23.5
2916,23,24,23.5
2916,23,24,23.5
2916,23,24,23.5
2916,23,24,23.5
2916,23,24,23.5
2916,23,24,23.5
2916,23,24,23.5
2916,23,24,23.5
2916,23,24,23.5
2916,23,24,23.5
2916,23,24,23.5
2916,23,24,23.5
2916,23,24,23.5
2916,23,24,23.5
2916,23,24,23.5
2916,23,24,23.5
2916,23,24,23.5
2916,23,24,23.5
2916,23,24,23.5
2916,23,24,23.5
2916,23,24,23.5
2916,23,24,23.5
2916,23,24,23.5
2916,23,24,23.5
2916,23,24,23.5
2916,23,24,23.5
2916,23,24,23.5
2916,23,24,23.5
2916,23,24,23.5
2916,23,24,23.5
2916,23,24,23.5
2916,23,24,23.5
2916,23,24,23.5
2916,23,24,23.5
2916,23,24,23.5
2916,23,24,23.5
2916,23,24,23.5
2916,23,24,23.5
2917,23,24,23.5
2917,23,24,23.5
2917,23,24,23.5
2917,23,24,23.5
2917,23,24,23.5
2917,23,24,23.5
2917,23,24,23.5
2917,23,24,23.5
2917,23,24,23.5
2917,23,24,23.5
2917,23,24,23.5
2917,23,24,23.5
2917,23,24,23.5
2917,23,24,23.5
2917,23,24,23.5
2917,23,24,23.5
2918,23,24,23.5
2918,23,24,23.5
2918,23,24,23.5
2918,23,24,23.5
2918,23,24,23.5
2918,23,24,23.5
2918,23,24,23.5
2918,23,24,23.5
2918,23,24,23.5
2918,23,24,23.5
2918,23,24,23.5
2918,23,24,23.5
2918,23,24,23.5
2918,23,24,23.5
2918,23,24,23.5
2918,23,24,23.5
2918,23,24,23.5
2919,23,24,23.5
2919,23,24,23.5
2919,23,24,23.5
2919,23,24,23.5
2919,23,24,23.5
2919,23,24,23.5
2919,23,24,23.5
2919,23,24,23.5
2919,23,24,23.5
2919,23,24,23.5
2919,23,24,23.5
2919,23,24,23.5
2919,23,24,23.5
2919,23,24,23.5
2919,23,24,23.5
2919,23,24,23.5
2919,23,24,23.5
2919,23,24,23.5
2919,23,24,23.5
2919,23,24,23.5
2919,23,24,23.5
2919,23,24,23.5
2919,23,24,23.5
2919,23,24,23.5
2919,23,24,23.5
2919,23,24,23.5
2919,23,24,23.5
2919,23,24,23.5
2919,23,24,23.5
2919,23,24,23.5
2919,23,24,23.5
2919,23,24,23.5
2919,23,24,23.5
2919,23,24,23.5
2919,23,24,23.5
2919,23,24,23.5
2919,23,24,23.5
2919,23,24,23.5
2919,23,24,23.5
2919,23,24,23.5
2919,23,24,23.5
2919,23,24,23.5
2919,23,24,23.5
2919,23,24,23.5
2919,23,24,23.5
2919,23,24,23.5
2919,23,24,23.5
2919,23,24,23.5
2919,23,24,23.5
2919,23,24,23.5
2919,23,24,23.5
2919,23,24,23.5
2919,23,24,23.5
2919,23,24,23.5
2919,23,24,23.5
2919,21,24,22.5
2919,21,24,22.5
2919,21,24,22.5
2919,21,24,22.5
2919,21,24,22.5
2919,21,24,22.5
2919,21,24,22.5
2919,21,24,22.5
2919,21,24,22.5
2919,21,24,22.5
2919,21,24,22.5
2919,21,24,22.5
2919,21,24,22.5
2920,21,24,22.5
2920,21,24,22.5
2920,21,24,22.5
2920,21,24,22.5
2920,21,24,22.5
2920,21,24,22.5
2920,21,24,22.5
2920,21,24,22.5
2920,21,24,22.5
2920,21,24,22.5
2920,21,24,22.5
2920,21,24,22.5
2920,21,24,22.5
2920,21,24,22.5
2920,21,24,22.5
2920,21,24,22.5
2920,21,24,22.5
2920,21,24,22.5
2920,21,24,22.5
2920,22,24,23.0
2920,22,24,23.0
2920,22,24,23.0
2920,22,24,23.0
2920,22,24,23.0
2920,22,24,23.0
2920,22,24,23.0
2920,22,24,23.0
2920,22,24,23.0
2920,22,24,23.0
2920,22,24,23.0
2920,22,24,23.0
2920,22,24,23.0
2920,23,24,23.5
2920,23,24,23.5
2920,23,24,23.5
2920,23,24,23.5
2920,21,24,22.5
2920,21,24,22.5
2920,21,24,22.5
2920,21,24,22.5
2920,21,24,22.5
2920,21,24,22.5
2920,22,24,23.0
2920,22,24,23.0
2920,22,24,23.0
2920,22,24,23.0
2920,22,24,23.0
2920,22,24,23.0
2920,22,24,23.0
2920,22,24,23.0
2920,22,24,23.0
2920,22,24,23.0
2920,22,24,23.0
2920,22,24,23.0
2920,22,24,23.0
2921,22,24,23.0
2921,22,24,23.0
2921,22,24,23.0
2921,22,24,23.0
2921,22,24,23.0
2921,22,24,23.0
2921,22,24,23.0
2921,22,24,23.0
2921,22,24,23.0
2921,23,24,23.5
2921,23,24,23.5
2921,23,24,23.5
2921,23,24,23.5
2921,23,24,23.5
2921,23,24,23.5
2922,23,24,23.5
2922,23,24,23.5
2922,23,24,23.5
2922,23,24,23.5
2923,23,24,23.5
2923,23,24,23.5
2923,23,24,23.5
2923,21,24,22.5
2923,21,24,22.5
2923,21,24,22.5
2923,21,24,22.5
2923,21,24,22.5
2923,22,24,23.0
2923,22,24,23.0
2923,22,24,23.0
2923,22,24,23.0
2923,22,24,23.0
2923,22,24,23.0
2923,22,24,23.0
2923,22,24,23.0
2923,23,24,23.5
2924,23,24,23.5
2924,23,24,23.5
2924,23,24,23.5
2924,23,24,23.5
2924,23,24,23.5
2924,23,24,23.5
2924,23,24,23.5
2924,23,24,23.5
2924,21,24,22.5
2924,21,24,22.5
2924,21,24,22.5
2924,21,24,22.5
2924,21,24,22.5
2924,21,24,22.5
2924,21,24,22.5
2924,21,24,22.5
2924,21,24,22.5
2924,21,24,22.5
2924,22,24,23.0
2924,22,24,23.0
2924,22,24,23.0
2924,22,24,23.0
2924,22,24,23.0
2924,22,24,23.0
2924,22,24,23.0
2924,21,24,22.5
2924,21,24,22.5
2924,21,24,22.5
2924,21,24,22.5
2924,21,24,22.5
2924,22,24,23.0
2924,22,24,23.0
2924,22,24,23.0
2924,22,24,23.0
2924,22,24,23.0
2924,22,24,23.0
2924,22,24,23.0
2924,22,24,23.0
2924,22,24,23.0
2924,22,24,23.0
2924,22,24,23.0
2924,22,24,23.0
2925,22,24,23.0
2926,22,24,23.0
2926,22,24,23.0
2926,22,24,23.0
2926,22,24,23.0
2926,22,24,23.0
2926,22,24,23.0
2926,22,24,23.0
2926,22,24,23.0
2926,22,24,23.0
2926,22,24,23.0
2926,22,24,23.0
2926,23,24,23.5
2926,23,24,23.5
2926,23,24,23.5
2926,23,24,23.5
2926,23,24,23.5
2926,23,24,23.5
2926,23,24,23.5
2926,23,24,23.5
2926,22,24,23.0
2926,22,24,23.0
2926,22,24,23.0
2926,22,24,23.0
2926,22,24,23.0
2927,22,24,23.0
2927,22,24,23.0
2927,22,24,23.0
2927,22,24,23.0
2927,22,24,23.0
2927,22,24,23.0
2927,22,24,23.0
2927,22,24,23.0
2927,22,24,23.0
2927,22,24,23.0
2927,22,24,23.0
2927,22,24,23.0
2927,22,24,23.0
2927,22,24,23.0
2927,22,24,23.0
2927,22,24,23.0
2927,22,24,23.0
2927,23,24,23.5
2927,23,24,23.5
2927,23,24,23.5
2927,23,24,23.5
2927,23,24,23.5
2927,23,24,23.5
2927,23,24,23.5
2927,23,24,23.5
2927,23,24,23.5
2927,23,24,23.5
2927,23,24,23.5
2927,23,24,23.5
2927,23,24,23.5
2927,23,24,23.5
2927,23,24,23.5
2927,22,24,23.0
2927,22,24,23.0
2927,22,24,23.0
2927,22,24,23.0
2928,22,24,23.0
2928,22,24,23.0
2928,22,24,23.0
2928,22,24,23.0
2928,22,24,23.0
2928,22,24,23.0
2928,22,24,23.0
2928,22,24,23.0
2928,22,24,23.0
2928,22,24,23.0
2928,22,24,23.0
2928,22,24,23.0
2928,22,24,23.0
2928,22,24,23.0
2928,22,24,23.0
2929,22,24,23.0
2929,22,24,23.0
2929,22,24,23.0
2929,22,24,23.0
2929,22,24,23.0
2929,22,24,23.0
2929,22,24,23.0
2929,22,24,23.0
2929,22,24,23.0
2929,22,24,23.0
2929,22,24,23.0
2929,22,27,24.5
2929,24,27,25.5
2929,24,27,25.5
2929,24,27,25.5
2929,24,27,25.5
2929,24,27,25.5
2929,24,27,25.5
2929,24,27,25.5
2929,24,27,25.5
2929,24,27,25.5
2929,24,27,25.5
2929,24,27,25.5
2929,24,27,25.5
2929,24,27,25.5
2929,24,27,25.5
2929,24,27,25.5
2929,24,27,25.5
2929,24,27,25.5
2929,24,27,25.5
2929,24,27,25.5
2929,24,27,25.5
2929,24,27,25.5
2929,24,27,25.5
2929,24,27,25.5
2930,24,27,25.5
2930,24,27,25.5
2930,24,27,25.5
2930,24,27,25.5
2930,24,27,25.5
2930,24,27,25.5
2930,24,27,25.5
2930,24,27,25.5
2930,24,27,25.5
2930,24,27,25.5
2930,24,27,25.5
2930,23,27,25.0
2930,23,27,25.0
2930,23,27,25.0
2930,23,27,25.0
2930,23,27,25.0
2930,23,27,25.0
2930,23,27,25.0
2930,23,27,25.0
2930,23,27,25.0
2930,22,27,24.5
2930,22,27,24.5
2930,22,27,24.5
2930,22,27,24.5
2930,22,27,24.5
2930,22,27,24.5
2930,22,27,24.5
2930,22,27,24.5
2930,22,27,24.5
2930,22,27,24.5
2930,22,27,24.5
2930,22,27,24.5
2930,22,27,24.5
2930,22,27,24.5
2930,22,27,24.5
2930,22,27,24.5
2930,22,27,24.5
2930,22,27,24.5
2930,22,27,24.5
2930,22,27,24.5
2930,22,27,24.5
2930,22,27,24.5
2930,22,27,24.5
2930,22,27,24.5
2930,22,27,24.5
2930,22,27,24.5
2930,22,27,24.5
2931,22,27,24.5
2931,22,27,24.5
2931,22,27,24.5
2931,22,27,24.5
2931,22,27,24.5
2931,22,27,24.5
2931,22,27,24.5
2931,22,27,24.5
2931,22,27,24.5
2931,22,27,24.5
2931,22,27,24.5
2931,22,27,24.5
2931,22,27,24.5
2931,22,27,24.5
2931,23,27,25.0
2931,26,27,26.5
2931,26,27,26.5
2931,26,27,26.5
2931,26,27,26.5
2931,26,27,26.5
2931,26,27,26.5
2931,26,27,26.5
2931,26,27,26.5
2931,26,27,26.5
2931,26,27,26.5
2931,26,27,26.5
2931,26,27,26.5
2931,26,27,26.5
2931,26,27,26.5
2931,26,27,26.5
2931,26,27,26.5
2931,26,27,26.5
2931,26,27,26.5
2931,26,27,26.5
2931,26,27,26.5
2931,26,27,26.5
2931,26,27,26.5
2931,26,27,26.5
2931,26,27,26.5
2931,26,27,26.5
2931,26,28,27.0
2931,26,28,27.0
2931,26,28,27.0
2931,26,28,27.0
2931,26,28,27.0
2931,26,28,27.0
2931,26,28,27.0
2931,26,28,27.0
2931,26,28,27.0
2931,26,28,27.0
2931,26,28,27.0
2931,26,28,27.0
2931,26,28,27.0
2931,26,28,27.0
2931,26,28,27.0
2931,26,28,27.0
2931,26,28,27.0
2931,26,28,27.0
2931,26,28,27.0
2931,26,28,27.0
2932,26,28,27.0
2932,26,28,27.0
2932,26,28,27.0
2932,26,28,27.0
2932,26,28,27.0
2932,26,28,27.0
2932,26,28,27.0
2932,26,28,27.0
2932,26,28,27.0
2932,26,28,27.0
2932,26,28,27.0
2932,26,28,27.0
2932,26,28,27.0
2932,26,28,27.0
2932,26,28,27.0
2932,26,28,27.0
2932,26,28,27.0
2932,26,28,27.0
2932,26,28,27.0
2933,26,28,27.0
2933,26,28,27.0
2933,26,28,27.0
2933,26,28,27.0
2933,26,28,27.0
2933,26,28,27.0
2933,26,28,27.0
2933,26,28,27.0
2933,26,28,27.0
2933,26,28,27.0
2933,26,28,27.0
2934,26,28,27.0
2934,26,28,27.0
2934,26,28,27.0
2934,26,28,27.0
2934,26,28,27.0
2934,26,28,27.0
2934,26,28,27.0
2935,26,28,27.0
2935,26,28,27.0
2935,26,28,27.0
2935,26,28,27.0
2935,26,28,27.0
2935,26,28,27.0
2935,26,28,27.0
2935,26,28,27.0
2935,26,28,27.0
2935,26,28,27.0
2935,26,28,27.0
2935,26,28,27.0
2935,26,28,27.0
2935,26,28,27.0
2935,26,28,27.0
2935,26,28,27.0
2936,26,28,27.0
2936,26,28,27.0
2936,26,28,27.0
2936,26,28,27.0
2936,26,28,27.0
2936,26,28,27.0
2936,26,28,27.0
2936,26,28,27.0
2936,26,28,27.0
2936,26,28,27.0
2936,26,28,27.0
2936,26,28,27.0
2937,26,28,27.0
2937,26,28,27.0
2937,26,28,27.0
2937,26,28,27.0
2937,26,28,27.0
2937,26,28,27.0
2937,26,28,27.0
2937,26,28,27.0
2937,26,28,27.0
2937,26,28,27.0
2937,26,28,27.0
2937,26,28,27.0
2937,26,28,27.0
2937,26,28,27.0
2937,26,28,27.0
2938,26,28,27.0
2938,26,28,27.0
2938,26,28,27.0
2938,26,28,27.0
2938,26,28,27.0
2938,26,28,27.0
2938,26,28,27.0
2938,26,28,27.0
2938,26,28,27.0
2938,26,28,27.0
2938,26,27,26.5
2938,26,27,26.5
2938,26,27,26.5
2938,26,27,26.5
2938,26,27,26.5
2938,26,27,26.5
2938,26,27,26.5
2939,26,27,26.5
2939,26,27,26.5
2939,26,27,26.5
2939,26,27,26.5
2939,26,27,26.5
2939,26,27,26.5
2939,26,27,26.5
2939,26,27,26.5
2939,26,27,26.5
2939,26,27,26.5
2939,26,27,26.5
2939,26,27,26.5
2939,26,27,26.5
2939,26,27,26.5
2939,26,27,26.5
2939,26,27,26.5
2939,26,27,26.5
2940,26,27,26.5
2940,26,27,26.5
2940,26,27,26.5
2940,26,27,26.5
2940,26,27,26.5
2940,26,27,26.5
2941,26,27,26.5
2941,26,27,26.5
2941,26,27,26.5
2941,26,27,26.5
2941,26,27,26.5
2941,26,27,26.5
2941,26,27,26.5
2941,26,27,26.5
2941,26,27,26.5
2941,26,27,26.5
2942,26,27,26.5
2942,26,27,26.5
2943,26,27,26.5
2943,26,27,26.5
2943,26,27,26.5
2943,26,27,26.5
2943,26,27,26.5
2943,26,27,26.5
2943,26,27,26.5
2943,26,27,26.5
2944,26,27,26.5
2944,26,27,26.5
2944,26,27,26.5
2944,26,27,26.5
2944,26,27,26.5
2946,26,27,26.5
2946,26,27,26.5
2947,26,27,26.5
2947,26,27,26.5
2947,26,27,26.5
2948,26,27,26.5
2948,26,27,26.5
2948,26,27,26.5
2949,26,27,26.5
2949,26,27,26.5
2949,26,27,26.5
2950,26,27,26.5
2950,26,27,26.5
2950,26,27,26.5
2950,26,27,26.5
2951,26,27,26.5
2953,26,27,26.5
2954,26,27,26.5
2955,26,27,26.5
2955,26,27,26.5
2955,26,27,26.5
2955,26,27,26.5
2955,26,27,26.5
2955,26,27,26.5
2955,26,27,26.5
2955,26,27,26.5
2955,26,27,26.5
2955,25,27,26.0
2955,25,27,26.0
2955,25,27,26.0
2955,25,27,26.0
2955,25,27,26.0
2955,25,27,26.0
2955,25,27,26.0
2955,25,27,26.0
2955,25,27,26.0
2955,25,27,26.0
2955,25,27,26.0
2955,25,27,26.0
2955,25,27,26.0
2955,25,27,26.0
2955,25,27,26.0
2955,25,27,26.0
2955,25,27,26.0
2955,26,27,26.5
2955,26,27,26.5
2955,26,27,26.5
2955,26,27,26.5
2955,26,27,26.5
2955,26,27,26.5
2955,26,27,26.5
2955,26,27,26.5
2955,26,27,26.5
2955,26,27,26.5
2955,26,27,26.5
2955,25,27,26.0
2955,25,27,26.0
2955,25,27,26.0
2955,25,27,26.0
2955,25,27,26.0
2955,25,27,26.0
2955,25,27,26.0
2955,25,27,26.0
2955,25,27,26.0
2955,25,27,26.0
2955,24,27,25.5
2955,24,27,25.5
2955,24,27,25.5
2955,24,27,25.5
2955,24,27,25.5
2955,24,27,25.5
2955,24,27,25.5
2955,24,27,25.5
2955,24,27,25.5
2955,24,27,25.5
2955,24,27,25.5
2955,24,27,25.5
2955,24,27,25.5
2955,24,27,25.5
2955,24,27,25.5
2955,24,27,25.5
2955,23,27,25.0
2955,23,26,24.5
2955,23,26,24.5
2955,23,26,24.5
2955,23,26,24.5
2955,23,26,24.5
2955,23,26,24.5
2955,23,26,24.5
2955,23,26,24.5
2955,23,26,24.5
2955,23,26,24.5
2955,23,27,25.0
2955,23,27,25.0
2955,23,27,25.0
2955,23,27,25.0
2955,23,27,25.0
2955,23,27,25.0
2955,23,27,25.0
2955,23,27,25.0
2955,23,27,25.0
2955,23,27,25.0
2955,23,27,25.0
2955,23,27,25.0
2955,23,27,25.0
2955,23,27,25.0
2955,23,27,25.0
2955,23,27,25.0
2955,23,27,25.0
2955,23,27,25.0
2955,23,27,25.0
2955,23,27,25.0
2955,23,27,25.0
2955,23,27,25.0
2955,23,27,25.0
2955,23,27,25.0
2955,23,27,25.0
2955,23,27,25.0
2955,23,27,25.0
2955,23,27,25.0
2955,23,27,25.0
2955,23,27,25.0
2955,23,27,25.0
2955,23,27,25.0
2955,23,27,25.0
2956,23,27,25.0
2956,23,27,25.0
2956,23,27,25.0
2956,23,27,25.0
2956,23,27,25.0
2956,23,27,25.0
2956,23,27,25.0
2956,23,27,25.0
2956,23,27,25.0
2956,23,27,25.0
2956,23,27,25.0
2956,23,27,25.0
2956,23,27,25.0
2956,23,29,26.0
2956,23,29,26.0
2956,23,29,26.0
2956,23,29,26.0
2956,23,29,26.0
2956,23,29,26.0
2956,23,29,26.0
2956,23,29,26.0
2956,23,29,26.0
2956,23,29,26.0
2956,23,29,26.0
2956,23,29,26.0
2956,23,29,26.0
2956,23,29,26.0
2956,23,29,26.0
2956,23,29,26.0
2956,23,29,26.0
2956,23,29,26.0
2956,23,29,26.0
2956,23,29,26.0
2956,23,30,26.5
2956,23,30,26.5
2956,23,30,26.5
2956,23,30,26.5
2956,23,30,26.5
2956,23,30,26.5
2956,23,30,26.5
2956,23,30,26.5
2956,23,30,26.5
2956,23,30,26.5
2956,23,30,26.5
2956,23,30,26.5
2956,23,30,26.5
2956,23,30,26.5
2956,23,30,26.5
2956,23,30,26.5
2956,23,30,26.5
2956,23,30,26.5
2956,23,30,26.5
2956,23,30,26.5
2956,23,30,26.5
2956,23,30,26.5
2956,23,30,26.5
2956,23,30,26.5
2956,23,30,26.5
2956,23,30,26.5
2956,23,30,26.5
2956,23,30,26.5
2956,23,30,26.5
2956,23,30,26.5
2956,23,30,26.5
2956,23,30,26.5
2956,23,30,26.5
2956,23,30,26.5
2957,23,30,26.5
2957,23,29,26.0
2957,23,29,26.0
2957,23,29,26.0
2957,23,29,26.0
2957,23,29,26.0
2957,23,29,26.0
2957,23,29,26.0
2957,23,29,26.0
2957,23,29,26.0
2957,23,29,26.0
2957,23,29,26.0
2957,23,29,26.0
2957,23,29,26.0
2957,23,29,26.0
2957,23,29,26.0
2957,23,30,26.5
2957,23,30,26.5
2957,23,30,26.5
2957,23,30,26.5
2957,23,30,26.5
2957,23,30,26.5
2957,23,30,26.5
2957,23,30,26.5
2957,23,30,26.5
2957,23,30,26.5
2957,23,30,26.5
2957,23,30,26.5
2957,23,30,26.5
2957,23,30,26.5
2957,23,30,26.5
2957,23,30,26.5
2957,23,30,26.5
2957,23,30,26.5
2957,23,30,26.5
2957,23,30,26.5
2957,23,30,26.5
2957,23,30,26.5
2957,23,30,26.5
2957,23,30,26.5
2957,23,30,26.5
2957,23,30,26.5
2957,23,30,26.5
2957,23,30,26.5
2957,23,30,26.5
2957,23,30,26.5
2957,23,30,26.5
2957,23,30,26.5
2957,23,30,26.5
2957,23,30,26.5
2957,23,30,26.5
2957,23,30,26.5
2957,23,30,26.5
2957,23,30,26.5
2957,23,29,26.0
2957,23,29,26.0
2957,23,29,26.0
2957,23,29,26.0
2957,23,29,26.0
2957,23,29,26.0
2957,23,29,26.0
2957,23,29,26.0
2957,23,29,26.0
2957,23,29,26.0
2957,23,29,26.0
2958,23,29,26.0
2958,23,29,26.0
2958,23,29,26.0
2958,23,29,26.0
2958,23,29,26.0
2958,23,30,26.5
2958,23,30,26.5
2958,23,30,26.5
2958,23,30,26.5
2958,23,30,26.5
2958,23,30,26.5
2958,23,30,26.5
2958,23,30,26.5
2958,23,30,26.5
2958,23,30,26.5
2958,23,30,26.5
2958,23,30,26.5
2958,23,30,26.5
2958,23,30,26.5
2958,23,30,26.5
2958,23,30,26.5
2958,23,30,26.5
2958,23,30,26.5
2958,23,29,26.0
2958,23,29,26.0
2958,23,29,26.0
2958,23,29,26.0
2958,23,29,26.0
2958,23,29,26.0
2958,23,29,26.0
2958,23,29,26.0
2958,23,29,26.0
2958,23,29,26.0
2958,23,29,26.0
2958,23,29,26.0
2958,23,29,26.0
2958,23,29,26.0
2958,23,29,26.0
2958,23,29,26.0
2958,23,29,26.0
2958,23,29,26.0
2958,23,29,26.0
2958,23,29,26.0
2958,23,29,26.0
2958,23,29,26.0
2958,23,29,26.0
2958,23,29,26.0
2958,23,29,26.0
2958,23,29,26.0
2958,23,29,26.0
2958,23,29,26.0
2958,23,29,26.0
2958,23,29,26.0
2958,23,29,26.0
2958,23,29,26.0
2958,23,29,26.0
2958,23,29,26.0
2958,23,29,26.0
2958,23,29,26.0
2958,23,29,26.0
2958,23,29,26.0
2958,23,29,26.0
2958,23,29,26.0
2958,23,29,26.0
2958,23,29,26.0
2958,23,29,26.0
2958,23,29,26.0
2958,23,29,26.0
2958,23,29,26.0
2958,23,29,26.0
2958,23,29,26.0
2958,23,29,26.0
2958,23,29,26.0
2958,23,30,26.5
2958,23,30,26.5
2958,23,30,26.5
2958,23,30,26.5
2958,23,30,26.5
2958,23,30,26.5
2958,23,30,26.5
2958,23,29,26.0
2958,23,29,26.0
2958,23,29,26.0
2958,23,29,26.0
2958,23,29,26.0
2959,23,29,26.0
2959,23,29,26.0
2959,23,29,26.0
2959,23,29,26.0
2959,23,29,26.0
2959,23,29,26.0
2959,23,29,26.0
2959,23,29,26.0
2959,23,29,26.0
2959,23,29,26.0
2959,23,29,26.0
2959,23,29,26.0
2959,23,29,26.0
2959,23,29,26.0
2959,23,30,26.5
2959,23,30,26.5
2959,23,30,26.5
2959,23,30,26.5
2959,23,30,26.5
2959,23,30,26.5
2959,23,30,26.5
2959,23,30,26.5
2959,23,30,26.5
2959,23,30,26.5
2959,23,30,26.5
2959,23,30,26.5
2959,23,30,26.5
2959,23,30,26.5
2959,23,30,26.5
2959,23,30,26.5
2959,23,30,26.5
2959,23,30,26.5
2959,23,30,26.5
2959,23,30,26.5
2960,23,30,26.5
2960,23,30,26.5
2960,23,30,26.5
2960,23,30,26.5
2960,23,30,26.5
2960,23,30,26.5
2960,23,30,26.5
2960,23,30,26.5
2960,23,30,26.5
2961,23,30,26.5
2961,23,30,26.5
2961,23,30,26.5
2961,23,30,26.5
2961,23,30,26.5
2961,23,30,26.5
2961,23,30,26.5
2962,23,30,26.5
2962,23,30,26.5
2962,23,30,26.5
2962,23,30,26.5
2963,23,30,26.5
2963,23,30,26.5
2963,23,30,26.5
2963,23,30,26.5
2963,23,30,26.5
2963,23,30,26.5
2963,23,30,26.5
2963,23,30,26.5
2963,23,30,26.5
2963,23,30,26.5
2963,23,30,26.5
2963,23,30,26.5
2963,23,30,26.5
2963,23,30,26.5
2963,23,30,26.5
2963,23,30,26.5
2963,21,30,25.5
2963,21,30,25.5
2963,21,30,25.5
2963,21,30,25.5
2963,21,30,25.5
2963,21,30,25.5
2963,21,30,25.5
2963,22,30,26.0
2963,22,30,26.0
2963,22,30,26.0
2963,22,30,26.0
2963,22,30,26.0
2963,22,30,26.0
2963,22,30,26.0
2963,22,30,26.0
2963,22,30,26.0
2963,22,30,26.0
2963,22,30,26.0
2963,22,30,26.0
2963,22,30,26.0
2963,22,30,26.0
2963,22,30,26.0
2964,22,30,26.0
2964,22,30,26.0
2964,22,30,26.0
2964,22,30,26.0
2964,22,30,26.0
2964,22,30,26.0
2964,22,30,26.0
2965,22,30,26.0
2965,22,30,26.0
2965,22,30,26.0
2965,22,30,26.0
2965,22,30,26.0
2965,22,30,26.0
2965,22,30,26.0
2965,22,30,26.0
2965,22,30,26.0
2965,22,30,26.0
2966,22,30,26.0
2966,22,30,26.0
2966,22,30,26.0
2966,22,30,26.0
2967,22,30,26.0
2967,22,30,26.0
2968,22,30,26.0
2968,22,30,26.0
2968,22,30,26.0
2968,22,30,26.0
2968,22,30,26.0
2968,22,30,26.0
2968,22,30,26.0
2968,22,30,26.0
2968,22,30,26.0
2968,22,30,26.0
2968,25,30,27.5
2968,25,30,27.5
2968,25,30,27.5
2968,25,30,27.5
2968,25,30,27.5
2968,25,30,27.5
2968,25,30,27.5
2968,25,30,27.5
2968,25,30,27.5
2968,25,30,27.5
2968,25,30,27.5
2968,25,30,27.5
2968,25,30,27.5
2968,25,30,27.5
2968,25,30,27.5
2969,25,29,27.0
2969,25,29,27.0
2969,25,30,27.5
2969,25,30,27.5
2969,25,30,27.5
2969,25,30,27.5
2969,25,30,27.5
2969,25,29,27.0
2969,25,29,27.0
2969,25,29,27.0
2969,25,29,27.0
2969,25,29,27.0
2969,25,31,28.0
2969,25,29,27.0
2969,25,29,27.0
2969,25,29,27.0
2969,25,29,27.0
2969,25,29,27.0
2969,25,29,27.0
2969,25,29,27.0
2969,25,29,27.0
2969,25,29,27.0
2969,25,29,27.0
2969,25,29,27.0
2969,25,29,27.0
2969,25,29,27.0
2969,25,29,27.0
2969,25,29,27.0
2969,25,29,27.0
2970,25,29,27.0
2970,25,29,27.0
2970,25,29,27.0
2970,25,29,27.0
2970,25,29,27.0
2970,25,29,27.0
2970,25,29,27.0
2970,25,29,27.0
2970,25,29,27.0
2970,25,29,27.0
2970,25,29,27.0
2970,25,29,27.0
2970,25,29,27.0
2970,25,29,27.0
2970,25,29,27.0
2970,25,31,28.0
2970,25,31,28.0
2970,25,31,28.0
2970,25,31,28.0
2970,25,31,28.0
2970,25,31,28.0
2970,25,31,28.0
2970,25,31,28.0
2970,25,32,28.5
2970,25,32,28.5
2970,25,31,28.0
2970,25,31,28.0
2970,25,32,28.5
2970,25,32,28.5
2970,25,32,28.5
2970,25,32,28.5
2970,25,32,28.5
2970,25,32,28.5
2970,25,32,28.5
2970,25,31,28.0
2970,25,31,28.0
2970,25,31,28.0
2970,25,31,28.0
2970,25,31,28.0
2970,25,31,28.0
2970,25,31,28.0
2970,25,31,28.0
2970,25,31,28.0
2970,25,31,28.0
2970,25,31,28.0
2970,25,31,28.0
2970,25,31,28.0
2971,25,30,27.5
2971,25,30,27.5
2971,25,30,27.5
2971,25,30,27.5
2971,25,30,27.5
2971,25,30,27.5
2971,25,30,27.5
2971,25,30,27.5
2971,25,30,27.5
2971,25,30,27.5
2971,25,30,27.5
2971,25,30,27.5
2971,25,30,27.5
2971,25,30,27.5
2971,25,30,27.5
2971,25,30,27.5
2971,25,30,27.5
2971,25,30,27.5
2972,25,30,27.5
2972,25,30,27.5
2972,25,30,27.5
2973,25,30,27.5
2973,25,30,27.5
2973,25,30,27.5
2973,25,30,27.5
2973,25,30,27.5
2973,25,30,27.5
2973,25,30,27.5
2973,25,30,27.5
2973,25,30,27.5
2973,25,30,27.5
2973,25,30,27.5
2973,25,30,27.5
2973,25,30,27.5
2973,25,30,27.5
2974,25,30,27.5
2974,25,30,27.5
2974,25,30,27.5
2974,25,30,27.5
2974,25,30,27.5
2974,25,30,27.5
2974,25,30,27.5
2974,25,30,27.5
2974,25,30,27.5
2974,25,30,27.5
2974,25,30,27.5
2974,25,30,27.5
2974,25,30,27.5
2974,25,30,27.5
2974,25,30,27.5
2975,25,30,27.5
2975,25,30,27.5
2975,25,30,27.5
2975,25,30,27.5
2975,25,30,27.5
2975,25,30,27.5
2975,25,30,27.5
2975,25,30,27.5
2975,25,30,27.5
2976,25,30,27.5
2976,25,30,27.5
2976,25,30,27.5
2976,25,30,27.5
2976,25,30,27.5
2976,25,31,28.0
2976,25,31,28.0
2976,25,31,28.0
2976,25,31,28.0
2976,25,31,28.0
2976,25,31,28.0
2976,25,31,28.0
2976,25,31,28.0
2977,25,31,28.0
2977,25,31,28.0
2977,25,31,28.0
2977,25,31,28.0
2977,25,31,28.0
2977,25,31,28.0
2978,25,31,28.0
2978,25,31,28.0
2978,25,31,28.0
2979,25,31,28.0
2979,25,31,28.0
2979,25,31,28.0
2979,25,31,28.0
2980,25,31,28.0
2980,25,31,28.0
2980,25,31,28.0
2980,25,31,28.0
2980,25,31,28.0
2980,25,31,28.0
2981,25,31,28.0
2981,25,31,28.0
2981,25,31,28.0
2981,25,31,28.0
2981,25,31,28.0
2981,25,31,28.0
2982,25,31,28.0
2982,25,31,28.0
2982,25,31,28.0
2982,25,31,28.0
2982,25,31,28.0
2982,25,31,28.0
2982,25,31,28.0
2982,25,31,28.0
2982,25,31,28.0
2982,25,31,28.0
2982,25,31,28.0
2982,25,31,28.0
2982,25,31,28.0
2982,25,31,28.0
2982,25,31,28.0
2982,25,31,28.0
2982,25,30,27.5
2982,25,30,27.5
2982,25,30,27.5
2982,25,30,27.5
2982,25,30,27.5
2982,25,30,27.5
2982,25,30,27.5
2982,25,30,27.5
2982,25,30,27.5
2982,25,30,27.5
2982,25,30,27.5
2982,25,30,27.5
2982,25,30,27.5
2982,25,30,27.5
2982,25,30,27.5
2982,25,30,27.5
2982,25,30,27.5
2982,25,30,27.5
2982,25,30,27.5
2982,25,30,27.5
2982,25,30,27.5
2982,25,30,27.5
2982,25,30,27.5
2982,25,30,27.5
2982,25,30,27.5
2982,25,30,27.5
2982,25,30,27.5
2982,25,31,28.0
2983,25,31,28.0
2983,25,31,28.0
2983,25,30,27.5
2983,25,30,27.5
2983,25,30,27.5
2983,25,30,27.5
2983,25,30,27.5
2983,25,30,27.5
2983,25,30,27.5
2983,25,29,27.0
2983,25,28,26.5
2983,25,28,26.5
2983,25,28,26.5
2983,25,28,26.5
2983,25,28,26.5
2983,25,28,26.5
2983,25,28,26.5
2983,25,28,26.5
2983,25,28,26.5
2983,25,28,26.5
2983,25,28,26.5
2983,25,28,26.5
2983,25,28,26.5
2983,25,28,26.5
2983,25,28,26.5
2983,25,28,26.5
2983,25,28,26.5
2983,25,28,26.5
2983,25,28,26.5
2983,25,28,26.5
2983,25,28,26.5
2983,25,27,26.0
2983,25,27,26.0
2983,25,27,26.0
2983,25,27,26.0
2983,25,27,26.0
2983,25,27,26.0
2983,25,27,26.0
2983,25,27,26.0
2983,25,26,25.5
2983,25,26,25.5
2983,25,26,25.5
2983,25,26,25.5
2983,25,26,25.5
2983,25,26,25.5
2983,25,26,25.5
2983,25,26,25.5
2983,25,26,25.5
2983,25,26,25.5
2983,25,26,25.5
2983,25,26,25.5
2983,25,26,25.5
2983,25,26,25.5
2983,25,26,25.5
2983,25,26,25.5
2983,25,26,25.5
2983,25,26,25.5
2983,25,26,25.5
2983,25,26,25.5
2983,25,26,25.5
2983,25,26,25.5
2983,25,26,25.5
2983,25,26,25.5
2983,25,26,25.5
2983,25,26,25.5
2983,25,26,25.5
2983,25,26,25.5
2983,25,26,25.5
2983,25,26,25.5
2983,25,26,25.5
2983,25,26,25.5
2983,25,26,25.5
2983,25,26,25.5
2983,25,26,25.5
2983,25,26,25.5
2983,25,26,25.5
2983,25,26,25.5
2983,25,26,25.5
2983,25,26,25.5
2983,25,26,25.5
2983,25,26,25.5
2983,25,26,25.5
2983,25,26,25.5
2983,25,26,25.5
2983,25,26,25.5
2983,25,26,25.5
2984,25,26,25.5
2984,25,26,25.5
2984,25,26,25.5
2984,25,26,25.5
2984,25,26,25.5
2984,25,26,25.5
2984,25,26,25.5
2984,25,26,25.5
2984,25,26,25.5
2984,25,26,25.5
2984,25,26,25.5
2984,25,26,25.5
2984,25,26,25.5
2984,25,26,25.5
2984,25,26,25.5
2984,25,26,25.5
2984,25,26,25.5
2984,25,26,25.5
2984,25,26,25.5
2984,25,26,25.5
2984,25,26,25.5
2984,25,26,25.5
2984,25,26,25.5
2984,25,26,25.5
2984,25,26,25.5
2984,25,26,25.5
2984,25,26,25.5
2984,25,26,25.5
2984,25,26,25.5
2984,25,26,25.5
2985,25,26,25.5
2985,25,26,25.5
2985,25,26,25.5
2985,25,26,25.5
2985,25,26,25.5
2985,25,26,25.5
2985,25,26,25.5
2985,25,26,25.5
2985,25,26,25.5
2985,25,26,25.5
2985,25,26,25.5
2985,25,26,25.5
2985,25,26,25.5
2985,25,26,25.5
2985,25,26,25.5
2985,25,26,25.5
2985,25,26,25.5
2985,25,26,25.5
2985,25,26,25.5
2986,25,26,25.5
2986,25,26,25.5
2986,25,26,25.5
2986,25,26,25.5
2986,25,26,25.5
2986,25,26,25.5
2986,25,26,25.5
2986,25,26,25.5
2986,25,26,25.5
2986,25,26,25.5
2986,25,26,25.5
2986,25,26,25.5
2986,25,26,25.5
2986,25,26,25.5
2986,25,26,25.5
2987,25,26,25.5
2987,25,26,25.5
2987,25,26,25.5
2987,25,26,25.5
2987,25,26,25.5
2987,25,26,25.5
2987,25,26,25.5
2987,25,26,25.5
2987,25,26,25.5
2987,25,26,25.5
2987,25,26,25.5
2987,25,26,25.5
2987,25,26,25.5
2987,25,26,25.5
2987,25,26,25.5
2987,25,26,25.5
2987,25,26,25.5
2987,25,26,25.5
2987,25,26,25.5
2987,25,26,25.5
2987,25,26,25.5
2987,25,26,25.5
2987,25,26,25.5
2987,25,26,25.5
2988,25,26,25.5
2988,25,26,25.5
2988,25,26,25.5
2988,25,26,25.5
2988,25,26,25.5
2988,25,26,25.5
2988,25,26,25.5
2988,25,26,25.5
2988,25,26,25.5
2988,25,26,25.5
2988,25,26,25.5
2988,25,26,25.5
2988,25,26,25.5
2988,25,26,25.5
2988,25,26,25.5
2988,25,26,25.5
2988,25,26,25.5
2988,25,26,25.5
2988,25,26,25.5
2988,25,26,25.5
2989,25,26,25.5
2989,25,26,25.5
2989,25,26,25.5
2990,25,26,25.5
2990,25,26,25.5
2990,25,26,25.5
2990,25,26,25.5
2990,25,26,25.5
2990,25,26,25.5
2990,25,26,25.5
2990,25,26,25.5
2990,25,26,25.5
2991,24,26,25.0
2991,24,25,24.5
2991,24,25,24.5
2991,24,25,24.5
2991,24,25,24.5
2991,24,25,24.5
2991,24,25,24.5
2991,24,25,24.5
2991,24,25,24.5
2991,24,25,24.5
2991,24,25,24.5
2991,24,25,24.5
2991,24,25,24.5
2991,24,25,24.5
2991,24,25,24.5
2991,24,25,24.5
2991,24,25,24.5
2991,24,25,24.5
2991,24,25,24.5
2991,24,25,24.5
2991,24,25,24.5
2991,24,25,24.5
2991,24,25,24.5
2991,24,25,24.5
2991,24,25,24.5
2991,24,25,24.5
2991,24,25,24.5
2991,24,25,24.5
2991,24,25,24.5
2991,24,25,24.5
2991,24,25,24.5
2991,24,25,24.5
2991,24,25,24.5
2991,24,25,24.5
2991,24,25,24.5
2991,24,25,24.5
2991,24,25,24.5
2991,22,25,23.5
2991,23,25,24.0
2991,23,24,23.5
2991,23,24,23.5
2991,23,24,23.5
2991,23,24,23.5
2991,23,24,23.5
2991,23,24,23.5
2991,23,24,23.5
2991,23,24,23.5
2991,23,24,23.5
2991,23,24,23.5
2991,23,24,23.5
2991,23,24,23.5
2991,23,24,23.5
2991,23,24,23.5
2991,23,24,23.5
2991,23,24,23.5
2991,23,24,23.5
2991,23,24,23.5
2991,23,24,23.5
2991,23,24,23.5
2991,23,24,23.5
2992,23,24,23.5
2992,23,24,23.5
2992,23,24,23.5
2992,23,24,23.5
2992,23,24,23.5
2992,23,24,23.5
2992,23,24,23.5
2992,23,24,23.5
2992,23,24,23.5
2992,23,24,23.5
2992,23,24,23.5
2992,23,24,23.5
2992,23,24,23.5
2992,23,24,23.5
2992,23,24,23.5
2992,23,24,23.5
2992,23,24,23.5
2992,23,24,23.5
2992,23,24,23.5
2993,23,24,23.5
2993,23,24,23.5
2993,22,24,23.0
2993,22,24,23.0
2993,22,24,23.0
2993,22,24,23.0
2993,22,24,23.0
2993,22,24,23.0
2993,22,24,23.0
2993,22,24,23.0
2993,22,24,23.0
2993,22,24,23.0
2993,22,24,23.0
2993,22,24,23.0
2993,22,24,23.0
2993,22,24,23.0
2993,22,24,23.0
2993,22,24,23.0
2993,22,24,23.0
2993,22,24,23.0
2993,22,24,23.0
2994,22,24,23.0
2994,22,24,23.0
2994,22,24,23.0
2994,22,24,23.0
2994,22,24,23.0
2994,22,24,23.0
2995,22,24,23.0
2995,22,24,23.0
2995,22,24,23.0
2995,22,24,23.0
2995,22,24,23.0
2995,22,24,23.0
2995,22,24,23.0
2995,22,24,23.0
2996,22,24,23.0
2996,22,24,23.0
2996,22,24,23.0
2996,22,24,23.0
2996,22,24,23.0
2996,22,24,23.0
2996,22,24,23.0
2996,22,24,23.0
2996,22,24,23.0
2996,22,24,23.0
2996,22,24,23.0
2996,22,24,23.0
2996,22,24,23.0
2997,22,24,23.0
2997,22,24,23.0
2998,22,24,23.0
2998,22,24,23.0
2998,22,24,23.0
2998,22,24,23.0
2998,22,24,23.0
2998,22,24,23.0
2998,22,24,23.0
2998,22,24,23.0
3000,22,24,23.0
3000,22,24,23.0
3000,22,24,23.0
3000,22,24,23.0
3000,22,24,23.0
3000,22,24,23.0
3000,22,24,23.0
3000,22,24,23.0
3000,22,24,23.0
3000,22,24,23.0
3000,22,24,23.0
3000,22,24,23.0
3000,22,24,23.0
3001,22,24,23.0
3001,22,24,23.0
3001,22,24,23.0
3001,22,24,23.0
3001,22,24,23.0
3003,22,24,23.0
3003,22,24,23.0
3003,22,24,23.0
3003,22,24,23.0
3003,22,24,23.0
3003,22,24,23.0
3003,22,24,23.0
3003,22,24,23.0
3003,22,24,23.0
3003,22,24,23.0
3005,22,24,23.0
3005,22,24,23.0
3005,22,24,23.0
3005,22,24,23.0
3005,22,24,23.0
3005,22,24,23.0
3005,22,24,23.0
3005,22,24,23.0
3005,22,24,23.0
3005,22,24,23.0
3005,22,24,23.0
3005,22,24,23.0
3005,22,24,23.0
3005,22,24,23.0
3005,22,24,23.0
3005,22,24,23.0
3005,22,24,23.0
3005,22,24,23.0
3005,22,24,23.0
3005,22,24,23.0
3005,22,24,23.0
3005,22,24,23.0
3005,22,24,23.0
3005,22,24,23.0
3005,22,24,23.0
3005,22,24,23.0
3006,22,24,23.0
3006,22,24,23.0
3006,22,24,23.0
3006,22,24,23.0
3006,22,24,23.0
3006,22,24,23.0
3006,22,24,23.0
3006,22,24,23.0
3006,22,24,23.0
3006,22,24,23.0
3006,21,24,22.5
3006,21,24,22.5
3006,21,24,22.5
3006,21,24,22.5
3006,21,24,22.5
3006,21,24,22.5
3006,21,24,22.5
3006,21,24,22.5
3006,21,24,22.5
3006,21,24,22.5
3006,21,24,22.5
3006,21,24,22.5
3006,20,24,22.0
3006,20,24,22.0
3006,20,24,22.0
3006,20,24,22.0
3006,20,24,22.0
3006,20,24,22.0
3006,20,24,22.0
3006,20,24,22.0
3006,20,24,22.0
3006,20,24,22.0
3006,20,24,22.0
3006,20,24,22.0
3006,20,24,22.0
3006,20,24,22.0
3006,20,26,23.0
3006,20,26,23.0
3006,20,26,23.0
3006,20,26,23.0
3006,20,26,23.0
3006,20,26,23.0
3006,20,26,23.0
3006,20,26,23.0
3006,20,26,23.0
3006,21,26,23.5
3006,21,26,23.5
3006,21,26,23.5
3006,21,26,23.5
3006,21,25,23.0
3006,21,25,23.0
3006,21,25,23.0
3006,21,25,23.0
3006,21,25,23.0
3006,20,25,22.5
3006,20,25,22.5
3006,20,25,22.5
3006,20,25,22.5
3006,20,25,22.5
3006,20,25,22.5
3006,20,25,22.5
3006,20,25,22.5
3006,20,25,22.5
3006,20,25,22.5
3006,20,25,22.5
3006,20,25,22.5
3006,20,25,22.5
3006,20,25,22.5
3006,20,25,22.5
3006,20,25,22.5
3006,20,25,22.5
3006,20,25,22.5
3006,20,25,22.5
3006,20,25,22.5
3006,20,25,22.5
3006,20,25,22.5
3006,20,25,22.5
3006,20,25,22.5
3006,20,25,22.5
3006,20,26,23.0
3006,20,26,23.0
3006,20,26,23.0
3006,20,25,22.5
3006,20,25,22.5
3006,20,25,22.5
3006,20,25,22.5
3006,20,25,22.5
3006,20,26,23.0
3006,21,26,23.5
3006,21,26,23.5
3006,21,26,23.5
3006,21,26,23.5
3006,21,26,23.5
3006,21,26,23.5
3006,21,26,23.5
3006,21,26,23.5
3006,21,26,23.5
3006,20,26,23.0
3006,21,26,23.5
3006,21,26,23.5
3006,21,26,23.5
3006,21,26,23.5
3006,21,26,23.5
3006,21,26,23.5
3006,21,26,23.5
3006,21,26,23.5
3006,21,26,23.5
3006,21,26,23.5
3006,21,26,23.5
3006,21,26,23.5
3007,21,26,23.5
3007,21,26,23.5
3007,21,26,23.5
3007,21,26,23.5
3007,21,26,23.5
3007,21,26,23.5
3007,21,26,23.5
3007,21,26,23.5
3007,21,26,23.5
3007,21,26,23.5
3007,21,26,23.5
3007,21,26,23.5
3007,21,26,23.5
3007,21,26,23.5
3007,21,25,23.0
3007,21,25,23.0
3007,21,25,23.0
3007,21,25,23.0
3007,21,25,23.0
3007,21,25,23.0
3007,22,25,23.5
3007,22,25,23.5
3007,22,25,23.5
3007,22,25,23.5
3007,22,25,23.5
3007,22,25,23.5
3007,22,25,23.5
3007,22,25,23.5
3007,22,25,23.5
3007,22,25,23.5
3007,22,25,23.5
3007,22,25,23.5
3007,22,25,23.5
3007,22,25,23.5
3007,22,25,23.5
3007,22,25,23.5
3007,22,25,23.5
3007,22,25,23.5
3007,22,25,23.5
3007,22,25,23.5
3007,22,25,23.5
3007,22,25,23.5
3007,22,25,23.5
3007,22,25,23.5
3007,22,25,23.5
3007,22,25,23.5
3007,22,25,23.5
3007,22,25,23.5
3007,22,25,23.5
3007,22,25,23.5
3007,22,25,23.5
3007,22,25,23.5
3007,22,25,23.5
3007,22,25,23.5
3007,22,25,23.5
3007,22,25,23.5
3007,22,25,23.5
3007,22,25,23.5
3007,22,25,23.5
3007,22,24,23.0
3007,22,24,23.0
3007,22,24,23.0
3007,22,24,23.0
3007,22,24,23.0
3007,22,24,23.0
3007,22,24,23.0
3007,22,26,24.0
3007,22,26,24.0
3007,22,26,24.0
3007,22,26,24.0
3008,22,26,24.0
3008,22,26,24.0
3008,22,26,24.0
3008,22,26,24.0
3008,22,25,23.5
3008,22,25,23.5
3008,22,25,23.5
3008,22,25,23.5
3008,22,25,23.5
3008,22,25,23.5
3008,22,25,23.5
3008,22,25,23.5
3008,22,25,23.5
3008,22,25,23.5
3008,22,25,23.5
3008,22,25,23.5
3008,22,25,23.5
3008,22,25,23.5
3008,22,25,23.5
3008,22,25,23.5
3008,22,25,23.5
3008,22,25,23.5
3008,22,25,23.5
3008,22,25,23.5
3008,22,25,23.5
3008,22,25,23.5
3008,22,25,23.5
3008,22,25,23.5
3008,22,25,23.5
3008,22,25,23.5
3008,22,25,23.5
3008,22,25,23.5
3008,22,25,23.5
3008,22,25,23.5
3008,22,25,23.5
3008,22,25,23.5
3008,22,25,23.5
3008,22,25,23.5
3008,22,25,23.5
3008,22,25,23.5
3008,22,25,23.5
3008,22,25,23.5
3008,22,25,23.5
3008,21,25,23.0
3008,21,25,23.0
3008,21,25,23.0
3008,21,25,23.0
3008,22,25,23.5
3008,22,25,23.5
3008,22,25,23.5
3008,22,25,23.5
3008,22,25,23.5
3008,22,25,23.5
3008,22,25,23.5
3008,22,25,23.5
3008,22,25,23.5
3008,22,25,23.5
3008,22,25,23.5
3008,22,25,23.5
3009,22,25,23.5
3009,22,25,23.5
3009,22,25,23.5
3009,22,25,23.5
3009,22,25,23.5
3009,22,25,23.5
3009,22,25,23.5
3009,22,25,23.5
3009,22,25,23.5
3009,22,25,23.5
3009,22,25,23.5
3009,22,25,23.5
3009,22,25,23.5
3009,22,25,23.5
3009,22,25,23.5
3010,22,25,23.5
3010,22,25,23.5
3010,22,25,23.5
3010,22,25,23.5
3010,22,25,23.5
3010,22,25,23.5
3010,22,25,23.5
3010,22,25,23.5
3010,22,25,23.5
3010,22,25,23.5
3010,22,25,23.5
3010,22,25,23.5
3010,22,25,23.5
3010,22,25,23.5
3010,22,25,23.5
3010,22,25,23.5
3010,22,25,23.5
3010,22,25,23.5
3010,22,25,23.5
3010,22,25,23.5
3010,22,25,23.5
3010,22,25,23.5
3010,22,25,23.5
3010,22,25,23.5
3010,22,25,23.5
3010,22,25,23.5
3010,22,25,23.5
3010,22,25,23.5
3010,22,25,23.5
3010,22,25,23.5
3010,22,25,23.5
3010,22,25,23.5
3011,22,25,23.5
3011,22,25,23.5
3011,22,25,23.5
3011,22,27,24.5
3011,22,27,24.5
3011,22,27,24.5
3011,22,27,24.5
3011,22,27,24.5
3011,22,27,24.5
3011,22,27,24.5
3011,22,27,24.5
3011,22,27,24.5
3011,22,26,24.0
3011,22,26,24.0
3011,22,26,24.0
3011,22,26,24.0
3011,22,26,24.0
3011,22,26,24.0
3011,22,26,24.0
3011,22,26,24.0
3011,22,26,24.0
3011,22,26,24.0
3011,22,26,24.0
3011,22,26,24.0
3011,22,26,24.0
3011,22,26,24.0
3011,22,26,24.0
3011,22,26,24.0
3011,22,26,24.0
3011,22,26,24.0
3011,22,26,24.0
3011,22,26,24.0
3011,22,26,24.0
3011,22,26,24.0
3011,22,26,24.0
3011,22,26,24.0
3011,22,26,24.0
3011,22,26,24.0
3011,22,26,24.0
3011,22,26,24.0
3011,22,26,24.0
3011,22,26,24.0
3011,22,26,24.0
3011,22,26,24.0
3011,22,26,24.0
3011,22,26,24.0
3011,22,26,24.0
3011,22,26,24.0
3011,22,26,24.0
3011,22,26,24.0
3011,22,26,24.0
3011,22,26,24.0
3011,22,26,24.0
3011,22,26,24.0
3011,22,26,24.0
3012,22,26,24.0
3012,22,26,24.0
3012,22,26,24.0
3012,22,26,24.0
3012,22,26,24.0
3012,22,26,24.0
3012,22,26,24.0
3012,22,26,24.0
3012,22,26,24.0
3012,22,26,24.0
3012,22,26,24.0
3012,22,26,24.0
3012,22,26,24.0
3012,22,26,24.0
3012,22,27,24.5
3012,22,27,24.5
3012,22,27,24.5
3012,22,27,24.5
3012,22,27,24.5
3012,22,27,24.5
3012,22,27,24.5
3012,22,27,24.5
3012,22,27,24.5
3013,22,27,24.5
3013,22,27,24.5
3013,22,27,24.5
3013,22,27,24.5
3013,22,27,24.5
3013,21,27,24.0
3013,21,27,24.0
3013,21,27,24.0
3013,21,27,24.0
3013,21,27,24.0
3013,21,27,24.0
3013,21,27,24.0
3013,21,27,24.0
3013,21,27,24.0
3013,21,27,24.0
3013,21,27,24.0
3013,21,27,24.0
3013,21,27,24.0
3013,21,27,24.0
3013,21,27,24.0
3013,21,27,24.0
3013,21,27,24.0
3013,21,27,24.0
3013,21,27,24.0
3013,21,27,24.0
3013,21,27,24.0
3013,21,27,24.0
3013,21,27,24.0
3013,21,27,24.0
3013,21,27,24.0
3013,21,27,24.0
3013,21,27,24.0
3013,21,27,24.0
3013,21,27,24.0
3013,21,27,24.0
3013,21,27,24.0
3013,21,27,24.0
3013,21,27,24.0
3013,21,27,24.0
3013,21,27,24.0
3013,21,27,24.0
3013,21,27,24.0
3013,21,27,24.0
3013,21,27,24.0
3013,21,27,24.0
3013,21,27,24.0
3013,21,27,24.0
3013,21,27,24.0
3013,21,27,24.0
3013,21,27,24.0
3013,21,27,24.0
3013,21,27,24.0
3013,21,27,24.0
3014,21,27,24.0
3014,21,27,24.0
3014,21,27,24.0
3014,22,27,24.5
3014,22,27,24.5
3014,22,27,24.5
3014,22,27,24.5
3014,22,27,24.5
3014,22,27,24.5
3014,22,27,24.5
3014,22,27,24.5
3014,22,27,24.5
3014,22,27,24.5
3014,22,27,24.5
3014,22,27,24.5
3014,22,27,24.5
3014,22,27,24.5
3014,22,27,24.5
3014,22,27,24.5
3014,23,27,25.0
3014,23,27,25.0
3014,23,27,25.0
3014,23,27,25.0
3014,23,27,25.0
3014,23,27,25.0
3014,23,27,25.0
3014,23,27,25.0
3014,23,27,25.0
3014,23,27,25.0
3014,23,27,25.0
3014,23,27,25.0
3014,23,27,25.0
3014,23,27,25.0
3014,23,27,25.0
3014,23,27,25.0
3014,23,27,25.0
3014,23,27,25.0
3014,23,27,25.0
3014,23,27,25.0
3014,23,27,25.0
3014,23,27,25.0
3014,23,27,25.0
3014,23,27,25.0
3014,23,27,25.0
3014,23,27,25.0
3014,23,27,25.0
3014,23,27,25.0
3014,24,27,25.5
3014,24,27,25.5
3014,24,27,25.5
3014,24,27,25.5
3014,24,27,25.5
3014,24,27,25.5
3014,24,27,25.5
3014,24,27,25.5
3014,24,27,25.5
3014,24,27,25.5
3014,24,27,25.5
3014,24,27,25.5
3014,24,27,25.5
3014,24,27,25.5
3014,24,27,25.5
3014,24,27,25.5
3014,24,27,25.5
3015,24,27,25.5
3015,24,27,25.5
3015,24,27,25.5
3015,24,27,25.5
3015,24,27,25.5
3015,24,27,25.5
3015,24,27,25.5
3015,24,27,25.5
3015,24,27,25.5
3015,24,27,25.5
3015,24,27,25.5
3015,24,27,25.5
3015,24,27,25.5
3015,24,27,25.5
3015,24,27,25.5
3015,24,27,25.5
3015,24,27,25.5
3015,24,27,25.5
3015,24,27,25.5
3015,24,27,25.5
3015,24,27,25.5
3015,24,27,25.5
3015,24,27,25.5
3015,24,27,25.5
3015,24,27,25.5
3015,24,27,25.5
3015,24,27,25.5
3015,24,27,25.5
3015,24,27,25.5
3015,24,27,25.5
3016,24,27,25.5
3016,24,27,25.5
3016,24,27,25.5
3016,24,27,25.5
3016,24,27,25.5
3016,24,27,25.5
3016,24,27,25.5
3016,24,27,25.5
3016,24,27,25.5
3016,24,27,25.5
3016,24,27,25.5
3016,24,27,25.5
3016,24,27,25.5
3016,24,27,25.5
3016,24,27,25.5
3016,23,27,25.0
3016,23,27,25.0
3016,23,27,25.0
3016,23,27,25.0
3016,23,27,25.0
3016,22,27,24.5
3016,22,27,24.5
3016,22,27,24.5
3016,22,27,24.5
3016,22,27,24.5
3016,22,27,24.5
3016,22,27,24.5
3016,22,27,24.5
3016,22,27,24.5
3016,22,27,24.5
3016,22,27,24.5
3016,22,27,24.5
3016,22,27,24.5
3016,22,27,24.5
3016,22,27,24.5
3016,22,27,24.5
3016,22,27,24.5
3016,22,27,24.5
3016,22,27,24.5
3016,22,27,24.5
3016,22,27,24.5
3016,22,27,24.5
3016,22,27,24.5
3016,22,27,24.5
3016,22,27,24.5
3016,22,27,24.5
3016,22,27,24.5
3016,22,27,24.5
3016,22,27,24.5
3016,22,27,24.5
3016,22,27,24.5
3016,22,27,24.5
3016,22,27,24.5
3016,22,27,24.5
3016,22,27,24.5
3016,22,27,24.5
3016,22,27,24.5
3016,22,27,24.5
3016,22,27,24.5
3016,22,27,24.5
3016,22,27,24.5
3016,22,27,24.5
3016,22,27,24.5
3016,22,27,24.5
3016,22,27,24.5
3016,22,27,24.5
3016,22,27,24.5
3016,22,27,24.5
3016,22,27,24.5
3016,22,27,24.5
3016,22,27,24.5
3016,22,27,24.5
3016,22,27,24.5
3016,21,27,24.0
3016,21,27,24.0
3016,21,27,24.0
3016,21,27,24.0
3016,21,27,24.0
3016,21,27,24.0
3016,21,27,24.0
3016,21,27,24.0
3016,21,27,24.0
3016,21,27,24.0
3016,21,27,24.0
3016,21,27,24.0
3016,21,27,24.0
3017,21,27,24.0
3017,21,27,24.0
3017,21,27,24.0
3017,21,27,24.0
3017,21,27,24.0
3017,21,27,24.0
3017,21,27,24.0
3017,21,27,24.0
3017,21,27,24.0
3017,21,27,24.0
3017,21,27,24.0
3017,21,27,24.0
3017,21,27,24.0
3017,21,27,24.0
3017,21,27,24.0
3017,21,27,24.0
3017,21,27,24.0
3017,21,27,24.0
3017,21,27,24.0
3017,21,27,24.0
3017,21,27,24.0
3017,21,27,24.0
3017,21,27,24.0
3017,21,27,24.0
3017,21,27,24.0
3017,21,27,24.0
3017,21,27,24.0
3017,21,27,24.0
3017,21,27,24.0
3017,21,27,24.0
3017,21,27,24.0
3017,21,27,24.0
3017,21,27,24.0
3017,21,27,24.0
3017,21,27,24.0
3017,21,27,24.0
3017,21,27,24.0
3017,21,27,24.0
3017,21,27,24.0
3017,21,27,24.0
3017,21,27,24.0
3017,21,27,24.0
3017,21,27,24.0
3017,21,27,24.0
3018,21,27,24.0
3018,21,27,24.0
3018,21,27,24.0
3018,21,27,24.0
3018,21,27,24.0
3018,21,27,24.0
3018,21,27,24.0
3018,21,27,24.0
3018,21,27,24.0
3018,21,27,24.0
3018,21,27,24.0
3018,21,27,24.0
3018,21,27,24.0
3018,21,27,24.0
3018,21,27,24.0
3019,21,27,24.0
3019,21,27,24.0
3019,21,27,24.0
3019,21,27,24.0
3019,21,27,24.0
3019,21,27,24.0
3020,21,27,24.0
3020,21,27,24.0
3020,21,28,24.5
3020,21,30,25.5
3020,21,30,25.5
3020,21,30,25.5
3020,21,30,25.5
3020,21,30,25.5
3020,21,30,25.5
3020,21,29,25.0
3020,21,29,25.0
3020,21,29,25.0
3020,21,29,25.0
3020,21,29,25.0
3020,21,29,25.0
3020,21,29,25.0
3020,21,29,25.0
3020,21,29,25.0
3020,21,29,25.0
3020,21,29,25.0
3020,21,29,25.0
3020,21,29,25.0
3020,21,29,25.0
3020,21,29,25.0
3020,21,29,25.0
3020,21,29,25.0
3020,21,29,25.0
3020,21,29,25.0
3020,21,29,25.0
3020,21,29,25.0
3020,21,29,25.0
3020,21,29,25.0
3020,21,29,25.0
3020,21,28,24.5
3021,21,28,24.5
3021,21,28,24.5
3021,21,28,24.5
3021,21,28,24.5
3021,21,28,24.5
3021,21,28,24.5
3021,21,28,24.5
3021,21,30,25.5
3021,21,28,24.5
3021,21,28,24.5
3021,21,28,24.5
3021,21,28,24.5
3021,21,28,24.5
3021,21,28,24.5
3021,21,28,24.5
3021,21,28,24.5
3021,21,28,24.5
3021,21,28,24.5
3021,21,28,24.5
3021,21,28,24.5
3021,21,28,24.5
3021,21,28,24.5
3021,21,28,24.5
3021,21,27,24.0
3021,21,27,24.0
3021,21,27,24.0
3021,21,27,24.0
3021,21,27,24.0
3021,21,27,24.0
3021,21,27,24.0
3021,21,27,24.0
3021,21,27,24.0
3021,21,28,24.5
3021,21,28,24.5
3021,21,28,24.5
3021,21,28,24.5
3021,21,28,24.5
3021,21,28,24.5
3021,21,28,24.5
3021,21,28,24.5
3021,21,28,24.5
3021,21,28,24.5
3021,21,28,24.5
3021,21,28,24.5
3021,21,28,24.5
3021,21,28,24.5
3022,21,28,24.5
3022,21,28,24.5
3022,21,28,24.5
3022,21,28,24.5
3022,21,28,24.5
3022,21,28,24.5
3022,21,28,24.5
3022,21,28,24.5
3022,21,28,24.5
3022,21,27,24.0
3022,21,27,24.0
3022,21,27,24.0
3022,21,27,24.0
3022,21,27,24.0
3022,21,27,24.0
3022,21,27,24.0
3022,21,27,24.0
3022,21,27,24.0
3022,21,27,24.0
3022,21,27,24.0
3022,21,27,24.0
3022,21,27,24.0
3022,21,27,24.0
3022,21,27,24.0
3022,21,27,24.0
3022,21,27,24.0
3022,21,27,24.0
3022,21,27,24.0
3022,21,27,24.0
3022,21,27,24.0
3022,21,28,24.5
3022,21,28,24.5
3022,21,28,24.5
3022,21,28,24.5
3022,21,28,24.5
3023,21,28,24.5
3023,21,28,24.5
3023,21,28,24.5
3023,21,28,24.5
3023,21,28,24.5
3023,21,28,24.5
3023,21,28,24.5
3023,21,28,24.5
3023,21,28,24.5
3023,21,28,24.5
3023,21,28,24.5
3023,21,28,24.5
3023,21,28,24.5
3023,21,28,24.5
3023,21,28,24.5
3023,24,28,26.0
3023,24,28,26.0
3023,24,28,26.0
3023,24,28,26.0
3023,24,28,26.0
3023,24,28,26.0
3023,25,28,26.5
3023,25,28,26.5
3023,25,28,26.5
3023,25,28,26.5
3023,25,28,26.5
3023,25,28,26.5
3023,25,28,26.5
3023,25,28,26.5
3023,25,28,26.5
3023,25,28,26.5
3024,25,28,26.5
3024,25,28,26.5
3024,25,28,26.5
3024,25,28,26.5
3024,25,28,26.5
3024,25,28,26.5
3024,25,28,26.5
3024,25,28,26.5
3024,25,28,26.5
3024,25,28,26.5
3024,25,28,26.5
3024,25,28,26.5
3024,25,28,26.5
3024,25,28,26.5
3024,25,28,26.5
3024,25,28,26.5
3024,25,28,26.5
3024,25,28,26.5
3024,25,28,26.5
3024,25,28,26.5
3024,25,28,26.5
3024,25,28,26.5
3024,25,28,26.5
3024,25,28,26.5
3024,25,28,26.5
3024,25,28,26.5
3024,25,28,26.5
3024,25,28,26.5
3024,25,28,26.5
3024,25,28,26.5
3024,25,28,26.5
3024,25,28,26.5
3024,25,28,26.5
3024,25,28,26.5
3024,25,28,26.5
3024,25,28,26.5
3024,25,28,26.5
3024,25,28,26.5
3024,25,28,26.5
3024,26,28,27.0
3024,26,28,27.0
3024,26,28,27.0
3024,26,28,27.0
3024,26,28,27.0
3024,26,28,27.0
3024,26,28,27.0
3024,26,28,27.0
3024,26,28,27.0
3024,26,28,27.0
3024,26,28,27.0
3024,26,28,27.0
3024,26,28,27.0
3025,26,28,27.0
3025,26,28,27.0
3025,26,28,27.0
3025,26,28,27.0
3025,26,28,27.0
3025,26,28,27.0
3025,27,28,27.5
3025,27,28,27.5
3025,27,28,27.5
3025,27,28,27.5
3025,27,28,27.5
3025,27,28,27.5
3025,27,28,27.5
3025,27,28,27.5
3025,27,28,27.5
3025,27,28,27.5
3025,27,28,27.5
3025,27,28,27.5
3025,27,29,28.0
3025,27,29,28.0
3025,27,29,28.0
3025,27,29,28.0
3025,27,29,28.0
3025,27,29,28.0
3025,27,29,28.0
3025,27,29,28.0
3025,27,29,28.0
3025,27,29,28.0
3025,27,29,28.0
3025,27,29,28.0
3025,27,29,28.0
3025,27,29,28.0
3025,27,29,28.0
3025,27,29,28.0
3025,27,29,28.0
3025,27,29,28.0
3025,27,29,28.0
3025,27,29,28.0
3025,27,29,28.0
3025,27,29,28.0
3025,27,29,28.0
3025,27,29,28.0
3025,27,29,28.0
3025,27,29,28.0
3025,27,29,28.0
3025,27,29,28.0
3026,27,29,28.0
3026,27,29,28.0
3026,27,29,28.0
3026,27,29,28.0
3026,27,29,28.0
3026,27,29,28.0
3026,27,29,28.0
3026,27,29,28.0
3026,27,29,28.0
3026,27,29,28.0
3027,27,29,28.0
3027,27,29,28.0
3027,27,29,28.0
3027,27,29,28.0
3027,27,29,28.0
3027,27,29,28.0
3027,27,29,28.0
3027,27,29,28.0
3027,27,29,28.0
3027,27,29,28.0
3027,27,29,28.0
3027,27,29,28.0
3027,27,29,28.0
3027,27,29,28.0
3027,27,29,28.0
3027,27,29,28.0
3027,27,29,28.0
3027,27,29,28.0
3027,27,29,28.0
3027,27,29,28.0
3027,27,29,28.0
3028,27,29,28.0
3028,27,29,28.0
3028,27,29,28.0
3028,27,29,28.0
3028,27,29,28.0
3028,27,29,28.0
3028,27,29,28.0
3028,27,29,28.0
3028,27,29,28.0
3028,27,29,28.0
3029,27,29,28.0
3029,27,29,28.0
3029,27,29,28.0
3029,27,29,28.0
3029,27,29,28.0
3029,27,29,28.0
3029,27,29,28.0
3029,27,29,28.0
3029,27,29,28.0
3029,27,29,28.0
3029,27,29,28.0
3029,27,29,28.0
3029,27,29,28.0
3030,27,29,28.0
3030,27,29,28.0
3030,27,29,28.0
3030,27,29,28.0
3030,27,29,28.0
3030,27,29,28.0
3030,27,29,28.0
3030,27,29,28.0
3030,27,29,28.0
3030,27,29,28.0
3030,27,29,28.0
3031,27,29,28.0
3031,27,29,28.0
3031,27,29,28.0
3031,27,29,28.0
3031,27,29,28.0
3031,27,29,28.0
3031,27,29,28.0
3031,27,29,28.0
3031,27,29,28.0
3031,27,29,28.0
3031,27,29,28.0
3031,27,29,28.0
3031,27,29,28.0
3031,27,29,28.0
3031,27,29,28.0
3031,27,29,28.0
3032,27,29,28.0
3032,27,29,28.0
3032,27,29,28.0
3033,27,29,28.0
3033,27,29,28.0
3033,27,29,28.0
3033,27,29,28.0
3033,27,29,28.0
3033,27,29,28.0
3033,27,29,28.0
3033,27,29,28.0
3033,27,29,28.0
3033,27,29,28.0
3033,27,29,28.0
3033,27,29,28.0
3033,27,29,28.0
3033,27,29,28.0
3034,27,29,28.0
3034,27,29,28.0
3034,27,29,28.0
3034,27,29,28.0
3034,27,29,28.0
3034,27,29,28.0
3034,27,29,28.0
3034,27,29,28.0
3034,27,29,28.0
3034,27,29,28.0
3034,27,29,28.0
3035,27,29,28.0
3035,27,29,28.0
3035,27,29,28.0
3036,27,29,28.0
3036,27,29,28.0
3036,27,29,28.0
3036,27,29,28.0
3036,27,29,28.0
3036,27,29,28.0
3036,27,29,28.0
3036,27,29,28.0
3036,27,29,28.0
3036,27,29,28.0
3036,27,29,28.0
3036,27,29,28.0
3036,27,29,28.0
3038,27,29,28.0
3038,27,29,28.0
3038,27,29,28.0
3038,27,29,28.0
3038,27,29,28.0
3038,27,29,28.0
3038,27,29,28.0
3038,27,29,28.0
3038,27,29,28.0
3038,27,29,28.0
3039,27,29,28.0
3039,27,29,28.0
3040,27,29,28.0
3040,27,29,28.0
3040,27,29,28.0
3040,27,29,28.0
3040,27,29,28.0
3040,27,29,28.0
3040,27,29,28.0
3040,27,29,28.0
3040,27,29,28.0
3040,27,29,28.0
3040,28,29,28.5
3040,28,29,28.5
3040,28,29,28.5
3040,28,29,28.5
3040,28,29,28.5
3040,28,29,28.5
3041,28,29,28.5
3041,28,29,28.5
3041,28,29,28.5
3041,28,29,28.5
3041,28,29,28.5
3041,28,29,28.5
3041,28,29,28.5
3041,28,29,28.5
3041,28,29,28.5
3041,28,29,28.5
3041,28,29,28.5
3041,28,29,28.5
3041,28,29,28.5
3041,28,29,28.5
3041,28,29,28.5
3041,28,29,28.5
3041,28,29,28.5
3041,28,29,28.5
3041,28,29,28.5
3041,28,29,28.5
3041,28,29,28.5
3041,28,29,28.5
3042,28,29,28.5
3042,28,29,28.5
3042,28,29,28.5
3042,28,29,28.5
3042,28,29,28.5
3042,28,29,28.5
3042,28,29,28.5
3042,28,29,28.5
3042,28,29,28.5
3042,28,29,28.5
3042,28,29,28.5
3042,28,29,28.5
3042,28,29,28.5
3042,28,29,28.5
3042,28,29,28.5
3042,28,29,28.5
3042,28,29,28.5
3043,28,29,28.5
3043,28,29,28.5
3043,28,29,28.5
3043,28,29,28.5
3043,28,29,28.5
3043,28,29,28.5
3043,28,29,28.5
3043,28,29,28.5
3043,28,29,28.5
3043,28,29,28.5
3043,28,29,28.5
3044,28,29,28.5
3044,28,29,28.5
3044,28,29,28.5
3044,28,29,28.5
3044,28,29,28.5
3044,28,29,28.5
3044,28,29,28.5
3044,28,29,28.5
3044,28,29,28.5
3044,28,29,28.5
3044,28,29,28.5
3044,28,29,28.5
3044,27,29,28.0
3044,27,29,28.0
3044,27,29,28.0
3044,27,29,28.0
3044,27,29,28.0
3044,27,29,28.0
3044,27,29,28.0
3044,27,29,28.0
3044,27,29,28.0
3044,27,29,28.0
3044,27,29,28.0
3044,27,29,28.0
3044,27,29,28.0
3044,27,29,28.0
3044,27,29,28.0
3044,27,29,28.0
3044,27,29,28.0
3044,27,29,28.0
3044,27,29,28.0
3044,27,29,28.0
3044,27,29,28.0
3044,27,29,28.0
3044,27,29,28.0
3044,27,29,28.0
3044,27,29,28.0
3044,27,29,28.0
3044,27,29,28.0
3044,27,29,28.0
3044,27,29,28.0
3044,27,29,28.0
3044,27,29,28.0
3044,27,29,28.0
3044,27,29,28.0
3044,27,29,28.0
3044,27,29,28.0
3044,27,29,28.0
3044,27,29,28.0
3044,27,29,28.0
3044,27,29,28.0
3044,27,29,28.0
3044,27,29,28.0
3044,27,29,28.0
3044,26,29,27.5
3044,26,29,27.5
3044,26,29,27.5
3044,26,29,27.5
3044,26,29,27.5
3044,26,29,27.5
3044,26,29,27.5
3044,26,29,27.5
3044,26,29,27.5
3044,26,29,27.5
3044,26,29,27.5
3044,26,29,27.5
3044,26,29,27.5
3044,26,29,27.5
3044,26,29,27.5
3044,26,29,27.5
3044,26,29,27.5
3044,26,29,27.5
3044,26,29,27.5
3044,26,29,27.5
3044,26,29,27.5
3044,26,29,27.5
3044,26,29,27.5
3044,26,29,27.5
3044,26,29,27.5
3044,26,29,27.5
3044,26,29,27.5
3044,26,29,27.5
3044,26,29,27.5
3044,26,30,28.0
3044,26,30,28.0
3044,26,30,28.0
3044,26,30,28.0
3044,26,30,28.0
3044,26,30,28.0
3044,26,30,28.0
3044,26,30,28.0
3044,26,30,28.0
3045,26,30,28.0
3045,26,30,28.0
3045,26,30,28.0
3045,26,30,28.0
3045,26,30,28.0
3045,26,30,28.0
3045,26,30,28.0
3045,26,30,28.0
3045,26,30,28.0
3045,26,30,28.0
3045,26,30,28.0
3045,26,30,28.0
3045,26,30,28.0
3045,26,30,28.0
3045,26,30,28.0
3045,26,30,28.0
3045,26,30,28.0
3045,26,30,28.0
3045,26,30,28.0
3045,26,30,28.0
3045,26,30,28.0
3045,26,30,28.0
3045,26,30,28.0
3045,26,30,28.0
3045,26,30,28.0
3045,26,30,28.0
3045,26,30,28.0
3045,26,30,28.0
3045,26,30,28.0
3045,26,30,28.0
3045,26,30,28.0
3045,26,30,28.0
3045,26,30,28.0
3045,26,30,28.0
3045,26,30,28.0
3046,26,30,28.0
3046,26,30,28.0
3046,26,30,28.0
3046,26,30,28.0
3046,26,30,28.0
3046,26,30,28.0
3046,26,30,28.0
3046,26,30,28.0
3046,26,30,28.0
3046,26,30,28.0
3046,26,30,28.0
3046,26,30,28.0
3046,26,30,28.0
3046,26,30,28.0
3046,26,30,28.0
3046,26,30,28.0
3046,26,30,28.0
3046,26,30,28.0
3046,26,30,28.0
3046,26,30,28.0
3046,26,30,28.0
3046,26,30,28.0
3046,26,30,28.0
3046,26,30,28.0
3046,26,30,28.0
3046,26,30,28.0
3046,26,30,28.0
3046,26,30,28.0
3046,26,30,28.0
3046,26,30,28.0
3046,26,30,28.0
3046,26,30,28.0
3046,26,30,28.0
3046,26,30,28.0
3046,26,30,28.0
3046,26,30,28.0
3046,26,30,28.0
3046,26,30,28.0
3046,26,30,28.0
3046,26,30,28.0
3046,26,30,28.0
3046,26,30,28.0
3047,26,30,28.0
3047,26,30,28.0
3047,26,30,28.0
3047,26,30,28.0
3047,26,30,28.0
3047,26,30,28.0
3047,26,30,28.0
3047,26,30,28.0
3047,26,30,28.0
3047,26,30,28.0
3047,26,30,28.0
3047,26,30,28.0
3047,26,30,28.0
3047,26,30,28.0
3047,26,30,28.0
3047,26,30,28.0
3047,26,30,28.0
3047,26,30,28.0
3047,26,30,28.0
3047,26,30,28.0
3047,26,30,28.0
3047,26,30,28.0
3047,26,30,28.0
3047,26,30,28.0
3047,26,30,28.0
3047,26,30,28.0
3047,26,30,28.0
3047,26,30,28.0
3047,26,30,28.0
3047,26,30,28.0
3047,26,30,28.0
3047,26,30,28.0
3047,26,30,28.0
3047,26,30,28.0
3047,26,30,28.0
3047,26,30,28.0
3047,26,30,28.0
3047,26,30,28.0
3047,26,30,28.0
3047,26,30,28.0
3048,26,30,28.0
3048,26,30,28.0
3048,26,30,28.0
3048,26,30,28.0
3048,26,30,28.0
3048,26,30,28.0
3048,27,30,28.5
3048,27,30,28.5
3048,27,30,28.5
3048,27,30,28.5
3048,27,30,28.5
3048,27,30,28.5
3048,27,30,28.5
3048,27,30,28.5
3048,27,30,28.5
3048,27,30,28.5
3048,27,30,28.5
3048,27,30,28.5
3048,27,30,28.5
3048,27,30,28.5
3048,27,30,28.5
3048,27,30,28.5
3048,27,30,28.5
3048,27,30,28.5
3048,27,30,28.5
3048,27,30,28.5
3048,27,30,28.5
3048,27,30,28.5
3048,27,30,28.5
3048,27,30,28.5
3048,27,30,28.5
3048,27,30,28.5
3048,27,30,28.5
3048,27,30,28.5
3048,27,30,28.5
3048,27,30,28.5
3048,27,30,28.5
3049,27,30,28.5
3049,27,30,28.5
3049,27,30,28.5
3049,27,30,28.5
3049,27,30,28.5
3049,27,30,28.5
3049,27,30,28.5
3049,27,30,28.5
3049,27,30,28.5
3049,27,30,28.5
3049,27,30,28.5
3049,27,30,28.5
3049,27,30,28.5
3049,27,30,28.5
3049,27,30,28.5
3049,27,30,28.5
3049,27,30,28.5
3049,27,30,28.5
3049,27,30,28.5
3049,27,30,28.5
3049,27,30,28.5
3049,27,30,28.5
3049,27,30,28.5
3049,27,30,28.5
3049,27,30,28.5
3049,27,30,28.5
3049,27,30,28.5
3049,27,30,28.5
3049,27,30,28.5
3049,27,30,28.5
3049,27,30,28.5
3049,27,30,28.5
3049,27,30,28.5
3050,27,30,28.5
3050,27,30,28.5
3050,27,30,28.5
3050,27,30,28.5
3050,27,30,28.5
3050,27,30,28.5
3050,27,30,28.5
3050,27,30,28.5
3050,27,30,28.5
3050,27,30,28.5
3050,27,30,28.5
3050,27,30,28.5
3050,27,30,28.5
3050,27,30,28.5
3050,27,30,28.5
3050,27,30,28.5
3050,27,30,28.5
3050,27,30,28.5
3051,27,30,28.5
3051,27,30,28.5
3051,27,30,28.5
3051,27,30,28.5
3051,27,30,28.5
3051,27,30,28.5
3051,27,30,28.5
3051,27,30,28.5
3051,27,30,28.5
3051,27,30,28.5
3051,27,30,28.5
3051,27,30,28.5
3051,27,30,28.5
3051,27,30,28.5
3051,27,30,28.5
3051,27,30,28.5
3051,27,30,28.5
3051,27,30,28.5
3051,27,30,28.5
3051,27,30,28.5
3051,27,30,28.5
3051,27,30,28.5
3051,27,30,28.5
3051,27,30,28.5
3051,27,30,28.5
3051,27,30,28.5
3051,27,30,28.5
3051,27,30,28.5
3051,27,30,28.5
3051,27,30,28.5
3051,27,30,28.5
3051,27,30,28.5
3051,27,30,28.5
3051,27,30,28.5
3051,27,30,28.5
3051,27,30,28.5
3051,27,30,28.5
3051,27,30,28.5
3051,27,30,28.5
3051,27,30,28.5
3051,27,30,28.5
3051,27,30,28.5
3051,27,30,28.5
3051,27,30,28.5
3051,27,30,28.5
3052,27,30,28.5
3052,27,30,28.5
3052,27,30,28.5
3052,27,30,28.5
3052,27,30,28.5
3052,27,30,28.5
3052,27,30,28.5
3052,27,30,28.5
3052,27,30,28.5
3052,27,30,28.5
3052,27,30,28.5
3052,27,30,28.5
3052,27,30,28.5
3052,27,30,28.5
3053,27,30,28.5
3053,27,30,28.5
3053,27,30,28.5
3053,27,30,28.5
3053,27,30,28.5
3053,27,30,28.5
3053,27,30,28.5
3053,27,30,28.5
3053,27,30,28.5
3053,27,30,28.5
3053,27,30,28.5
3053,27,30,28.5
3053,27,30,28.5
3053,27,30,28.5
3053,24,30,27.0
3053,24,30,27.0
3053,24,30,27.0
3053,24,30,27.0
3053,24,30,27.0
3053,24,30,27.0
3053,24,30,27.0
3053,24,30,27.0
3053,24,30,27.0
3053,24,30,27.0
3053,24,30,27.0
3053,24,30,27.0
3053,24,30,27.0
3053,24,30,27.0
3053,24,30,27.0
3053,24,30,27.0
3053,24,30,27.0
3053,24,30,27.0
3053,24,30,27.0
3053,24,30,27.0
3053,24,30,27.0
3053,24,30,27.0
3053,24,30,27.0
3053,24,30,27.0
3053,24,30,27.0
3053,24,30,27.0
3053,24,30,27.0
3053,24,30,27.0
3053,24,30,27.0
3053,24,30,27.0
3053,24,30,27.0
3053,24,30,27.0
3054,24,30,27.0
3054,24,30,27.0
3054,24,30,27.0
3054,24,30,27.0
3054,24,30,27.0
3054,24,30,27.0
3054,24,30,27.0
3054,24,30,27.0
3054,24,30,27.0
3054,24,30,27.0
3054,24,30,27.0
3054,24,30,27.0
3054,24,30,27.0
3054,24,30,27.0
3054,24,30,27.0
3054,24,30,27.0
3054,24,30,27.0
3054,24,30,27.0
3054,24,29,26.5
3054,24,29,26.5
3054,24,29,26.5
3054,24,29,26.5
3054,24,29,26.5
3054,24,29,26.5
3054,24,29,26.5
3054,24,29,26.5
3054,24,29,26.5
3054,24,29,26.5
3054,24,29,26.5
3054,24,29,26.5
3054,24,28,26.0
3054,24,28,26.0
3054,24,28,26.0
3054,24,28,26.0
3054,24,28,26.0
3054,24,28,26.0
3054,24,28,26.0
3054,24,28,26.0
3054,24,28,26.0
3054,24,28,26.0
3054,24,27,25.5
3054,24,27,25.5
3054,24,27,25.5
3054,24,27,25.5
3054,24,27,25.5
3054,24,27,25.5
3054,24,27,25.5
3054,24,27,25.5
3054,24,27,25.5
3054,24,27,25.5
3054,24,27,25.5
3054,24,27,25.5
3054,24,27,25.5
3054,24,27,25.5
3054,24,27,25.5
3054,24,27,25.5
3054,24,27,25.5
3054,24,27,25.5
3054,24,27,25.5
3054,24,27,25.5
3054,24,27,25.5
3054,24,27,25.5
3054,24,27,25.5
3054,24,27,25.5
3054,24,27,25.5
3054,24,27,25.5
3054,24,27,25.5
3054,24,27,25.5
3054,24,27,25.5
3054,24,27,25.5
3054,24,27,25.5
3054,24,27,25.5
3054,24,27,25.5
3054,24,27,25.5
3054,24,27,25.5
3054,24,26,25.0
3054,24,26,25.0
3054,24,26,25.0
3054,24,26,25.0
3054,24,26,25.0
3054,24,26,25.0
3054,24,26,25.0
3054,24,26,25.0
3054,24,26,25.0
3054,24,26,25.0
3054,24,26,25.0
3054,24,26,25.0
3054,24,26,25.0
3054,24,26,25.0
3054,24,26,25.0
3054,24,26,25.0
3054,24,26,25.0
3054,24,26,25.0
3054,24,26,25.0
3054,24,26,25.0
3054,24,26,25.0
3054,24,26,25.0
3054,24,26,25.0
3054,24,25,24.5
3054,24,25,24.5
3054,24,25,24.5
3054,24,25,24.5
3054,24,25,24.5
3054,24,25,24.5
3054,24,25,24.5
3054,24,25,24.5
3054,24,25,24.5
3054,24,25,24.5
3054,24,25,24.5
3054,24,25,24.5
3054,24,25,24.5
3054,24,25,24.5
3054,24,25,24.5
3054,24,25,24.5
3054,24,25,24.5
3054,24,25,24.5
3054,24,25,24.5
3054,24,25,24.5
3054,24,25,24.5
3054,24,25,24.5
3054,24,25,24.5
3054,24,25,24.5
3054,24,25,24.5
3054,24,25,24.5
3054,24,25,24.5
3054,24,25,24.5
3054,24,25,24.5
3054,22,25,23.5
3054,22,25,23.5
3055,22,25,23.5
3055,22,25,23.5
3055,22,25,23.5
3055,22,25,23.5
3055,22,25,23.5
3055,22,25,23.5
3055,22,25,23.5
3055,22,25,23.5
3055,22,25,23.5
3055,22,25,23.5
3055,22,25,23.5
3055,22,25,23.5
3055,22,25,23.5
3055,22,25,23.5
3055,22,25,23.5
3055,22,25,23.5
3055,22,25,23.5
3055,22,25,23.5
3055,22,25,23.5
3055,22,25,23.5
3055,22,25,23.5
3055,22,25,23.5
3055,22,25,23.5
3055,22,25,23.5
3055,22,25,23.5
3055,22,25,23.5
3055,22,25,23.5
3055,22,25,23.5
3055,22,25,23.5
3055,22,25,23.5
3055,22,25,23.5
3055,22,25,23.5
3055,22,25,23.5
3055,22,25,23.5
3055,22,25,23.5
3055,22,25,23.5
3055,23,25,24.0
3055,23,25,24.0
3055,23,25,24.0
3055,23,25,24.0
3055,23,25,24.0
3055,23,25,24.0
3055,23,25,24.0
3055,23,25,24.0
3055,23,25,24.0
3055,23,25,24.0
3055,23,25,24.0
3055,23,25,24.0
3055,23,25,24.0
3055,23,25,24.0
3055,23,25,24.0
3055,23,25,24.0
3055,23,25,24.0
3055,23,25,24.0
3055,23,25,24.0
3055,23,25,24.0
3055,23,25,24.0
3055,23,25,24.0
3055,23,25,24.0
3055,23,25,24.0
3055,23,25,24.0
3055,23,25,24.0
3055,23,25,24.0
3055,23,25,24.0
3055,23,25,24.0
3055,23,25,24.0
3055,23,25,24.0
3055,23,25,24.0
3055,23,25,24.0
3055,23,25,24.0
3055,23,25,24.0
3055,23,25,24.0
3055,23,25,24.0
3055,23,25,24.0
3055,23,25,24.0
3055,23,25,24.0
3055,23,25,24.0
3055,23,25,24.0
3055,23,25,24.0
3055,23,25,24.0
3055,23,25,24.0
3055,23,25,24.0
3055,23,25,24.0
3055,23,25,24.0
3055,23,25,24.0
3055,23,25,24.0
3055,23,25,24.0
3055,23,25,24.0
3055,23,25,24.0
3056,23,25,24.0
3056,23,25,24.0
3056,23,25,24.0
3056,23,25,24.0
3056,23,25,24.0
3056,23,25,24.0
3056,23,25,24.0
3056,23,25,24.0
3056,23,25,24.0
3056,23,25,24.0
3056,23,25,24.0
3056,23,25,24.0
3056,23,25,24.0
3056,23,25,24.0
3056,23,25,24.0
3056,23,25,24.0
3056,23,25,24.0
3056,23,25,24.0
3056,23,25,24.0
3056,23,25,24.0
3056,23,25,24.0
3056,23,25,24.0
3056,23,25,24.0
3056,23,25,24.0
3056,23,25,24.0
3056,23,25,24.0
3056,23,25,24.0
3056,23,25,24.0
3056,23,25,24.0
3056,23,25,24.0
3056,23,25,24.0
3056,23,25,24.0
3056,23,25,24.0
3056,23,25,24.0
3057,23,25,24.0
3057,23,25,24.0
3057,23,25,24.0
3057,23,25,24.0
3057,23,25,24.0
3058,23,25,24.0
3058,23,25,24.0
3058,23,25,24.0
3058,23,25,24.0
3058,23,25,24.0
3058,23,25,24.0
3058,23,25,24.0
3058,23,25,24.0
3058,23,25,24.0
3058,23,25,24.0
3058,24,25,24.5
3058,24,25,24.5
3058,24,25,24.5
3058,24,25,24.5
3058,24,25,24.5
3058,24,25,24.5
3058,24,25,24.5
3058,24,25,24.5
3058,24,25,24.5
3058,24,25,24.5
3059,24,25,24.5
3059,24,25,24.5
3059,24,25,24.5
3059,24,25,24.5
3059,24,25,24.5
3059,24,25,24.5
3059,24,25,24.5
3059,24,25,24.5
3059,24,25,24.5
3059,24,25,24.5
3059,24,25,24.5
3059,24,25,24.5
3059,24,25,24.5
3059,24,25,24.5
3059,24,25,24.5
3059,24,25,24.5
3059,24,25,24.5
3059,24,25,24.5
3059,24,25,24.5
3059,24,25,24.5
3060,24,25,24.5
3060,24,25,24.5
3060,24,25,24.5
3061,24,25,24.5
3061,24,25,24.5
3061,24,25,24.5
3061,24,25,24.5
3061,24,25,24.5
3061,24,25,24.5
3061,24,25,24.5
3061,24,25,24.5
3061,24,25,24.5
3061,24,25,24.5
3061,24,25,24.5
3061,24,25,24.5
3062,24,25,24.5
3062,24,25,24.5
3062,24,25,24.5
3062,24,25,24.5
3062,24,25,24.5
3063,24,25,24.5
3063,24,25,24.5
3064,24,25,24.5
3064,24,25,24.5
3064,24,25,24.5
3064,24,25,24.5
3064,24,25,24.5
3064,24,25,24.5
3064,24,25,24.5
3064,24,25,24.5
3064,24,25,24.5
3064,24,25,24.5
3064,24,25,24.5
3064,24,25,24.5
3064,24,25,24.5
3066,24,25,24.5
3066,24,25,24.5
3066,24,25,24.5
3066,24,25,24.5
3066,24,25,24.5
3066,24,25,24.5
3066,24,25,24.5
3066,24,25,24.5
3066,24,25,24.5
3067,24,25,24.5
3067,24,25,24.5
3068,24,25,24.5
3068,24,25,24.5
3069,24,25,24.5
3069,24,25,24.5
3069,24,25,24.5
3069,24,25,24.5
3069,24,25,24.5
3069,24,25,24.5
3069,24,25,24.5
3069,24,25,24.5
3069,24,25,24.5
3069,24,25,24.5
3069,24,25,24.5
3069,24,25,24.5
3069,24,25,24.5
3069,24,25,24.5
3069,24,25,24.5
3069,24,25,24.5
3071,24,25,24.5
3071,24,25,24.5
3071,24,25,24.5
3071,24,25,24.5
3071,24,25,24.5
3072,24,25,24.5
3072,24,25,24.5
3072,24,25,24.5
3073,24,25,24.5
3073,24,25,24.5
3074,24,25,24.5
3074,24,25,24.5
3076,24,25,24.5
3076,24,25,24.5
3076,24,25,24.5
3076,24,25,24.5
3080,24,25,24.5
3080,24,25,24.5
3080,24,25,24.5
3080,24,25,24.5
3080,24,25,24.5
3080,24,25,24.5
3080,24,25,24.5
3081,24,25,24.5
3081,24,25,24.5
3081,24,25,24.5
3081,24,25,24.5
3081,24,25,24.5
3081,24,25,24.5
3081,24,25,24.5
3081,24,25,24.5
3081,24,25,24.5
3081,24,25,24.5
3081,24,25,24.5
3081,24,25,24.5
3081,24,25,24.5
3081,24,25,24.5
3081,24,25,24.5
3081,24,25,24.5
3081,24,25,24.5
3081,24,25,24.5
3081,24,25,24.5
3081,24,25,24.5
3081,24,25,24.5
3081,24,25,24.5
3081,24,25,24.5
3081,24,25,24.5
3081,24,25,24.5
3081,24,25,24.5
3081,24,25,24.5
3081,24,25,24.5
3081,24,25,24.5
3081,24,25,24.5
3081,24,25,24.5
3081,24,25,24.5
3081,24,25,24.5
3081,24,25,24.5
3081,24,25,24.5
3081,24,25,24.5
3081,24,25,24.5
3081,24,25,24.5
3081,24,25,24.5
3081,24,25,24.5
3081,24,25,24.5
3081,24,25,24.5
3081,24,25,24.5
3081,24,25,24.5
3081,24,25,24.5
3081,24,25,24.5
3081,24,25,24.5
3081,24,25,24.5
3081,24,25,24.5
3081,24,25,24.5
3081,22,25,23.5
3081,22,25,23.5
3081,22,25,23.5
3081,22,25,23.5
3081,22,25,23.5
3081,22,25,23.5
3081,22,25,23.5
3081,22,25,23.5
3081,22,25,23.5
3081,22,25,23.5
3081,22,25,23.5
3081,22,25,23.5
3081,22,25,23.5
3081,22,25,23.5
3081,22,25,23.5
3081,22,25,23.5
3081,22,25,23.5
3081,22,25,23.5
3081,22,25,23.5
3081,22,25,23.5
3081,22,25,23.5
3081,22,25,23.5
3081,22,25,23.5
3081,22,25,23.5
3081,22,25,23.5
3081,22,25,23.5
3081,22,25,23.5
3081,22,25,23.5
3081,22,25,23.5
3081,22,25,23.5
3081,22,25,23.5
3081,22,25,23.5
3081,22,25,23.5
3081,22,25,23.5
3081,22,25,23.5
3081,22,25,23.5
3081,22,25,23.5
3081,22,25,23.5
3081,22,25,23.5
3081,22,25,23.5
3081,22,25,23.5
3081,22,25,23.5
3081,22,25,23.5
3081,22,25,23.5
3081,22,25,23.5
3081,22,25,23.5
3081,22,25,23.5
3081,22,25,23.5
3081,22,25,23.5
3081,22,25,23.5
3081,22,25,23.5
3081,22,25,23.5
3081,22,25,23.5
3081,22,25,23.5
3081,22,25,23.5
3081,22,25,23.5
3081,22,25,23.5
3081,22,25,23.5
3081,22,25,23.5
3081,22,25,23.5
3081,22,25,23.5
3081,22,25,23.5
3081,22,25,23.5
3081,22,25,23.5
3081,22,25,23.5
3081,22,25,23.5
3081,22,25,23.5
3081,22,25,23.5
3081,22,25,23.5
3081,22,25,23.5
3081,22,25,23.5
3081,22,25,23.5
3081,22,25,23.5
3081,22,25,23.5
3081,22,25,23.5
3081,22,25,23.5
3082,22,25,23.5
3082,22,25,23.5
3082,22,25,23.5
3082,22,26,24.0
3082,22,27,24.5
3082,22,27,24.5
3082,22,27,24.5
3082,22,27,24.5
3082,22,27,24.5
3082,22,27,24.5
3082,22,27,24.5
3082,22,27,24.5
3082,22,27,24.5
3082,22,27,24.5
3082,22,27,24.5
3082,22,27,24.5
3082,22,27,24.5
3082,22,27,24.5
3082,22,27,24.5
3082,22,27,24.5
3082,23,27,25.0
3082,23,27,25.0
3082,23,27,25.0
3082,23,27,25.0
3082,23,27,25.0
3082,23,27,25.0
3082,23,27,25.0
3082,23,27,25.0
3082,23,27,25.0
3082,23,27,25.0
3082,23,27,25.0
3082,23,27,25.0
3082,23,27,25.0
3082,23,27,25.0
3082,23,27,25.0
3082,23,27,25.0
3082,23,27,25.0
3082,23,27,25.0
3082,23,27,25.0
3082,23,27,25.0
3082,23,27,25.0
3082,23,27,25.0
3082,23,27,25.0
3082,23,27,25.0
3082,23,27,25.0
3082,23,27,25.0
3082,23,27,25.0
3082,23,27,25.0
3082,23,27,25.0
3082,23,27,25.0
3082,23,27,25.0
3082,23,27,25.0
3082,23,27,25.0
3082,23,27,25.0
3082,23,27,25.0
3082,23,27,25.0
3082,23,27,25.0
3082,23,27,25.0
3082,23,27,25.0
3082,23,27,25.0
3082,23,27,25.0
3082,23,27,25.0
3082,23,27,25.0
3082,23,27,25.0
3082,23,27,25.0
3082,23,27,25.0
3082,23,27,25.0
3082,23,27,25.0
3082,23,27,25.0
3083,23,27,25.0
3083,23,27,25.0
3083,23,27,25.0
3083,23,27,25.0
3083,23,27,25.0
3083,24,27,25.5
3083,24,27,25.5
3083,24,27,25.5
3083,24,27,25.5
3083,24,27,25.5
3083,24,27,25.5
3083,24,27,25.5
3083,24,27,25.5
3083,24,27,25.5
3083,24,27,25.5
3083,22,27,24.5
3083,22,27,24.5
3083,22,27,24.5
3083,22,27,24.5
3083,22,27,24.5
3083,22,27,24.5
3083,22,27,24.5
3083,22,27,24.5
3083,22,27,24.5
3083,22,27,24.5
3083,22,27,24.5
3083,22,27,24.5
3083,22,27,24.5
3083,22,27,24.5
3083,22,27,24.5
3083,22,27,24.5
3083,22,27,24.5
3083,22,27,24.5
3083,23,27,25.0
3083,23,27,25.0
3083,23,27,25.0
3083,23,27,25.0
3083,23,27,25.0
3083,23,27,25.0
3083,23,27,25.0
3083,23,27,25.0
3083,23,27,25.0
3083,23,27,25.0
3083,23,27,25.0
3083,23,27,25.0
3083,23,27,25.0
3083,23,27,25.0
3084,23,27,25.0
3084,23,27,25.0
3084,23,27,25.0
3084,23,27,25.0
3084,23,27,25.0
3084,23,27,25.0
3084,23,27,25.0
3084,23,27,25.0
3084,23,27,25.0
3084,23,27,25.0
3084,23,27,25.0
3084,23,27,25.0
3084,23,27,25.0
3084,23,27,25.0
3084,23,27,25.0
3084,23,27,25.0
3084,23,27,25.0
3084,23,27,25.0
3084,23,27,25.0
3084,23,27,25.0
3084,23,27,25.0
3084,23,27,25.0
3084,23,27,25.0
3084,23,27,25.0
3084,23,27,25.0
3084,23,27,25.0
3084,23,27,25.0
3084,23,27,25.0
3084,23,27,25.0
3084,23,27,25.0
3084,23,27,25.0
3084,23,27,25.0
3084,23,27,25.0
3084,23,27,25.0
3084,23,27,25.0
3085,23,27,25.0
3085,23,27,25.0
3085,23,27,25.0
3085,23,27,25.0
3085,23,27,25.0
3085,23,27,25.0
3085,23,27,25.0
3085,23,27,25.0
3085,22,27,24.5
3085,22,27,24.5
3085,22,27,24.5
3085,22,27,24.5
3085,22,27,24.5
3085,22,27,24.5
3085,22,27,24.5
3085,22,27,24.5
3085,22,27,24.5
3085,22,27,24.5
3085,22,27,24.5
3085,23,27,25.0
3085,23,27,25.0
3085,23,27,25.0
3085,23,27,25.0
3085,23,27,25.0
3085,23,27,25.0
3085,23,27,25.0
3085,23,27,25.0
3085,23,27,25.0
3085,23,27,25.0
3085,23,27,25.0
3085,23,27,25.0
3085,23,27,25.0
3085,23,27,25.0
3085,23,27,25.0
3085,23,27,25.0
3085,23,27,25.0
3085,23,27,25.0
3085,23,27,25.0
3085,23,27,25.0
3085,23,27,25.0
3085,23,27,25.0
3085,23,27,25.0
3085,23,27,25.0
3085,23,27,25.0
3085,23,27,25.0
3085,23,27,25.0
3085,23,27,25.0
3085,23,27,25.0
3085,23,27,25.0
3085,23,27,25.0
3085,23,27,25.0
3085,23,27,25.0
3085,23,27,25.0
3086,23,27,25.0
3086,23,27,25.0
3086,23,27,25.0
3086,23,27,25.0
3086,23,27,25.0
3086,23,27,25.0
3086,23,27,25.0
3086,23,27,25.0
3086,23,27,25.0
3086,23,27,25.0
3086,23,27,25.0
3086,23,27,25.0
3086,23,27,25.0
3086,23,27,25.0
3086,23,27,25.0
3086,23,27,25.0
3086,23,27,25.0
3086,23,27,25.0
3086,23,27,25.0
3086,23,27,25.0
3086,23,27,25.0
3086,23,27,25.0
3086,23,27,25.0
3086,23,27,25.0
3086,23,27,25.0
3086,23,27,25.0
3086,23,27,25.0
3086,23,27,25.0
3086,23,27,25.0
3086,23,27,25.0
3086,23,27,25.0
3086,23,27,25.0
3086,23,27,25.0
3086,23,27,25.0
3086,23,27,25.0
3086,23,27,25.0
3086,23,27,25.0
3086,23,27,25.0
3086,23,27,25.0
3086,23,27,25.0
3086,23,27,25.0
3086,23,27,25.0
3086,23,27,25.0
3086,23,27,25.0
3086,23,27,25.0
3086,23,27,25.0
3086,23,27,25.0
3087,23,27,25.0
3087,23,27,25.0
3087,23,27,25.0
3087,23,27,25.0
3087,23,27,25.0
3087,23,27,25.0
3087,23,27,25.0
3087,23,27,25.0
3087,23,27,25.0
3087,23,27,25.0
3087,24,27,25.5
3087,24,27,25.5
3087,24,27,25.5
3087,24,27,25.5
3087,24,27,25.5
3087,24,27,25.5
3087,24,27,25.5
3087,24,27,25.5
3087,24,27,25.5
3087,24,27,25.5
3087,24,27,25.5
3087,24,27,25.5
3087,24,27,25.5
3087,24,27,25.5
3087,24,27,25.5
3087,24,27,25.5
3087,24,27,25.5
3087,24,27,25.5
3087,24,27,25.5
3087,24,27,25.5
3087,24,27,25.5
3087,24,27,25.5
3087,24,27,25.5
3087,24,27,25.5
3087,24,27,25.5
3087,24,27,25.5
3087,24,27,25.5
3087,24,27,25.5
3087,24,27,25.5
3087,24,27,25.5
3087,24,27,25.5
3087,24,27,25.5
3088,24,27,25.5
3088,24,27,25.5
3088,24,27,25.5
3088,24,27,25.5
3088,24,27,25.5
3089,24,27,25.5
3089,24,27,25.5
3089,24,27,25.5
3089,24,27,25.5
3089,24,27,25.5
3089,24,27,25.5
3089,24,27,25.5
3089,24,27,25.5
3089,24,27,25.5
3089,24,27,25.5
3089,24,27,25.5
3089,24,27,25.5
3089,24,27,25.5
3089,24,27,25.5
3089,24,27,25.5
3089,24,27,25.5
3089,24,27,25.5
3089,24,27,25.5
3089,24,27,25.5
3089,24,27,25.5
3089,24,27,25.5
3089,24,27,25.5
3089,24,27,25.5
3089,24,27,25.5
3089,24,27,25.5
3089,24,27,25.5
3089,24,27,25.5
3089,24,27,25.5
3089,24,27,25.5
3089,24,27,25.5
3089,24,27,25.5
3089,24,27,25.5
3089,24,27,25.5
3089,24,27,25.5
3089,24,27,25.5
3089,24,27,25.5
3090,24,27,25.5
3090,24,27,25.5
3090,24,27,25.5
3090,24,27,25.5
3090,24,27,25.5
3090,24,27,25.5
3090,24,27,25.5
3090,24,27,25.5
3090,24,27,25.5
3090,24,27,25.5
3090,24,27,25.5
3090,24,27,25.5
3090,24,27,25.5
3090,24,27,25.5
3090,24,27,25.5
3090,24,27,25.5
3090,24,27,25.5
3090,24,27,25.5
3090,24,27,25.5
3090,24,27,25.5
3090,24,27,25.5
3090,24,27,25.5
3090,24,27,25.5
3090,24,27,25.5
3090,24,27,25.5
3090,24,27,25.5
3090,24,27,25.5
3090,24,27,25.5
3090,24,27,25.5
3090,24,27,25.5
3090,24,27,25.5
3090,24,27,25.5
3090,24,27,25.5
3090,24,27,25.5
3090,24,27,25.5
3090,24,27,25.5
3090,24,27,25.5
3090,24,27,25.5
3090,24,27,25.5
3091,24,27,25.5
3091,24,27,25.5
3091,24,27,25.5
3091,24,27,25.5
3091,24,27,25.5
3091,24,27,25.5
3091,24,27,25.5
3091,24,27,25.5
3091,24,27,25.5
3091,24,27,25.5
3091,24,27,25.5
3091,24,27,25.5
3091,24,27,25.5
3091,24,27,25.5
3091,24,27,25.5
3091,24,27,25.5
3091,24,27,25.5
3091,24,27,25.5
3091,24,27,25.5
3091,24,27,25.5
3091,24,27,25.5
3092,24,27,25.5
3092,24,27,25.5
3092,24,27,25.5
3092,24,27,25.5
3092,24,27,25.5
3092,24,27,25.5
3092,24,27,25.5
3092,24,27,25.5
3092,24,27,25.5
3092,24,27,25.5
3092,24,27,25.5
3092,24,27,25.5
3093,24,27,25.5
3093,24,27,25.5
3093,24,27,25.5
3093,24,27,25.5
3093,24,27,25.5
3093,24,27,25.5
3093,24,27,25.5
3093,24,27,25.5
3093,24,27,25.5
3093,24,27,25.5
3093,24,27,25.5
3093,24,27,25.5
3093,24,27,25.5
3093,24,27,25.5
3093,24,27,25.5
3093,24,27,25.5
3093,24,27,25.5
3093,24,27,25.5
3093,24,27,25.5
3093,24,27,25.5
3093,24,27,25.5
3093,24,27,25.5
3093,24,27,25.5
3093,24,27,25.5
3093,24,27,25.5
3093,24,27,25.5
3093,24,27,25.5
3093,24,27,25.5
3093,24,27,25.5
3093,24,27,25.5
3093,24,27,25.5
3093,24,27,25.5
3093,24,27,25.5
3093,24,27,25.5
3093,24,27,25.5
3093,24,27,25.5
3094,24,27,25.5
3094,24,27,25.5
3094,24,27,25.5
3094,24,27,25.5
3094,24,27,25.5
3094,24,27,25.5
3094,24,27,25.5
3094,24,27,25.5
3094,24,27,25.5
3094,24,27,25.5
3094,24,27,25.5
3094,24,27,25.5
3094,25,27,26.0
3094,25,27,26.0
3094,25,27,26.0
3094,24,27,25.5
3094,24,27,25.5
3094,24,27,25.5
3094,24,27,25.5
3094,24,27,25.5
3094,24,27,25.5
3094,24,27,25.5
3095,24,27,25.5
3095,24,27,25.5
3095,24,27,25.5
3095,24,27,25.5
3095,24,27,25.5
3095,24,27,25.5
3095,24,27,25.5
3095,24,27,25.5
3095,24,27,25.5
3095,24,27,25.5
3095,24,27,25.5
3095,24,27,25.5
3095,24,27,25.5
3095,24,27,25.5
3096,24,27,25.5
3096,24,27,25.5
3096,24,27,25.5
3096,24,27,25.5
3096,24,27,25.5
3096,24,27,25.5
3096,24,27,25.5
3096,24,27,25.5
3096,24,27,25.5
3096,24,27,25.5
3096,24,27,25.5
3096,24,27,25.5
3096,24,27,25.5
3096,24,27,25.5
3096,24,27,25.5
3096,24,27,25.5
3096,24,27,25.5
3096,24,27,25.5
3096,24,27,25.5
3096,24,27,25.5
3096,24,27,25.5
3096,24,27,25.5
3096,24,27,25.5
3096,24,27,25.5
3096,24,27,25.5
3096,24,27,25.5
3096,24,27,25.5
3096,24,27,25.5
3096,24,27,25.5
3096,24,27,25.5
3096,24,27,25.5
3096,23,27,25.0
3097,23,27,25.0
3097,23,27,25.0
3097,23,27,25.0
3097,23,27,25.0
3097,23,27,25.0
3097,23,27,25.0
3097,23,27,25.0
3099,23,27,25.0
3099,23,27,25.0
3099,23,27,25.0
3099,23,27,25.0
3099,23,27,25.0
3099,23,27,25.0
3099,23,27,25.0
3099,23,27,25.0
3100,23,27,25.0
3100,23,27,25.0
3100,23,27,25.0
3100,23,27,25.0
3100,23,27,25.0
3100,23,27,25.0
3100,23,27,25.0
3100,23,27,25.0
3100,23,27,25.0
3100,23,27,25.0
3100,23,27,25.0
3100,23,27,25.0
3100,23,27,25.0
3100,23,27,25.0
3100,23,27,25.0
3100,23,27,25.0
3100,23,27,25.0
3100,23,27,25.0
3100,23,27,25.0
3100,23,27,25.0
3100,23,27,25.0
3100,23,27,25.0
3100,23,27,25.0
3100,23,27,25.0
3100,23,27,25.0
3100,23,27,25.0
3100,23,27,25.0
3100,23,27,25.0
3100,23,27,25.0
3100,23,27,25.0
3101,23,27,25.0
3101,23,27,25.0
3101,23,27,25.0
3101,23,27,25.0
3101,23,27,25.0
3101,23,27,25.0
3101,23,27,25.0
3101,23,27,25.0
3101,23,27,25.0
3101,23,27,25.0
3101,23,27,25.0
3101,23,27,25.0
3101,23,27,25.0
3101,23,27,25.0
3101,23,27,25.0
3101,23,27,25.0
3101,23,27,25.0
3101,23,27,25.0
3101,23,27,25.0
3101,23,27,25.0
3101,23,27,25.0
3101,23,27,25.0
3101,23,27,25.0
3101,23,27,25.0
3101,23,27,25.0
3101,23,27,25.0
3101,23,27,25.0
3101,23,27,25.0
3101,23,27,25.0
3101,23,27,25.0
3101,23,27,25.0
3101,23,27,25.0
3101,23,27,25.0
3101,23,29,26.0
3101,23,30,26.5
3101,23,30,26.5
3101,23,30,26.5
3101,23,30,26.5
3101,23,30,26.5
3101,23,30,26.5
3101,23,30,26.5
3101,23,29,26.0
3101,23,29,26.0
3101,23,29,26.0
3101,23,29,26.0
3101,23,29,26.0
3101,23,29,26.0
3101,23,29,26.0
3101,23,29,26.0
3101,23,29,26.0
3101,23,29,26.0
3101,23,29,26.0
3101,23,29,26.0
3101,23,29,26.0
3102,23,29,26.0
3102,23,29,26.0
3102,22,29,25.5
3102,22,29,25.5
3102,22,29,25.5
3102,18,29,23.5
3102,18,29,23.5
3102,18,29,23.5
3102,18,30,24.0
3102,18,30,24.0
3102,18,30,24.0
3102,18,30,24.0
3102,18,30,24.0
3102,18,30,24.0
3102,18,30,24.0
3102,18,30,24.0
3102,18,29,23.5
3102,18,29,23.5
3102,18,29,23.5
3102,18,29,23.5
3102,18,29,23.5
3102,18,29,23.5
3102,18,29,23.5
3102,18,29,23.5
3102,18,29,23.5
3102,18,29,23.5
3102,19,29,24.0
3102,19,29,24.0
3102,19,29,24.0
3102,19,29,24.0
3102,19,29,24.0
3102,20,29,24.5
3102,20,29,24.5
3102,20,29,24.5
3102,20,29,24.5
3102,20,28,24.0
3102,20,29,24.5
3102,20,29,24.5
3103,20,29,24.5
3103,20,24,22.0
3103,20,24,22.0
3103,20,24,22.0
3103,20,24,22.0
3103,20,24,22.0
3103,20,24,22.0
3103,20,24,22.0
3103,20,24,22.0
3103,20,24,22.0
3103,20,24,22.0
3103,20,24,22.0
3103,20,24,22.0
3103,20,24,22.0
3103,20,24,22.0
3103,20,24,22.0
3103,20,24,22.0
3103,20,24,22.0
3103,20,24,22.0
3103,20,24,22.0
3103,20,24,22.0
3103,20,24,22.0
3103,20,24,22.0
3103,20,24,22.0
3103,20,24,22.0
3103,20,24,22.0
3103,20,24,22.0
3103,20,24,22.0
3103,20,24,22.0
3103,20,24,22.0
3103,20,24,22.0
3103,20,24,22.0
3103,20,24,22.0
3103,20,24,22.0
3103,20,24,22.0
3103,20,24,22.0
3103,20,24,22.0
3103,20,24,22.0
3103,20,24,22.0
3103,20,24,22.0
3104,20,24,22.0
3104,20,24,22.0
3104,20,24,22.0
3104,20,24,22.0
3104,20,24,22.0
3104,20,24,22.0
3104,20,24,22.0
3104,20,24,22.0
3104,20,24,22.0
3104,20,24,22.0
3104,20,24,22.0
3104,20,24,22.0
3104,20,24,22.0
3104,20,24,22.0
3104,20,24,22.0
3104,20,24,22.0
3104,20,24,22.0
3104,20,24,22.0
3104,20,24,22.0
3104,20,24,22.0
3104,20,24,22.0
3104,20,24,22.0
3104,20,24,22.0
3104,20,24,22.0
3104,20,24,22.0
3104,20,24,22.0
3104,20,24,22.0
3104,20,24,22.0
3104,20,24,22.0
3104,20,24,22.0
3104,20,24,22.0
3104,20,24,22.0
3104,20,24,22.0
3104,20,24,22.0
3104,20,24,22.0
3104,20,24,22.0
3105,20,24,22.0
3105,20,24,22.0
3105,20,24,22.0
3105,21,24,22.5
3105,21,24,22.5
3105,21,24,22.5
3105,21,24,22.5
3105,21,24,22.5
3105,21,24,22.5
3105,21,24,22.5
3105,21,24,22.5
3105,21,24,22.5
3105,21,24,22.5
3105,21,24,22.5
3105,21,24,22.5
3105,21,24,22.5
3105,21,24,22.5
3105,21,24,22.5
3105,21,24,22.5
3105,21,24,22.5
3105,21,24,22.5
3105,22,24,23.0
3105,22,24,23.0
3105,22,24,23.0
3105,22,24,23.0
3105,22,24,23.0
3105,22,24,23.0
3105,22,24,23.0
3105,22,24,23.0
3105,22,24,23.0
3105,22,24,23.0
3105,22,24,23.0
3105,22,24,23.0
3105,22,24,23.0
3105,22,24,23.0
3105,22,24,23.0
3105,22,24,23.0
3105,22,24,23.0
3105,22,24,23.0
3105,22,24,23.0
3105,22,24,23.0
3105,22,24,23.0
3105,22,24,23.0
3105,22,24,23.0
3105,22,24,23.0
3105,22,24,23.0
3105,22,24,23.0
3105,22,24,23.0
3105,22,24,23.0
3105,22,24,23.0
3105,22,24,23.0
3105,22,24,23.0
3105,22,24,23.0
3105,22,24,23.0
3105,22,24,23.0
3105,22,24,23.0
3105,22,24,23.0
3105,22,24,23.0
3105,22,24,23.0
3105,22,24,23.0
3105,22,24,23.0
3105,22,24,23.0
3105,22,24,23.0
3105,22,24,23.0
3105,22,24,23.0
3105,22,24,23.0
3105,22,24,23.0
3105,22,24,23.0
3105,22,24,23.0
3105,22,24,23.0
3105,22,24,23.0
3105,22,24,23.0
3105,22,24,23.0
3105,22,24,23.0
3105,22,24,23.0
3105,22,24,23.0
3105,22,24,23.0
3105,22,24,23.0
3105,22,24,23.0
3105,22,24,23.0
3105,22,24,23.0
3105,22,24,23.0
3105,22,24,23.0
3106,22,24,23.0
3106,22,24,23.0
3106,22,24,23.0
3106,22,24,23.0
3106,22,24,23.0
3106,22,24,23.0
3106,22,24,23.0
3106,22,24,23.0
3107,22,24,23.0
3107,22,24,23.0
3107,22,24,23.0
3107,22,24,23.0
3107,22,24,23.0
3107,22,24,23.0
3107,22,24,23.0
3107,22,24,23.0
3107,22,24,23.0
3107,22,24,23.0
3107,22,24,23.0
3107,22,24,23.0
3107,22,24,23.0
3107,22,24,23.0
3107,22,24,23.0
3107,22,24,23.0
3107,22,24,23.0
3107,22,24,23.0
3107,22,24,23.0
3107,22,24,23.0
3107,22,24,23.0
3107,22,24,23.0
3107,22,24,23.0
3107,22,24,23.0
3107,22,24,23.0
3107,22,24,23.0
3107,23,24,23.5
3107,23,24,23.5
3107,23,24,23.5
3107,23,24,23.5
3107,23,24,23.5
3107,23,24,23.5
3107,23,24,23.5
3107,23,24,23.5
3107,23,24,23.5
3108,23,24,23.5
3108,23,24,23.5
3108,23,24,23.5
3108,23,24,23.5
3108,23,24,23.5
3108,23,24,23.5
3108,23,24,23.5
3108,23,24,23.5
3108,23,24,23.5
3108,23,24,23.5
3108,23,24,23.5
3108,23,24,23.5
3108,23,24,23.5
3108,23,24,23.5
3108,23,24,23.5
3108,23,24,23.5
3108,23,24,23.5
3108,23,24,23.5
3108,23,24,23.5
3108,23,24,23.5
3108,23,24,23.5
3108,23,24,23.5
3108,23,24,23.5
3108,23,24,23.5
3109,23,24,23.5
3109,23,24,23.5
3109,23,24,23.5
3109,23,24,23.5
3109,23,24,23.5
3109,23,24,23.5
3109,23,24,23.5
3109,23,24,23.5
3109,23,24,23.5
3109,23,24,23.5
3109,23,24,23.5
3109,23,24,23.5
3109,23,24,23.5
3109,23,24,23.5
3109,23,24,23.5
3109,23,24,23.5
3109,23,24,23.5
3109,23,24,23.5
3109,23,24,23.5
3109,23,24,23.5
3109,23,24,23.5
3109,23,24,23.5
3109,23,24,23.5
3110,23,24,23.5
3110,23,24,23.5
3110,23,24,23.5
3110,23,24,23.5
3110,23,24,23.5
3110,23,24,23.5
3110,23,24,23.5
3110,23,24,23.5
3110,23,24,23.5
3110,23,24,23.5
3110,23,24,23.5
3110,23,24,23.5
3110,23,24,23.5
3110,23,24,23.5
3110,23,24,23.5
3110,23,24,23.5
3110,23,24,23.5
3110,23,24,23.5
3110,23,24,23.5
3111,23,24,23.5
3111,23,24,23.5
3111,23,24,23.5
3111,23,24,23.5
3111,23,24,23.5
3111,23,24,23.5
3111,23,24,23.5
3111,23,24,23.5
3111,23,24,23.5
3111,23,24,23.5
3111,23,24,23.5
3112,23,24,23.5
3112,23,24,23.5
3112,23,24,23.5
3112,23,24,23.5
3113,23,27,25.0
3113,23,28,25.5
3113,23,29,26.0
3113,23,29,26.0
3113,23,30,26.5
3113,23,30,26.5
3113,23,30,26.5
3113,23,30,26.5
3113,23,30,26.5
3113,23,30,26.5
3113,23,30,26.5
3113,23,30,26.5
3113,23,30,26.5
3113,23,30,26.5
3113,23,30,26.5
3113,23,30,26.5
3113,23,30,26.5
3113,23,30,26.5
3113,23,30,26.5
3113,23,30,26.5
3113,23,30,26.5
3113,23,30,26.5
3113,23,30,26.5
3113,23,30,26.5
3113,23,30,26.5
3113,24,30,27.0
3113,24,30,27.0
3113,24,30,27.0
3113,24,32,28.0
3113,24,32,28.0
3113,24,32,28.0
3113,24,32,28.0
3113,24,32,28.0
3113,24,32,28.0
3113,24,32,28.0
3113,24,32,28.0
3113,24,32,28.0
3113,24,32,28.0
3113,24,32,28.0
3113,24,32,28.0
3113,24,32,28.0
3113,25,32,28.5
3113,25,32,28.5
3113,25,32,28.5
3113,25,32,28.5
3113,25,32,28.5
3113,27,32,29.5
3113,27,32,29.5
3113,27,32,29.5
3113,27,32,29.5
3113,27,32,29.5
3113,27,32,29.5
3113,27,32,29.5
3113,27,32,29.5
3113,27,32,29.5
3113,27,32,29.5
3113,27,32,29.5
3113,27,32,29.5
3113,27,32,29.5
3113,27,32,29.5
3113,27,32,29.5
3113,27,32,29.5
3113,27,32,29.5
3113,27,32,29.5
3113,27,32,29.5
3113,27,32,29.5
3113,27,32,29.5
3113,27,32,29.5
3113,27,32,29.5
3113,27,32,29.5
3113,27,32,29.5
3113,27,32,29.5
3113,27,32,29.5
3113,27,32,29.5
3113,27,32,29.5
3113,27,32,29.5
3113,27,31,29.0
3113,27,31,29.0
3113,27,31,29.0
3113,27,31,29.0
3113,27,31,29.0
3113,27,31,29.0
3113,27,31,29.0
3113,27,31,29.0
3113,27,31,29.0
3113,27,31,29.0
3113,27,31,29.0
3113,27,31,29.0
3113,27,31,29.0
3113,27,31,29.0
3113,27,31,29.0
3113,27,31,29.0
3113,27,31,29.0
3113,27,31,29.0
3113,27,31,29.0
3113,27,31,29.0
3114,27,31,29.0
3114,27,31,29.0
3114,28,31,29.5
3114,28,31,29.5
3114,28,31,29.5
3114,28,31,29.5
3114,28,31,29.5
3114,28,31,29.5
3114,28,31,29.5
3114,28,31,29.5
3114,28,31,29.5
3114,28,31,29.5
3114,28,31,29.5
3114,28,31,29.5
3114,28,31,29.5
3114,28,31,29.5
3114,28,31,29.5
3114,28,31,29.5
3114,28,31,29.5
3114,28,31,29.5
3114,28,31,29.5
3114,28,31,29.5
3114,28,31,29.5
3114,28,31,29.5
3114,28,31,29.5
3114,28,31,29.5
3114,28,31,29.5
3114,28,31,29.5
3114,28,31,29.5
3114,28,31,29.5
3114,28,31,29.5
3114,28,31,29.5
3114,27,31,29.0
3114,27,31,29.0
3114,27,31,29.0
3114,27,31,29.0
3114,27,31,29.0
3114,27,31,29.0
3114,27,31,29.0
3114,27,31,29.0
3114,27,31,29.0
3114,27,31,29.0
3114,28,31,29.5
3114,28,31,29.5
3114,28,31,29.5
3114,28,31,29.5
3114,28,31,29.5
3114,28,31,29.5
3114,28,31,29.5
3114,28,31,29.5
3114,28,31,29.5
3114,28,31,29.5
3114,28,31,29.5
3114,28,31,29.5
3114,28,31,29.5
3114,28,31,29.5
3114,28,31,29.5
3114,28,31,29.5
3114,28,31,29.5
3114,28,31,29.5
3114,28,31,29.5
3114,29,31,30.0
3114,29,31,30.0
3114,29,31,30.0
3114,29,31,30.0
3114,29,31,30.0
3114,29,31,30.0
3114,29,31,30.0
3114,29,31,30.0
3114,29,31,30.0
3114,29,31,30.0
3114,29,31,30.0
3114,29,31,30.0
3114,29,31,30.0
3114,29,31,30.0
3114,29,31,30.0
3114,29,31,30.0
3114,29,31,30.0
3114,29,31,30.0
3114,29,31,30.0
3114,29,31,30.0
3114,29,31,30.0
3114,29,31,30.0
3114,29,31,30.0
3114,29,31,30.0
3114,29,31,30.0
3114,29,31,30.0
3114,29,31,30.0
3114,29,31,30.0
3114,29,31,30.0
3114,29,31,30.0
3114,29,31,30.0
3114,29,31,30.0
3114,29,31,30.0
3114,29,31,30.0
3114,29,31,30.0
3114,29,31,30.0
3114,29,31,30.0
3114,30,31,30.5
3114,30,31,30.5
3114,30,31,30.5
3114,30,31,30.5
3114,30,31,30.5
3114,30,31,30.5
3115,30,32,31.0
3115,30,32,31.0
3115,30,32,31.0
3115,30,32,31.0
3115,31,32,31.5
3115,31,32,31.5
3115,31,32,31.5
3115,31,32,31.5
3115,31,32,31.5
3115,31,32,31.5
3115,31,32,31.5
3115,31,32,31.5
3115,31,32,31.5
3115,31,32,31.5
3115,31,32,31.5
3115,31,32,31.5
3115,31,32,31.5
3115,31,32,31.5
3115,31,32,31.5
3115,31,32,31.5
3115,31,32,31.5
3115,31,32,31.5
3115,31,32,31.5
3115,31,32,31.5
3115,31,32,31.5
3115,31,32,31.5
3115,31,32,31.5
3115,31,32,31.5
3115,31,32,31.5
3115,31,32,31.5
3115,31,32,31.5
3115,31,32,31.5
3115,31,32,31.5
3115,31,32,31.5
3115,31,32,31.5
3115,31,32,31.5
3116,31,32,31.5
3116,31,32,31.5
3116,31,32,31.5
3116,31,32,31.5
3116,31,32,31.5
3116,31,32,31.5
3116,31,32,31.5
3116,31,32,31.5
3116,31,32,31.5
3116,31,32,31.5
3116,31,32,31.5
3116,31,32,31.5
3116,30,32,31.0
3117,30,32,31.0
3117,30,32,31.0
3117,30,32,31.0
3117,30,32,31.0
3117,30,32,31.0
3117,30,32,31.0
3117,30,32,31.0
3117,30,32,31.0
3117,30,32,31.0
3117,31,32,31.5
3117,31,32,31.5
3117,31,32,31.5
3117,31,32,31.5
3117,31,32,31.5
3117,31,32,31.5
3117,31,32,31.5
3117,31,32,31.5
3117,31,32,31.5
3117,31,32,31.5
3117,31,32,31.5
3117,31,32,31.5
3117,31,32,31.5
3117,31,32,31.5
3117,31,32,31.5
3117,31,32,31.5
3117,31,32,31.5
3117,31,32,31.5
3117,31,32,31.5
3118,31,32,31.5
3118,31,32,31.5
3118,31,32,31.5
3119,31,32,31.5
3119,31,32,31.5
3119,31,32,31.5
3119,31,32,31.5
3119,31,32,31.5
3119,31,32,31.5
3119,31,32,31.5
3119,31,32,31.5
3119,31,32,31.5
3119,31,32,31.5
3119,31,32,31.5
3120,31,32,31.5
3120,31,32,31.5
3120,31,32,31.5
3120,31,32,31.5
3120,31,32,31.5
3120,31,32,31.5
3120,31,32,31.5
3120,31,32,31.5
3120,31,32,31.5
3120,31,32,31.5
3120,31,32,31.5
3120,31,32,31.5
3120,31,32,31.5
3120,31,32,31.5
3120,31,32,31.5
3121,31,32,31.5
3121,31,32,31.5
3121,31,32,31.5
3121,31,32,31.5
3121,31,32,31.5
3121,31,32,31.5
3121,31,32,31.5
3121,31,32,31.5
3121,31,32,31.5
3121,31,32,31.5
3122,31,32,31.5
3122,31,32,31.5
3122,31,32,31.5
3122,31,32,31.5
3122,31,32,31.5
3122,31,32,31.5
3122,31,32,31.5
3122,31,32,31.5
3122,31,32,31.5
3122,31,32,31.5
3122,31,32,31.5
3122,31,32,31.5
3123,31,32,31.5
3123,31,32,31.5
3123,31,32,31.5
3123,31,32,31.5
3123,31,32,31.5
3124,31,32,31.5
3124,31,32,31.5
3124,31,32,31.5
3124,31,32,31.5
3124,31,32,31.5
3124,31,32,31.5
3124,31,32,31.5
3124,31,32,31.5
3124,31,32,31.5
3124,31,32,31.5
3125,31,32,31.5
3125,31,32,31.5
3125,31,32,31.5
3125,31,32,31.5
3125,31,32,31.5
3125,31,32,31.5
3125,31,32,31.5
3125,31,32,31.5
3126,31,32,31.5
3126,31,32,31.5
3126,31,32,31.5
3126,31,32,31.5
3126,31,32,31.5
3126,31,32,31.5
3126,31,32,31.5
3126,31,32,31.5
3126,31,32,31.5
3126,31,32,31.5
3126,31,32,31.5
3126,31,32,31.5
3126,31,32,31.5
3126,31,32,31.5
3126,31,32,31.5
3127,31,32,31.5
3127,31,32,31.5
3127,31,32,31.5
3127,31,32,31.5
3127,31,32,31.5
3127,31,32,31.5
3127,31,32,31.5
3127,31,32,31.5
3127,31,32,31.5
3127,31,32,31.5
3127,31,32,31.5
3127,31,32,31.5
3127,31,32,31.5
3127,31,32,31.5
3128,31,32,31.5
3128,31,32,31.5
3128,31,32,31.5
3129,31,32,31.5
3129,31,32,31.5
3129,31,32,31.5
3129,31,32,31.5
3129,31,32,31.5
3129,31,32,31.5
3129,31,32,31.5
3129,31,32,31.5
3129,31,32,31.5
3129,31,32,31.5
3129,31,32,31.5
3130,31,32,31.5
3130,31,32,31.5
3130,31,32,31.5
3130,31,32,31.5
3130,31,32,31.5
3130,31,32,31.5
3130,31,32,31.5
3130,31,32,31.5
3130,31,32,31.5
3130,31,32,31.5
3130,31,32,31.5
3130,31,32,31.5
3131,31,32,31.5
3131,31,32,31.5
3131,31,33,32.0
3131,31,33,32.0
3131,31,33,32.0
3131,31,33,32.0
3131,31,33,32.0
3131,31,33,32.0
3132,31,33,32.0
3132,31,33,32.0
3132,31,33,32.0
3132,31,33,32.0
3132,31,33,32.0
3132,31,33,32.0
3132,31,33,32.0
3132,31,33,32.0
3132,31,33,32.0
3132,31,33,32.0
3132,31,33,32.0
3132,30,33,31.5
3132,30,33,31.5
3132,30,33,31.5
3132,30,33,31.5
3132,30,33,31.5
3132,30,33,31.5
3132,30,33,31.5
3132,30,33,31.5
3132,30,33,31.5
3132,30,33,31.5
3132,30,33,31.5
3132,30,33,31.5
3132,30,33,31.5
3132,30,33,31.5
3132,30,33,31.5
3132,30,33,31.5
3132,29,33,31.0
3132,29,33,31.0
3132,29,33,31.0
3132,29,33,31.0
3132,29,33,31.0
3132,29,33,31.0
3132,29,33,31.0
3132,29,33,31.0
3132,29,33,31.0
3132,29,33,31.0
3132,29,33,31.0
3132,29,33,31.0
3132,29,33,31.0
3132,29,33,31.0
3132,29,33,31.0
3132,29,33,31.0
3132,29,33,31.0
3132,29,33,31.0
3132,29,33,31.0
3132,29,33,31.0
3132,29,33,31.0
3132,29,33,31.0
3132,29,33,31.0
3132,29,33,31.0
3132,29,33,31.0
3132,29,33,31.0
3132,29,33,31.0
3132,29,33,31.0
3132,29,33,31.0
3132,29,33,31.0
3132,29,33,31.0
3132,29,33,31.0
3132,29,33,31.0
3132,29,33,31.0
3132,29,33,31.0
3132,29,33,31.0
3132,29,33,31.0
3132,29,33,31.0
3132,29,33,31.0
3133,29,33,31.0
3133,29,33,31.0
3133,29,33,31.0
3133,29,33,31.0
3133,29,33,31.0
3133,29,33,31.0
3133,29,33,31.0
3133,29,33,31.0
3133,29,33,31.0
3133,29,33,31.0
3133,29,33,31.0
3133,29,33,31.0
3133,29,33,31.0
3133,29,33,31.0
3133,29,33,31.0
3133,29,33,31.0
3133,29,33,31.0
3133,29,33,31.0
3133,29,33,31.0
3133,29,33,31.0
3133,29,33,31.0
3133,29,33,31.0
3133,29,34,31.5
3133,29,34,31.5
3133,29,34,31.5
3133,29,34,31.5
3133,29,34,31.5
3133,29,34,31.5
3133,29,34,31.5
3133,29,34,31.5
3133,29,34,31.5
3133,29,34,31.5
3133,29,34,31.5
3133,29,34,31.5
3133,29,34,31.5
3133,29,34,31.5
3133,29,34,31.5
3133,29,34,31.5
3133,29,34,31.5
3133,29,34,31.5
3133,29,34,31.5
3133,29,34,31.5
3133,29,34,31.5
3133,29,34,31.5
3133,29,34,31.5
3133,29,34,31.5
3133,29,34,31.5
3133,29,34,31.5
3133,29,34,31.5
3133,29,34,31.5
3133,30,34,32.0
3133,30,34,32.0
3133,30,34,32.0
3133,30,34,32.0
3133,30,37,33.5
3133,30,37,33.5
3133,30,37,33.5
3133,30,37,33.5
3133,30,37,33.5
3133,30,37,33.5
3133,30,37,33.5
3133,30,37,33.5
3133,30,37,33.5
3133,30,37,33.5
3133,30,37,33.5
3133,30,37,33.5
3133,30,37,33.5
3133,30,37,33.5
3133,30,37,33.5
3133,30,37,33.5
3133,30,36,33.0
3133,30,34,32.0
3133,30,34,32.0
3133,30,34,32.0
3133,30,34,32.0
3133,30,34,32.0
3133,30,34,32.0
3133,30,34,32.0
3133,30,34,32.0
3133,30,34,32.0
3133,30,34,32.0
3133,30,34,32.0
3133,30,34,32.0
3133,30,34,32.0
3133,30,34,32.0
3133,30,34,32.0
3133,30,34,32.0
3133,30,34,32.0
3133,30,34,32.0
3133,29,34,31.5
3133,29,34,31.5
3133,29,34,31.5
3133,29,34,31.5
3133,29,34,31.5
3133,29,34,31.5
3133,29,34,31.5
3133,29,34,31.5
3133,29,34,31.5
3133,29,34,31.5
3133,29,34,31.5
3133,26,34,30.0
3133,26,34,30.0
3133,26,34,30.0
3133,26,34,30.0
3133,26,34,30.0
3133,26,34,30.0
3133,26,34,30.0
3133,26,34,30.0
3134,26,34,30.0
3134,26,34,30.0
3134,26,34,30.0
3134,26,34,30.0
3134,26,34,30.0
3134,27,34,30.5
3134,27,34,30.5
3134,27,36,31.5
3134,27,36,31.5
3134,27,36,31.5
3134,27,36,31.5
3134,27,36,31.5
3134,27,36,31.5
3134,27,36,31.5
3134,29,36,32.5
3134,29,36,32.5
3134,29,36,32.5
3134,29,36,32.5
3134,29,36,32.5
3134,29,36,32.5
3134,29,36,32.5
3134,29,36,32.5
3134,29,36,32.5
3134,30,36,33.0
3134,30,36,33.0
3134,30,36,33.0
3134,30,36,33.0
3134,30,36,33.0
3134,30,36,33.0
3134,30,36,33.0
3134,30,36,33.0
3134,30,36,33.0
3134,30,36,33.0
3134,30,36,33.0
3134,30,36,33.0
3134,30,36,33.0
3134,30,36,33.0
3134,30,36,33.0
3134,30,36,33.0
3134,30,36,33.0
3134,29,36,32.5
3134,29,36,32.5
3134,29,36,32.5
3134,29,36,32.5
3134,29,36,32.5
3134,29,36,32.5
3134,29,36,32.5
3134,29,36,32.5
3134,29,36,32.5
3134,29,36,32.5
3134,29,36,32.5
3134,29,36,32.5
3134,29,36,32.5
3134,29,36,32.5
3134,30,36,33.0
3134,30,36,33.0
3134,30,36,33.0
3134,30,36,33.0
3134,30,36,33.0
3134,30,36,33.0
3134,30,36,33.0
3134,30,36,33.0
3134,30,36,33.0
3134,30,36,33.0
3135,30,36,33.0
3135,30,36,33.0
3135,30,36,33.0
3135,30,36,33.0
3135,30,36,33.0
3135,30,36,33.0
3135,30,36,33.0
3135,30,36,33.0
3135,30,36,33.0
3135,30,36,33.0
3135,30,36,33.0
3135,30,36,33.0
3135,30,36,33.0
3135,30,36,33.0
3135,30,36,33.0
3135,30,36,33.0
3135,30,36,33.0
3135,30,36,33.0
3135,30,36,33.0
3135,30,36,33.0
3135,30,36,33.0
3135,30,36,33.0
3135,30,36,33.0
3135,27,36,31.5
3135,27,36,31.5
3135,27,36,31.5
3135,27,36,31.5
3135,27,36,31.5
3135,27,36,31.5
3135,27,36,31.5
3135,27,36,31.5
3135,27,36,31.5
3135,27,36,31.5
3135,27,36,31.5
3135,27,36,31.5
3135,27,36,31.5
3135,28,36,32.0
3135,28,36,32.0
3135,28,36,32.0
3135,28,36,32.0
3135,28,36,32.0
3135,28,36,32.0
3135,28,36,32.0
3135,28,36,32.0
3135,28,36,32.0
3135,28,36,32.0
3135,28,36,32.0
3135,28,36,32.0
3135,28,36,32.0
3135,28,36,32.0
3135,28,36,32.0
3135,28,36,32.0
3135,28,36,32.0
3135,28,36,32.0
3135,28,36,32.0
3135,28,36,32.0
3135,28,36,32.0
3135,28,36,32.0
3135,28,36,32.0
3135,27,36,31.5
3135,27,36,31.5
3135,27,36,31.5
3135,27,36,31.5
3135,27,36,31.5
3135,27,36,31.5
3135,27,36,31.5
3135,27,36,31.5
3135,27,36,31.5
3135,29,36,32.5
3135,29,36,32.5
3135,29,36,32.5
3135,29,36,32.5
3135,29,36,32.5
3135,29,36,32.5
3135,27,36,31.5
3135,27,36,31.5
3135,27,36,31.5
3135,27,36,31.5
3135,27,36,31.5
3135,27,36,31.5
3135,27,36,31.5
3135,27,36,31.5
3135,27,36,31.5
3135,27,36,31.5
3135,28,36,32.0
3135,28,36,32.0
3135,28,36,32.0
3135,28,36,32.0
3135,28,36,32.0
3136,28,36,32.0
3136,28,36,32.0
3136,28,36,32.0
3136,28,36,32.0
3136,28,36,32.0
3136,28,36,32.0
3136,28,36,32.0
3136,28,36,32.0
3136,29,36,32.5
3136,29,36,32.5
3136,29,36,32.5
3136,29,36,32.5
3136,29,36,32.5
3136,29,36,32.5
3136,29,36,32.5
3136,29,36,32.5
3136,29,36,32.5
3136,29,36,32.5
3136,29,36,32.5
3136,29,36,32.5
3136,29,36,32.5
3136,29,36,32.5
3136,29,36,32.5
3136,29,36,32.5
3136,29,36,32.5
3136,29,36,32.5
3136,29,36,32.5
3136,29,36,32.5
3136,29,36,32.5
3136,29,36,32.5
3136,29,36,32.5
3136,29,36,32.5
3136,29,36,32.5
3136,29,36,32.5
3136,29,36,32.5
3136,29,36,32.5
3136,29,36,32.5
3136,29,36,32.5
3136,27,36,31.5
3136,27,36,31.5
3136,27,36,31.5
3137,27,36,31.5
3137,27,36,31.5
3137,27,36,31.5
3137,27,36,31.5
3137,27,36,31.5
3137,27,36,31.5
3137,27,39,33.0
3137,27,39,33.0
3137,27,39,33.0
3137,27,39,33.0
3137,27,39,33.0
3137,27,39,33.0
3137,27,39,33.0
3137,27,39,33.0
3137,27,39,33.0
3137,27,39,33.0
3137,27,39,33.0
3137,27,39,33.0
3137,27,39,33.0
3137,28,39,33.5
3137,28,39,33.5
3137,28,39,33.5
3137,28,39,33.5
3137,28,39,33.5
3137,27,39,33.0
3137,27,39,33.0
3137,27,39,33.0
3137,27,39,33.0
3137,27,39,33.0
3137,27,41,34.0
3137,27,41,34.0
3137,27,41,34.0
3137,27,41,34.0
3137,27,41,34.0
3137,27,39,33.0
3137,27,39,33.0
3137,27,39,33.0
3137,27,39,33.0
3137,27,39,33.0
3137,27,39,33.0
3137,27,39,33.0
3137,27,41,34.0
3137,27,41,34.0
3137,27,41,34.0
3137,27,41,34.0
3137,27,41,34.0
3137,27,41,34.0
3137,27,41,34.0
3137,27,41,34.0
3137,27,41,34.0
3137,27,41,34.0
3137,27,41,34.0
3137,27,41,34.0
3137,27,41,34.0
3137,27,41,34.0
3137,27,41,34.0
3137,27,41,34.0
3137,27,41,34.0
3137,27,41,34.0
3137,27,41,34.0
3137,27,41,34.0
3137,27,41,34.0
3137,27,41,34.0
3137,27,41,34.0
3137,27,41,34.0
3137,27,41,34.0
3137,27,39,33.0
3137,27,39,33.0
3138,27,39,33.0
3138,27,39,33.0
3138,27,39,33.0
3138,27,39,33.0
3138,27,39,33.0
3138,27,39,33.0
3138,27,39,33.0
3138,27,39,33.0
3138,27,39,33.0
3138,27,39,33.0
3138,27,39,33.0
3138,27,39,33.0
3138,27,39,33.0
3138,27,39,33.0
3138,27,39,33.0
3138,27,39,33.0
3138,27,39,33.0
3138,27,39,33.0
3138,27,39,33.0
3138,27,39,33.0
3138,27,39,33.0
3138,27,39,33.0
3138,27,39,33.0
3138,27,39,33.0
3138,27,39,33.0
3138,27,39,33.0
3138,27,39,33.0
3138,27,39,33.0
3138,27,39,33.0
3138,27,39,33.0
3138,27,39,33.0
3138,27,39,33.0
3138,27,39,33.0
3138,27,39,33.0
3138,27,39,33.0
3138,27,39,33.0
3138,27,39,33.0
3138,27,39,33.0
3138,27,39,33.0
3138,27,39,33.0
3138,27,39,33.0
3138,27,39,33.0
3138,27,39,33.0
3138,28,39,33.5
3138,28,39,33.5
3138,28,39,33.5
3138,28,39,33.5
3138,28,39,33.5
3138,28,39,33.5
3138,28,39,33.5
3138,28,39,33.5
3138,28,39,33.5
3138,28,39,33.5
3138,28,39,33.5
3138,28,39,33.5
3138,28,39,33.5
3138,28,39,33.5
3138,28,39,33.5
3138,28,39,33.5
3138,28,39,33.5
3138,28,39,33.5
3138,28,39,33.5
3139,28,39,33.5
3139,28,39,33.5
3139,28,39,33.5
3139,28,39,33.5
3139,28,39,33.5
3139,28,39,33.5
3139,28,39,33.5
3139,28,39,33.5
3139,28,39,33.5
3139,28,39,33.5
3139,28,39,33.5
3139,28,39,33.5
3139,28,39,33.5
3139,28,39,33.5
3139,28,39,33.5
3139,28,39,33.5
3139,28,39,33.5
3139,28,39,33.5
3139,28,39,33.5
3139,28,39,33.5
3139,28,39,33.5
3139,28,39,33.5
3139,28,39,33.5
3140,28,39,33.5
3140,28,39,33.5
3140,28,39,33.5
3140,28,37,32.5
3140,28,37,32.5
3140,28,37,32.5
3140,28,37,32.5
3140,28,37,32.5
3140,28,37,32.5
3140,28,37,32.5
3140,28,37,32.5
3140,28,37,32.5
3140,28,37,32.5
3140,28,37,32.5
3140,28,37,32.5
3140,28,37,32.5
3140,28,37,32.5
3140,28,37,32.5
3140,28,37,32.5
3140,28,37,32.5
3140,28,37,32.5
3140,28,37,32.5
3140,28,37,32.5
3140,28,37,32.5
3140,28,37,32.5
3140,28,37,32.5
3140,28,37,32.5
3140,28,37,32.5
3140,28,37,32.5
3140,28,37,32.5
3140,28,37,32.5
3140,28,37,32.5
3140,28,37,32.5
3140,28,37,32.5
3140,28,37,32.5
3140,28,37,32.5
3140,28,37,32.5
3140,28,37,32.5
3140,28,37,32.5
3140,28,37,32.5
3140,28,37,32.5
3140,28,37,32.5
3140,28,37,32.5
3140,28,37,32.5
3140,28,37,32.5
3140,28,37,32.5
3140,28,37,32.5
3140,28,37,32.5
3140,28,37,32.5
3140,28,36,32.0
3140,28,36,32.0
3140,27,36,31.5
3140,25,36,30.5
3140,25,27,26.0
3140,25,27,26.0
3140,25,27,26.0
3140,25,27,26.0
3140,25,27,26.0
3140,24,27,25.5
3140,24,27,25.5
3140,24,27,25.5
3140,24,27,25.5
3140,24,27,25.5
3140,24,27,25.5
3140,24,27,25.5
3140,24,27,25.5
3140,24,27,25.5
3140,24,27,25.5
3140,24,27,25.5
3140,24,27,25.5
3140,24,27,25.5
3140,24,27,25.5
3140,24,27,25.5
3140,24,27,25.5
3140,24,27,25.5
3140,24,27,25.5
3140,24,26,25.0
3140,24,26,25.0
3140,24,26,25.0
3140,24,26,25.0
3140,24,26,25.0
3140,24,26,25.0
3140,24,26,25.0
3140,24,26,25.0
3140,24,26,25.0
3140,24,26,25.0
3140,24,26,25.0
3140,23,26,24.5
3140,23,26,24.5
3140,23,26,24.5
3140,23,26,24.5
3140,23,26,24.5
3140,23,26,24.5
3140,23,26,24.5
3140,23,26,24.5
3140,24,26,25.0
3140,24,26,25.0
3140,24,26,25.0
3140,24,26,25.0
3140,24,26,25.0
3140,24,26,25.0
3140,24,26,25.0
3140,24,26,25.0
3140,24,26,25.0
3140,24,26,25.0
3140,23,26,24.5
3140,23,26,24.5
3140,24,26,25.0
3140,24,26,25.0
3140,24,26,25.0
3140,24,26,25.0
3140,23,26,24.5
3140,23,26,24.5
3140,23,26,24.5
3140,24,26,25.0
3140,24,26,25.0
3140,24,26,25.0
3140,24,26,25.0
3140,24,26,25.0
3140,24,26,25.0
3140,24,26,25.0
3140,24,26,25.0
3140,24,26,25.0
3140,24,26,25.0
3140,24,26,25.0
3140,24,26,25.0
3140,24,26,25.0
3140,24,26,25.0
3140,24,26,25.0
3140,24,26,25.0
3140,24,26,25.0
3140,24,26,25.0
3140,24,26,25.0
3140,24,26,25.0
3140,24,26,25.0
3140,24,26,25.0
3140,24,26,25.0
3140,24,26,25.0
3141,24,26,25.0
3141,24,26,25.0
3141,24,26,25.0
3141,24,26,25.0
3141,25,26,25.5
3141,25,26,25.5
3141,25,26,25.5
3141,25,26,25.5
3141,25,26,25.5
3141,25,26,25.5
3141,25,26,25.5
3141,25,26,25.5
3141,24,26,25.0
3141,24,26,25.0
3141,24,26,25.0
3141,24,26,25.0
3141,24,26,25.0
3141,24,26,25.0
3141,24,26,25.0
3141,24,26,25.0
3141,24,26,25.0
3141,24,26,25.0
3141,24,26,25.0
3141,24,26,25.0
3141,24,26,25.0
3141,24,26,25.0
3141,24,26,25.0
3141,24,26,25.0
3141,24,26,25.0
3141,24,26,25.0
3141,23,26,24.5
3141,23,26,24.5
3141,23,26,24.5
3141,23,26,24.5
3141,23,26,24.5
3141,23,26,24.5
3141,23,26,24.5
3141,23,26,24.5
3141,23,26,24.5
3142,23,26,24.5
3142,23,26,24.5
3142,23,26,24.5
3142,23,26,24.5
3142,23,26,24.5
3142,23,26,24.5
3142,23,26,24.5
3142,23,26,24.5
3142,23,26,24.5
3142,23,26,24.5
3142,23,26,24.5
3142,23,26,24.5
3142,23,26,24.5
3142,23,26,24.5
3142,23,25,24.0
3142,23,25,24.0
3142,23,25,24.0
3142,23,25,24.0
3142,23,25,24.0
3142,23,25,24.0
3142,23,25,24.0
3142,23,25,24.0
3142,23,25,24.0
3142,23,25,24.0
3142,23,25,24.0
3142,23,25,24.0
3142,23,25,24.0
3142,23,25,24.0
3142,23,25,24.0
3142,23,25,24.0
3142,23,25,24.0
3142,23,25,24.0
3143,23,25,24.0
3143,23,25,24.0
3143,23,25,24.0
3143,23,25,24.0
3143,23,25,24.0
3143,23,25,24.0
3143,23,25,24.0
3143,23,25,24.0
3143,23,25,24.0
3143,23,25,24.0
3143,23,25,24.0
3143,23,25,24.0
3143,23,25,24.0
3143,23,25,24.0
3143,23,25,24.0
3143,23,25,24.0
3143,23,25,24.0
3143,23,25,24.0
3143,23,25,24.0
3143,23,25,24.0
3143,23,25,24.0
3143,23,25,24.0
3143,23,25,24.0
3143,23,25,24.0
3143,23,25,24.0
3144,23,25,24.0
3144,23,25,24.0
3144,23,25,24.0
3144,23,25,24.0
3144,23,25,24.0
3144,23,25,24.0
3144,23,25,24.0
3144,23,25,24.0
3144,24,25,24.5
3144,24,25,24.5
3144,24,25,24.5
3144,24,25,24.5
3144,24,25,24.5
3144,24,25,24.5
3144,24,25,24.5
3144,24,25,24.5
3144,24,25,24.5
3145,24,25,24.5
3145,24,25,24.5
3145,24,25,24.5
3145,24,25,24.5
3145,24,25,24.5
3145,24,25,24.5
3145,24,25,24.5
3145,24,25,24.5
3145,24,25,24.5
3145,24,25,24.5
3145,24,25,24.5
3145,24,25,24.5
3145,24,25,24.5
3145,24,25,24.5
3145,24,25,24.5
3145,24,25,24.5
3145,24,25,24.5
3147,24,25,24.5
3147,24,25,24.5
3147,24,25,24.5
3147,24,25,24.5
3147,24,25,24.5
3147,24,25,24.5
3147,24,25,24.5
3147,24,25,24.5
3147,24,25,24.5
3147,24,25,24.5
3147,24,25,24.5
3147,24,25,24.5
3147,24,25,24.5
3147,24,25,24.5
3147,24,25,24.5
3148,24,25,24.5
3148,24,25,24.5
3148,24,25,24.5
3148,24,25,24.5
3148,24,25,24.5
3148,24,25,24.5
3148,24,25,24.5
3148,24,26,25.0
3148,25,26,25.5
3148,25,26,25.5
3148,25,26,25.5
3148,25,26,25.5
3148,25,26,25.5
3148,25,26,25.5
3148,25,26,25.5
3148,25,26,25.5
3148,25,26,25.5
3148,25,26,25.5
3149,25,26,25.5
3149,25,26,25.5
3149,25,26,25.5
3149,25,26,25.5
3149,25,26,25.5
3149,25,26,25.5
3150,25,26,25.5
3150,25,26,25.5
3150,25,26,25.5
3150,25,26,25.5
3150,25,26,25.5
3150,25,26,25.5
3150,25,26,25.5
3150,25,26,25.5
3150,25,26,25.5
3150,25,26,25.5
3150,25,26,25.5
3150,25,26,25.5
3150,25,26,25.5
3150,25,26,25.5
3150,25,26,25.5
3150,25,26,25.5
3150,25,26,25.5
3150,25,26,25.5
3150,25,26,25.5
3150,25,26,25.5
3150,25,26,25.5
3150,25,26,25.5
3150,25,26,25.5
3150,25,26,25.5
3150,25,26,25.5
3150,25,26,25.5
3150,25,26,25.5
3150,25,26,25.5
3150,25,26,25.5
3150,25,26,25.5
3152,25,26,25.5
3152,25,26,25.5
3152,25,26,25.5
3152,25,26,25.5
3152,25,26,25.5
3152,25,26,25.5
3152,25,26,25.5
3152,25,26,25.5
3153,25,26,25.5
3153,25,26,25.5
3153,25,26,25.5
3154,25,26,25.5
3154,25,26,25.5
3155,25,26,25.5
3155,25,26,25.5
3155,25,26,25.5
3155,25,26,25.5
3155,25,26,25.5
3155,25,26,25.5
3155,25,26,25.5
3155,25,26,25.5
3155,25,26,25.5
3155,25,26,25.5
3157,25,26,25.5
3157,25,26,25.5
3157,25,26,25.5
3157,25,26,25.5
3157,25,26,25.5
3157,25,26,25.5
3157,25,26,25.5
3157,25,26,25.5
3158,25,26,25.5
3158,25,26,25.5
3158,25,26,25.5
3158,25,26,25.5
3159,25,26,25.5
3159,25,26,25.5
3159,25,26,25.5
3159,25,26,25.5
3159,25,26,25.5
3159,25,26,25.5
3159,25,26,25.5
3159,25,26,25.5
3160,25,26,25.5
3160,25,26,25.5
3160,25,26,25.5
3160,25,26,25.5
3160,25,26,25.5
3160,25,26,25.5
3160,25,26,25.5
3160,25,26,25.5
3160,25,26,25.5
3160,25,26,25.5
3160,25,26,25.5
3160,25,26,25.5
3160,25,26,25.5
3160,25,26,25.5
3160,25,26,25.5
3160,25,26,25.5
3160,25,26,25.5
3160,25,26,25.5
3160,23,26,24.5
3160,23,26,24.5
3160,23,26,24.5
3160,23,26,24.5
3160,23,26,24.5
3160,23,26,24.5
3160,23,26,24.5
3160,23,26,24.5
3160,23,26,24.5
3160,23,26,24.5
3160,23,26,24.5
3160,23,26,24.5
3160,23,26,24.5
3160,23,26,24.5
3160,23,26,24.5
3160,23,26,24.5
3160,23,26,24.5
3160,23,26,24.5
3160,23,26,24.5
3160,23,26,24.5
3160,23,26,24.5
3160,23,26,24.5
3160,23,26,24.5
3160,23,26,24.5
3160,23,26,24.5
3160,23,26,24.5
3160,23,26,24.5
3160,23,26,24.5
3160,23,26,24.5
3160,23,26,24.5
3160,23,26,24.5
3160,23,26,24.5
3160,23,26,24.5
3160,23,26,24.5
3160,23,26,24.5
3160,23,26,24.5
3160,23,26,24.5
3160,23,26,24.5
3160,23,26,24.5
3160,23,26,24.5
3160,23,26,24.5
3160,23,26,24.5
3160,23,26,24.5
3160,23,26,24.5
3160,23,26,24.5
3160,23,26,24.5
3160,23,26,24.5
3160,23,26,24.5
3160,23,26,24.5
3160,23,26,24.5
3160,23,26,24.5
3160,23,26,24.5
3160,23,26,24.5
3160,23,26,24.5
3161,23,26,24.5
3161,23,26,24.5
3161,23,26,24.5
3161,23,26,24.5
3161,23,26,24.5
3161,23,26,24.5
3161,23,26,24.5
3161,23,26,24.5
3161,23,26,24.5
3161,23,26,24.5
3161,23,26,24.5
3161,23,26,24.5
3161,23,26,24.5
3161,23,26,24.5
3161,23,27,25.0
3161,23,27,25.0
3161,23,27,25.0
3161,23,27,25.0
3161,23,27,25.0
3161,23,27,25.0
3161,23,27,25.0
3161,23,27,25.0
3161,23,27,25.0
3161,23,27,25.0
3161,23,27,25.0
3161,23,27,25.0
3161,23,27,25.0
3161,23,27,25.0
3161,23,27,25.0
3161,23,27,25.0
3161,23,27,25.0
3161,23,27,25.0
3161,23,27,25.0
3161,23,27,25.0
3161,23,27,25.0
3161,23,27,25.0
3161,23,27,25.0
3161,23,29,26.0
3161,23,29,26.0
3161,23,29,26.0
3161,23,29,26.0
3161,23,29,26.0
3161,23,29,26.0
3161,23,29,26.0
3161,23,29,26.0
3161,23,29,26.0
3161,23,29,26.0
3161,23,29,26.0
3161,23,29,26.0
3161,23,29,26.0
3161,23,29,26.0
3161,23,29,26.0
3161,23,29,26.0
3161,23,29,26.0
3161,23,29,26.0
3161,23,29,26.0
3161,23,29,26.0
3161,23,29,26.0
3161,23,29,26.0
3161,23,29,26.0
3161,23,29,26.0
3161,23,29,26.0
3161,23,29,26.0
3161,23,29,26.0
3161,23,29,26.0
3161,23,29,26.0
3161,23,29,26.0
3161,23,29,26.0
3161,23,29,26.0
3161,23,29,26.0
3161,23,29,26.0
3161,23,29,26.0
3161,23,29,26.0
3161,23,29,26.0
3161,23,29,26.0
3161,23,29,26.0
3161,23,29,26.0
3161,23,29,26.0
3161,23,29,26.0
3161,23,29,26.0
3161,23,29,26.0
3161,23,29,26.0
3161,23,29,26.0
3161,23,29,26.0
3161,23,29,26.0
3161,20,29,24.5
3161,20,29,24.5
3161,19,29,24.0
3161,19,29,24.0
3161,19,29,24.0
3161,19,29,24.0
3161,19,29,24.0
3161,19,29,24.0
3161,22,29,25.5
3161,22,29,25.5
3161,22,29,25.5
3161,22,29,25.5
3161,23,29,26.0
3161,23,29,26.0
3161,23,29,26.0
3161,23,29,26.0
3161,23,29,26.0
3161,23,29,26.0
3161,23,29,26.0
3161,23,29,26.0
3161,23,29,26.0
3161,23,29,26.0
3161,23,29,26.0
3161,23,29,26.0
3161,23,29,26.0
3161,23,29,26.0
3161,23,29,26.0
3161,23,29,26.0
3161,23,29,26.0
3161,23,29,26.0
3161,23,29,26.0
3161,23,29,26.0
3161,23,29,26.0
3161,23,29,26.0
3161,23,29,26.0
3161,23,29,26.0
3161,23,29,26.0
3161,23,29,26.0
3161,23,29,26.0
3161,23,29,26.0
3161,23,29,26.0
3161,23,29,26.0
3161,23,29,26.0
3161,23,29,26.0
3161,23,29,26.0
3162,23,29,26.0
3162,23,29,26.0
3162,23,29,26.0
3162,23,29,26.0
3162,23,29,26.0
3162,23,29,26.0
3162,23,29,26.0
3162,23,29,26.0
3162,23,29,26.0
3162,23,29,26.0
3162,23,29,26.0
3162,23,29,26.0
3162,23,29,26.0
3162,23,29,26.0
3162,23,29,26.0
3162,23,29,26.0
3162,23,29,26.0
3162,23,29,26.0
3162,23,29,26.0
3162,23,29,26.0
3162,23,31,27.0
3162,23,30,26.5
3162,23,31,27.0
3162,23,31,27.0
3162,23,30,26.5
3162,23,30,26.5
3162,23,30,26.5
3162,23,30,26.5
3162,23,30,26.5
3162,23,30,26.5
3162,23,31,27.0
3162,23,31,27.0
3162,23,31,27.0
3162,23,31,27.0
3162,23,31,27.0
3162,23,31,27.0
3162,23,31,27.0
3162,23,31,27.0
3162,23,31,27.0
3162,23,31,27.0
3162,23,31,27.0
3162,23,31,27.0
3162,23,31,27.0
3162,23,31,27.0
3162,23,31,27.0
3162,23,31,27.0
3162,23,31,27.0
3162,23,31,27.0
3162,23,31,27.0
3162,23,31,27.0
3162,23,31,27.0
3162,23,31,27.0
3162,23,31,27.0
3162,23,31,27.0
3162,23,31,27.0
3162,23,31,27.0
3162,23,31,27.0
3162,23,31,27.0
3162,23,31,27.0
3162,23,31,27.0
3162,23,30,26.5
3162,23,30,26.5
3162,23,30,26.5
3162,23,30,26.5
3162,23,30,26.5
3162,23,30,26.5
3162,23,30,26.5
3163,23,30,26.5
3163,23,30,26.5
3163,23,30,26.5
3163,23,30,26.5
3163,23,30,26.5
3163,23,30,26.5
3163,23,30,26.5
3163,23,30,26.5
3163,23,30,26.5
3163,23,30,26.5
3163,23,30,26.5
3163,23,30,26.5
3163,23,30,26.5
3163,23,30,26.5
3163,23,30,26.5
3163,23,30,26.5
3163,23,30,26.5
3163,23,30,26.5
3163,23,30,26.5
3163,23,30,26.5
3163,23,30,26.5
3163,23,30,26.5
3163,23,30,26.5
3163,23,30,26.5
3164,23,30,26.5
3164,23,30,26.5
3164,23,30,26.5
3164,23,30,26.5
3164,23,30,26.5
3164,23,30,26.5
3165,23,30,26.5
3165,23,30,26.5
3165,23,30,26.5
3165,23,30,26.5
3165,23,30,26.5
3165,23,30,26.5
3165,23,30,26.5
3165,23,30,26.5
3165,23,30,26.5
3165,23,30,26.5
3165,23,31,27.0
3165,23,31,27.0
3165,23,31,27.0
3165,23,31,27.0
3165,23,31,27.0
3165,23,31,27.0
3165,23,31,27.0
3165,23,31,27.0
3165,23,31,27.0
3165,23,31,27.0
3165,23,31,27.0
3165,23,31,27.0
3165,23,31,27.0
3165,23,31,27.0
3165,23,31,27.0
3165,23,31,27.0
3165,23,31,27.0
3165,23,31,27.0
3165,23,30,26.5
3165,23,30,26.5
3165,23,30,26.5
3165,23,30,26.5
3165,23,30,26.5
3165,23,30,26.5
3165,23,30,26.5
3165,23,30,26.5
3165,23,30,26.5
3165,23,30,26.5
3165,23,30,26.5
3165,23,31,27.0
3165,23,31,27.0
3165,23,31,27.0
3165,23,31,27.0
3165,23,31,27.0
3165,23,31,27.0
3165,23,31,27.0
3165,23,31,27.0
3165,23,31,27.0
3165,23,31,27.0
3165,23,31,27.0
3165,23,31,27.0
3165,23,31,27.0
3165,23,31,27.0
3165,23,31,27.0
3165,23,31,27.0
3165,23,31,27.0
3165,23,31,27.0
3165,23,31,27.0
3165,23,31,27.0
3165,23,31,27.0
3165,23,31,27.0
3165,23,31,27.0
3165,23,31,27.0
3165,23,31,27.0
3165,23,31,27.0
3165,23,31,27.0
3165,23,31,27.0
3165,23,31,27.0
3165,23,31,27.0
3166,23,31,27.0
3166,23,31,27.0
3166,23,31,27.0
3166,23,31,27.0
3166,23,31,27.0
3166,23,31,27.0
3166,23,31,27.0
3166,23,31,27.0
3166,23,31,27.0
3166,23,31,27.0
3166,23,31,27.0
3166,23,31,27.0
3166,23,31,27.0
3166,23,31,27.0
3166,23,31,27.0
3166,23,31,27.0
3166,23,31,27.0
3166,23,31,27.0
3166,23,31,27.0
3166,23,31,27.0
3166,23,31,27.0
3166,23,31,27.0
3166,23,31,27.0
3166,23,31,27.0
3166,23,31,27.0
3166,23,31,27.0
3166,23,31,27.0
3166,23,31,27.0
3166,23,31,27.0
3166,23,31,27.0
3166,23,31,27.0
3166,23,31,27.0
3166,23,31,27.0
3166,23,31,27.0
3166,23,31,27.0
3166,23,31,27.0
3166,23,31,27.0
3166,23,31,27.0
3166,23,31,27.0
3166,23,31,27.0
3166,23,31,27.0
3166,23,31,27.0
3166,23,31,27.0
3166,23,31,27.0
3166,23,31,27.0
3167,23,31,27.0
3167,23,31,27.0
3167,23,31,27.0
3167,23,31,27.0
3167,23,31,27.0
3167,23,31,27.0
3167,23,31,27.0
3167,23,31,27.0
3167,23,31,27.0
3167,23,31,27.0
3167,23,31,27.0
3167,23,31,27.0
3167,23,31,27.0
3167,20,31,25.5
3167,20,31,25.5
3167,20,31,25.5
3167,20,31,25.5
3167,23,31,27.0
3167,23,31,27.0
3167,23,31,27.0
3167,23,31,27.0
3167,23,31,27.0
3167,23,31,27.0
3167,23,31,27.0
3167,23,31,27.0
3167,20,31,25.5
3167,20,31,25.5
3167,20,31,25.5
3167,20,31,25.5
3167,20,31,25.5
3167,20,31,25.5
3167,20,31,25.5
3167,21,31,26.0
3167,21,31,26.0
3167,21,31,26.0
3167,21,31,26.0
3167,21,31,26.0
3167,21,31,26.0
3167,21,31,26.0
3167,21,31,26.0
3167,21,31,26.0
3167,21,31,26.0
3167,21,31,26.0
3167,21,31,26.0
3167,21,31,26.0
3167,21,31,26.0
3167,21,31,26.0
3167,21,31,26.0
3167,21,31,26.0
3167,21,31,26.0
3167,21,31,26.0
3167,21,31,26.0
3167,21,31,26.0
3167,21,31,26.0
3167,21,31,26.0
3167,21,31,26.0
3167,21,31,26.0
3167,21,31,26.0
3167,21,31,26.0
3167,21,31,26.0
3167,21,31,26.0
3167,21,31,26.0
3167,21,31,26.0
3167,21,31,26.0
3168,21,31,26.0
3168,21,31,26.0
3168,21,31,26.0
3168,21,31,26.0
3168,21,31,26.0
3168,21,31,26.0
3168,21,31,26.0
3168,21,31,26.0
3168,21,31,26.0
3168,21,31,26.0
3168,21,31,26.0
3168,21,31,26.0
3168,21,31,26.0
3169,21,31,26.0
3169,21,31,26.0
3169,21,31,26.0
3169,21,31,26.0
3169,21,31,26.0
3169,21,31,26.0
3169,21,31,26.0
3169,21,31,26.0
3169,21,31,26.0
3169,21,31,26.0
3169,21,31,26.0
3170,21,31,26.0
3170,21,31,26.0
3170,21,31,26.0
3170,21,31,26.0
3170,21,31,26.0
3170,21,31,26.0
3170,21,31,26.0
3170,21,31,26.0
3170,21,31,26.0
3170,21,31,26.0
3170,21,31,26.0
3171,21,31,26.0
3171,21,31,26.0
3171,21,31,26.0
3171,21,31,26.0
3171,21,31,26.0
3171,21,31,26.0
3171,21,31,26.0
3171,21,31,26.0
3171,21,31,26.0
3171,21,31,26.0
3171,21,31,26.0
3171,21,31,26.0
3171,21,31,26.0
3171,21,31,26.0
3171,21,31,26.0
3171,21,31,26.0
3171,21,31,26.0
3171,21,31,26.0
3171,21,31,26.0
3171,21,30,25.5
3171,21,30,25.5
3171,21,30,25.5
3172,21,30,25.5
3172,21,30,25.5
3172,21,30,25.5
3172,21,30,25.5
3172,21,30,25.5
3172,21,30,25.5
3172,21,30,25.5
3172,21,30,25.5
3172,21,30,25.5
3172,21,30,25.5
3172,21,30,25.5
3172,21,30,25.5
3172,21,30,25.5
3172,21,30,25.5
3172,21,30,25.5
3172,21,30,25.5
3172,21,30,25.5
3172,21,30,25.5
3172,21,30,25.5
3172,21,30,25.5
3172,21,30,25.5
3172,21,30,25.5
3172,21,30,25.5
3172,21,30,25.5
3172,21,30,25.5
3172,21,30,25.5
3172,21,30,25.5
3172,21,30,25.5
3172,21,30,25.5
3172,21,30,25.5
3172,21,30,25.5
3172,21,30,25.5
3172,21,30,25.5
3172,21,30,25.5
3172,21,30,25.5
3172,21,30,25.5
3172,21,30,25.5
3173,21,30,25.5
3173,21,30,25.5
3173,21,30,25.5
3173,21,30,25.5
3173,21,30,25.5
3173,21,30,25.5
3173,21,30,25.5
3173,21,30,25.5
3173,21,30,25.5
3173,21,30,25.5
3173,21,30,25.5
3173,21,30,25.5
3173,21,30,25.5
3173,21,30,25.5
3173,21,30,25.5
3173,21,30,25.5
3173,21,30,25.5
3173,21,30,25.5
3173,21,30,25.5
3173,21,30,25.5
3173,21,30,25.5
3173,21,30,25.5
3173,21,30,25.5
3173,21,30,25.5
3173,21,30,25.5
3173,21,30,25.5
3173,21,30,25.5
3173,21,30,25.5
3173,21,30,25.5
3173,21,30,25.5
3173,21,30,25.5
3173,21,30,25.5
3173,21,30,25.5
3173,21,30,25.5
3173,21,30,25.5
3173,21,30,25.5
3173,21,30,25.5
3173,21,30,25.5
3173,21,30,25.5
3174,21,30,25.5
3174,21,30,25.5
3174,21,30,25.5
3174,21,30,25.5
3174,21,30,25.5
3174,21,30,25.5
3174,21,30,25.5
3174,21,30,25.5
3174,21,30,25.5
3174,21,30,25.5
3174,21,30,25.5
3174,21,30,25.5
3174,21,30,25.5
3174,21,30,25.5
3174,21,30,25.5
3174,22,30,26.0
3175,22,30,26.0
3175,22,30,26.0
3175,22,30,26.0
3175,22,30,26.0
3175,22,30,26.0
3175,22,30,26.0
3175,22,30,26.0
3175,22,30,26.0
3175,22,30,26.0
3175,22,30,26.0
3175,22,30,26.0
3175,22,30,26.0
3175,22,30,26.0
3175,23,30,26.5
3175,23,30,26.5
3175,23,30,26.5
3175,23,30,26.5
3175,23,30,26.5
3175,23,30,26.5
3175,23,30,26.5
3175,23,30,26.5
3175,23,30,26.5
3175,23,30,26.5
3175,23,30,26.5
3175,23,30,26.5
3175,23,30,26.5
3175,23,30,26.5
3175,23,30,26.5
3175,23,30,26.5
3175,23,30,26.5
3175,23,30,26.5
3175,23,30,26.5
3175,23,30,26.5
3175,23,30,26.5
3175,24,30,27.0
3175,24,30,27.0
3175,24,30,27.0
3175,24,30,27.0
3175,24,30,27.0
3175,24,30,27.0
3175,24,30,27.0
3175,24,30,27.0
3175,24,30,27.0
3175,24,30,27.0
3175,24,30,27.0
3175,24,30,27.0
3175,24,30,27.0
3175,24,30,27.0
3175,24,30,27.0
3175,24,30,27.0
3175,24,30,27.0
3175,24,30,27.0
3175,23,30,26.5
3175,23,30,26.5
3175,23,30,26.5
3175,23,30,26.5
3175,23,30,26.5
3175,23,30,26.5
3175,24,30,27.0
3175,24,30,27.0
3175,24,30,27.0
3175,24,30,27.0
3175,24,30,27.0
3175,24,30,27.0
3175,24,30,27.0
3175,24,30,27.0
3175,24,30,27.0
3175,24,31,27.5
3175,25,31,28.0
3175,25,31,28.0
3175,25,31,28.0
3175,25,31,28.0
3175,25,31,28.0
3175,25,31,28.0
3175,25,31,28.0
3175,25,31,28.0
3175,25,31,28.0
3175,25,31,28.0
3175,25,31,28.0
3175,25,31,28.0
3175,25,31,28.0
3175,25,31,28.0
3175,25,31,28.0
3175,25,31,28.0
3175,25,31,28.0
3175,25,31,28.0
3175,25,31,28.0
3175,25,31,28.0
3175,25,31,28.0
3176,25,31,28.0
3176,25,30,27.5
3176,25,30,27.5
3176,25,30,27.5
3176,25,30,27.5
3176,23,30,26.5
3176,23,30,26.5
3176,26,30,28.0
3176,26,30,28.0
3176,26,30,28.0
3176,26,30,28.0
3176,26,30,28.0
3176,26,30,28.0
3176,26,30,28.0
3176,26,30,28.0
3176,23,30,26.5
3176,23,30,26.5
3176,23,30,26.5
3176,23,30,26.5
3176,23,30,26.5
3176,23,30,26.5
3176,24,30,27.0
3176,24,30,27.0
3176,24,30,27.0
3176,24,30,27.0
3176,24,30,27.0
3176,24,30,27.0
3177,24,30,27.0
3177,24,30,27.0
3177,24,30,27.0
3177,24,30,27.0
3177,24,30,27.0
3177,24,30,27.0
3177,24,30,27.0
3177,24,30,27.0
3177,24,30,27.0
3177,24,30,27.0
3177,24,30,27.0
3177,24,30,27.0
3177,24,30,27.0
3177,24,30,27.0
3177,25,30,27.5
3177,25,30,27.5
3177,25,30,27.5
3177,25,30,27.5
3177,25,30,27.5
3177,25,31,28.0
3177,25,31,28.0
3177,25,31,28.0
3177,25,31,28.0
3177,25,31,28.0
3177,25,31,28.0
3177,25,31,28.0
3177,25,31,28.0
3177,25,31,28.0
3177,25,31,28.0
3177,25,30,27.5
3177,25,30,27.5
3177,25,30,27.5
3177,25,30,27.5
3177,25,30,27.5
3177,25,30,27.5
3177,25,30,27.5
3177,25,30,27.5
3177,25,30,27.5
3177,25,30,27.5
3177,25,30,27.5
3177,25,30,27.5
3177,25,30,27.5
3177,25,30,27.5
3177,25,31,28.0
3177,25,31,28.0
3177,25,31,28.0
3177,25,31,28.0
3177,25,31,28.0
3177,25,31,28.0
3177,25,31,28.0
3177,23,31,27.0
3177,23,31,27.0
3177,23,31,27.0
3177,23,31,27.0
3177,23,31,27.0
3177,23,31,27.0
3177,25,31,28.0
3177,25,31,28.0
3177,25,30,27.5
3177,25,30,27.5
3177,25,30,27.5
3177,25,30,27.5
3177,25,30,27.5
3177,25,30,27.5
3177,25,30,27.5
3177,25,30,27.5
3177,23,30,26.5
3177,24,30,27.0
3177,24,30,27.0
3177,24,30,27.0
3177,24,30,27.0
3177,24,31,27.5
3177,24,31,27.5
3177,24,31,27.5
3177,24,31,27.5
3177,24,31,27.5
3177,24,31,27.5
3177,23,31,27.0
3177,23,31,27.0
3177,25,31,28.0
3177,25,31,28.0
3177,25,31,28.0
3177,25,31,28.0
3177,25,31,28.0
3177,25,31,28.0
3177,25,31,28.0
3177,25,31,28.0
3177,25,31,28.0
3177,25,31,28.0
3178,25,31,28.0
3178,25,31,28.0
3178,25,31,28.0
3178,25,31,28.0
3178,25,31,28.0
3178,25,31,28.0
3178,25,31,28.0
3178,25,31,28.0
3178,25,31,28.0
3178,25,31,28.0
3178,25,31,28.0
3178,25,31,28.0
3178,25,30,27.5
3178,25,30,27.5
3178,25,30,27.5
3178,25,30,27.5
3178,25,30,27.5
3178,25,30,27.5
3178,25,30,27.5
3178,25,30,27.5
3178,25,30,27.5
3178,25,30,27.5
3178,25,30,27.5
3178,25,30,27.5
3178,25,30,27.5
3178,25,30,27.5
3178,25,30,27.5
3178,25,30,27.5
3178,25,30,27.5
3178,25,30,27.5
3178,25,30,27.5
3178,25,30,27.5
3178,25,30,27.5
3178,25,30,27.5
3178,25,31,28.0
3178,25,31,28.0
3178,25,31,28.0
3178,25,31,28.0
3178,25,31,28.0
3178,25,31,28.0
3178,25,31,28.0
3178,25,31,28.0
3178,25,31,28.0
3178,25,31,28.0
3178,25,31,28.0
3178,25,31,28.0
3178,25,31,28.0
3178,25,31,28.0
3178,25,31,28.0
3178,25,31,28.0
3178,25,31,28.0
3178,25,31,28.0
3178,21,31,26.0
3178,21,31,26.0
3178,21,31,26.0
3178,21,31,26.0
3178,21,31,26.0
3178,21,31,26.0
3178,21,31,26.0
3178,21,31,26.0
3178,25,31,28.0
3178,25,31,28.0
3178,25,31,28.0
3178,25,31,28.0
3178,25,31,28.0
3178,25,31,28.0
3178,25,31,28.0
3178,25,31,28.0
3178,25,31,28.0
3178,25,30,27.5
3178,25,30,27.5
3178,25,30,27.5
3178,25,30,27.5
3178,25,30,27.5
3178,25,30,27.5
3178,25,30,27.5
3178,25,30,27.5
3178,25,30,27.5
3178,25,30,27.5
3178,25,30,27.5
3178,25,30,27.5
3178,25,30,27.5
3178,25,30,27.5
3179,25,30,27.5
3179,25,30,27.5
3179,25,30,27.5
3179,25,30,27.5
3179,25,30,27.5
3179,25,30,27.5
3179,25,30,27.5
3179,25,30,27.5
3179,25,30,27.5
3179,25,30,27.5
3179,25,30,27.5
3179,25,30,27.5
3179,25,30,27.5
3179,25,30,27.5
3179,25,30,27.5
3179,25,30,27.5
3179,22,30,26.0
3179,22,30,26.0
3179,22,30,26.0
3179,22,30,26.0
3179,22,30,26.0
3179,22,30,26.0
3179,22,30,26.0
3179,22,30,26.0
3179,22,30,26.0
3179,22,30,26.0
3179,22,30,26.0
3179,22,30,26.0
3179,22,30,26.0
3179,22,30,26.0
3179,22,30,26.0
3179,22,30,26.0
3179,22,30,26.0
3179,22,30,26.0
3179,22,30,26.0
3179,22,30,26.0
3179,22,30,26.0
3179,22,30,26.0
3179,22,31,26.5
3179,22,31,26.5
3179,22,31,26.5
3179,22,31,26.5
3179,22,31,26.5
3179,22,31,26.5
3179,22,31,26.5
3179,22,31,26.5
3179,22,31,26.5
3179,22,31,26.5
3179,22,31,26.5
3179,22,31,26.5
3179,22,31,26.5
3179,22,31,26.5
3179,22,31,26.5
3179,22,31,26.5
3180,22,31,26.5
3180,25,31,28.0
3180,25,31,28.0
3180,25,31,28.0
3180,25,31,28.0
3180,25,31,28.0
3180,25,31,28.0
3180,25,31,28.0
3180,25,31,28.0
3180,25,31,28.0
3180,25,31,28.0
3180,25,31,28.0
3180,25,31,28.0
3180,25,31,28.0
3180,25,31,28.0
3180,25,31,28.0
3180,25,31,28.0
3180,23,31,27.0
3180,23,31,27.0
3180,23,31,27.0
3180,23,31,27.0
3180,23,31,27.0
3180,23,31,27.0
3180,23,31,27.0
3180,23,31,27.0
3180,23,31,27.0
3180,21,31,26.0
3180,22,31,26.5
3180,22,31,26.5
3180,22,31,26.5
3180,24,31,27.5
3180,24,31,27.5
3180,24,31,27.5
3180,24,31,27.5
3180,24,31,27.5
3180,24,31,27.5
3180,24,31,27.5
3180,24,31,27.5
3180,24,31,27.5
3180,24,31,27.5
3180,24,31,27.5
3180,24,31,27.5
3180,24,31,27.5
3180,24,30,27.0
3180,24,30,27.0
3180,24,30,27.0
3180,24,30,27.0
3180,24,30,27.0
3180,24,30,27.0
3180,24,30,27.0
3180,24,30,27.0
3180,24,30,27.0
3180,24,30,27.0
3180,24,30,27.0
3180,24,30,27.0
3180,24,30,27.0
3180,24,30,27.0
3180,24,30,27.0
3180,24,30,27.0
3180,24,30,27.0
3180,24,30,27.0
3180,24,30,27.0
3180,24,30,27.0
3180,24,30,27.0
3180,24,30,27.0
3180,24,30,27.0
3180,24,30,27.0
3181,24,30,27.0
3181,24,30,27.0
3181,24,30,27.0
3181,24,30,27.0
3181,24,30,27.0
3181,24,30,27.0
3181,24,30,27.0
3181,24,30,27.0
3181,24,30,27.0
3181,24,30,27.0
3181,24,30,27.0
3181,24,30,27.0
3181,24,30,27.0
3181,24,30,27.0
3181,24,30,27.0
3181,24,30,27.0
3181,24,29,26.5
3181,24,29,26.5
3181,24,29,26.5
3181,24,29,26.5
3181,24,29,26.5
3181,24,29,26.5
3181,24,30,27.0
3181,24,30,27.0
3181,24,30,27.0
3181,24,30,27.0
3181,24,30,27.0
3181,24,30,27.0
3181,24,30,27.0
3181,24,30,27.0
3181,24,30,27.0
3181,24,30,27.0
3181,24,30,27.0
3181,24,30,27.0
3181,24,30,27.0
3181,24,30,27.0
3181,24,30,27.0
3181,24,30,27.0
3181,24,30,27.0
3181,24,30,27.0
3181,24,30,27.0
3181,24,30,27.0
3181,24,30,27.0
3181,24,30,27.0
3181,24,30,27.0
3181,24,30,27.0
3181,24,30,27.0
3181,24,30,27.0
3181,24,30,27.0
3181,24,30,27.0
3181,24,30,27.0
3181,24,30,27.0
3182,24,30,27.0
3182,24,30,27.0
3182,25,30,27.5
3182,25,30,27.5
3182,25,30,27.5
3182,25,30,27.5
3182,25,30,27.5
3182,25,30,27.5
3182,25,30,27.5
3182,25,30,27.5
3182,25,30,27.5
3182,24,30,27.0
3182,24,30,27.0
3182,24,30,27.0
3182,22,30,26.0
3182,22,30,26.0
3182,22,30,26.0
3182,22,30,26.0
3182,22,30,26.0
3182,22,30,26.0
3182,22,30,26.0
3182,22,30,26.0
3182,22,30,26.0
3182,21,30,25.5
3182,21,30,25.5
3182,21,30,25.5
3182,21,30,25.5
3182,21,30,25.5
3182,21,30,25.5
3182,21,30,25.5
3182,21,30,25.5
3182,21,30,25.5
3182,21,30,25.5
3182,21,30,25.5
3182,21,30,25.5
3182,21,30,25.5
3182,21,29,25.0
3182,21,29,25.0
3182,21,29,25.0
3182,21,29,25.0
3182,21,29,25.0
3182,21,29,25.0
3182,21,29,25.0
3182,24,29,26.5
3182,24,29,26.5
3182,24,29,26.5
3182,24,29,26.5
3182,24,29,26.5
3182,24,29,26.5
3182,24,28,26.0
3182,24,28,26.0
3182,24,28,26.0
3182,24,28,26.0
3182,24,28,26.0
3182,24,29,26.5
3182,24,29,26.5
3182,24,27,25.5
3182,24,27,25.5
3182,24,27,25.5
3182,24,30,27.0
3182,24,29,26.5
3182,24,29,26.5
3182,24,29,26.5
3182,24,30,27.0
3182,24,30,27.0
3182,24,30,27.0
3182,24,30,27.0
3182,24,30,27.0
3182,24,30,27.0
3182,24,30,27.0
3182,24,30,27.0
3182,24,30,27.0
3182,24,29,26.5
3182,24,29,26.5
3182,24,29,26.5
3182,24,29,26.5
3182,24,29,26.5
3182,24,29,26.5
3182,24,29,26.5
3182,24,29,26.5
3182,24,29,26.5
3182,24,29,26.5
3182,24,29,26.5
3182,24,29,26.5
3182,24,29,26.5
3182,24,29,26.5
3182,24,29,26.5
3182,24,29,26.5
3182,24,29,26.5
3182,24,29,26.5
3182,24,29,26.5
3182,24,29,26.5
3182,24,29,26.5
3182,24,29,26.5
3182,24,29,26.5
3182,24,28,26.0
3182,24,28,26.0
3182,24,28,26.0
3182,24,28,26.0
3182,24,28,26.0
3182,24,28,26.0
3182,21,28,24.5
3182,21,28,24.5
3182,21,28,24.5
3182,21,28,24.5
3182,21,28,24.5
3182,21,28,24.5
3183,21,28,24.5
3183,21,28,24.5
3183,21,28,24.5
3183,21,28,24.5
3183,21,28,24.5
3183,21,28,24.5
3183,21,28,24.5
3183,21,29,25.0
3183,21,29,25.0
3183,24,29,26.5
3183,24,29,26.5
3183,24,29,26.5
3183,24,29,26.5
3183,24,29,26.5
3183,24,29,26.5
3183,24,29,26.5
3183,24,25,24.5
3183,24,25,24.5
3183,24,25,24.5
3183,24,25,24.5
3183,24,25,24.5
3183,24,25,24.5
3183,24,25,24.5
3183,24,25,24.5
3183,21,25,23.0
3183,21,25,23.0
3183,21,25,23.0
3183,21,25,23.0
3183,21,25,23.0
3183,21,25,23.0
3183,21,25,23.0
3183,21,25,23.0
3183,21,25,23.0
3183,21,25,23.0
3183,21,25,23.0
3183,21,25,23.0
3183,21,25,23.0
3183,21,25,23.0
3183,21,25,23.0
3183,21,25,23.0
3183,21,25,23.0
3183,21,25,23.0
3183,21,25,23.0
3183,21,25,23.0
3183,21,25,23.0
3183,21,25,23.0
3183,21,25,23.0
3183,21,25,23.0
3183,21,25,23.0
3183,21,25,23.0
3183,21,25,23.0
3183,21,25,23.0
3183,21,25,23.0
3183,21,25,23.0
3183,21,25,23.0
3183,21,24,22.5
3183,21,24,22.5
3183,21,24,22.5
3183,21,24,22.5
3183,21,24,22.5
3183,21,24,22.5
3183,21,24,22.5
3183,21,24,22.5
3183,21,24,22.5
3183,21,24,22.5
3183,21,24,22.5
3183,21,24,22.5
3183,21,24,22.5
3183,21,24,22.5
3183,21,24,22.5
3183,21,24,22.5
3183,21,23,22.0
3183,21,23,22.0
3183,21,23,22.0
3183,21,23,22.0
3183,21,23,22.0
3183,21,23,22.0
3183,21,23,22.0
3183,21,23,22.0
3183,21,23,22.0
3183,21,23,22.0
3183,21,23,22.0
3183,21,23,22.0
3183,21,23,22.0
3183,21,23,22.0
3183,21,23,22.0
3183,21,23,22.0
3183,21,23,22.0
3183,21,23,22.0
3183,21,23,22.0
3183,21,23,22.0
3183,21,23,22.0
3183,21,23,22.0
3183,21,23,22.0
3183,21,23,22.0
3183,21,23,22.0
3183,21,23,22.0
3183,21,23,22.0
3183,21,23,22.0
3183,21,23,22.0
3183,21,23,22.0
3183,21,23,22.0
3183,21,23,22.0
3183,21,23,22.0
3183,20,23,21.5
3183,20,23,21.5
3183,20,23,21.5
3183,20,22,21.0
3183,20,22,21.0
3183,20,22,21.0
3183,20,22,21.0
3183,20,22,21.0
3183,20,22,21.0
3183,20,22,21.0
3183,20,22,21.0
3183,20,22,21.0
3183,20,22,21.0
3183,20,22,21.0
3183,20,22,21.0
3184,20,22,21.0
3184,20,22,21.0
3184,20,22,21.0
3184,20,22,21.0
3184,20,22,21.0
3184,20,22,21.0
3184,19,22,20.5
3184,19,22,20.5
3184,19,22,20.5
3184,19,22,20.5
3184,19,22,20.5
3184,19,22,20.5
3184,19,22,20.5
3184,19,22,20.5
3184,19,22,20.5
3184,19,22,20.5
3184,19,22,20.5
3184,19,22,20.5
3184,19,22,20.5
3184,19,22,20.5
3184,19,22,20.5
3184,19,22,20.5
3184,19,22,20.5
3184,19,22,20.5
3184,19,22,20.5
3184,19,22,20.5
3184,20,22,21.0
3184,20,22,21.0
3184,20,22,21.0
3184,20,22,21.0
3184,20,22,21.0
3184,20,22,21.0
3184,19,22,20.5
3184,19,22,20.5
3184,19,22,20.5
3184,19,22,20.5
3184,19,22,20.5
3184,19,22,20.5
3184,19,22,20.5
3184,19,22,20.5
3184,19,22,20.5
3184,19,22,20.5
3184,19,22,20.5
3184,19,22,20.5
3184,19,22,20.5
3184,19,22,20.5
3184,19,22,20.5
3184,19,22,20.5
3184,19,22,20.5
3184,19,22,20.5
3184,19,22,20.5
3184,19,22,20.5
3184,19,22,20.5
3184,19,22,20.5
3184,19,22,20.5
3184,19,22,20.5
3184,19,22,20.5
3185,19,22,20.5
3185,19,22,20.5
3185,19,22,20.5
3185,19,22,20.5
3185,19,22,20.5
3185,19,22,20.5
3185,19,22,20.5
3185,19,22,20.5
3185,19,22,20.5
3185,19,22,20.5
3185,19,22,20.5
3185,19,22,20.5
3185,19,22,20.5
3185,19,22,20.5
3185,19,22,20.5
3185,19,22,20.5
3185,19,22,20.5
3185,19,21,20.0
3185,19,21,20.0
3185,19,21,20.0
3185,19,21,20.0
3185,19,21,20.0
3185,19,21,20.0
3185,19,21,20.0
3185,19,21,20.0
3185,19,21,20.0
3185,19,21,20.0
3185,19,21,20.0
3185,19,21,20.0
3185,19,21,20.0
3185,19,21,20.0
3185,19,21,20.0
3185,19,21,20.0
3185,19,21,20.0
3185,19,21,20.0
3185,19,21,20.0
3185,19,21,20.0
3186,19,21,20.0
3186,19,21,20.0
3186,19,21,20.0
3186,19,21,20.0
3186,19,21,20.0
3186,19,21,20.0
3186,19,21,20.0
3186,19,21,20.0
3186,19,21,20.0
3186,19,21,20.0
3186,19,21,20.0
3186,19,21,20.0
3186,19,21,20.0
3186,19,21,20.0
3187,19,21,20.0
3187,19,21,20.0
3187,19,21,20.0
3187,19,21,20.0
3187,19,21,20.0
3187,19,21,20.0
3187,19,21,20.0
3187,19,21,20.0
3187,19,21,20.0
3187,19,21,20.0
3187,19,21,20.0
3187,19,21,20.0
3187,19,21,20.0
3187,19,21,20.0
3187,19,21,20.0
3188,19,21,20.0
3188,19,21,20.0
3188,19,21,20.0
3188,19,21,20.0
3188,19,21,20.0
3188,20,21,20.5
3188,20,21,20.5
3188,20,21,20.5
3188,20,21,20.5
3188,20,21,20.5
3188,20,21,20.5
3188,20,21,20.5
3188,20,21,20.5
3188,20,21,20.5
3188,20,21,20.5
3188,20,21,20.5
3188,20,21,20.5
3188,20,21,20.5
3188,20,21,20.5
3188,20,21,20.5
3188,20,21,20.5
3188,20,21,20.5
3188,20,21,20.5
3188,20,21,20.5
3188,20,21,20.5
3188,20,21,20.5
3188,20,21,20.5
3188,20,21,20.5
3188,20,21,20.5
3188,20,21,20.5
3188,20,21,20.5
3188,20,21,20.5
3188,20,21,20.5
3188,20,21,20.5
3188,20,21,20.5
3188,20,21,20.5
3188,20,21,20.5
3188,20,21,20.5
3188,20,21,20.5
3189,20,21,20.5
3189,20,21,20.5
3189,20,21,20.5
3189,20,21,20.5
3189,20,21,20.5
3189,20,21,20.5
3189,20,21,20.5
3189,20,21,20.5
3189,20,21,20.5
3189,20,21,20.5
3189,20,21,20.5
3190,20,21,20.5
3190,20,21,20.5
3190,20,21,20.5
3190,20,21,20.5
3190,20,21,20.5
3190,20,21,20.5
3190,20,21,20.5
3190,20,21,20.5
3190,20,21,20.5
3191,20,21,20.5
3191,20,21,20.5
3191,20,21,20.5
3191,20,21,20.5
3191,20,21,20.5
3191,20,21,20.5
3191,20,21,20.5
3191,20,21,20.5
3191,20,21,20.5
3191,20,21,20.5
3191,20,21,20.5
3192,20,21,20.5
3192,20,21,20.5
3192,20,21,20.5
3192,20,21,20.5
3193,20,21,20.5
3193,20,21,20.5
3193,20,21,20.5
3193,20,21,20.5
3193,20,21,20.5
3193,20,21,20.5
3193,20,21,20.5
3193,20,21,20.5
3193,20,21,20.5
3193,20,21,20.5
3193,20,21,20.5
3193,20,21,20.5
3193,20,21,20.5
3193,20,21,20.5
3193,20,21,20.5
3194,20,21,20.5
3194,20,21,20.5
3194,20,21,20.5
3194,20,21,20.5
3194,20,22,21.0
3194,21,22,21.5
3194,21,22,21.5
3194,21,22,21.5
3194,21,22,21.5
3194,21,22,21.5
3194,21,22,21.5
3194,21,22,21.5
3194,21,22,21.5
3194,21,22,21.5
3194,21,22,21.5
3194,21,22,21.5
3194,21,22,21.5
3194,21,22,21.5
3194,21,22,21.5
3194,21,22,21.5
3194,21,22,21.5
3194,21,22,21.5
3194,21,22,21.5
3194,21,22,21.5
3194,21,22,21.5
3194,21,22,21.5
3194,21,22,21.5
3195,21,22,21.5
3195,21,22,21.5
3195,21,22,21.5
3195,21,22,21.5
3195,21,22,21.5
3196,21,22,21.5
3196,21,22,21.5
3196,21,22,21.5
3196,21,22,21.5
3196,21,22,21.5
3198,21,22,21.5
3198,21,22,21.5
3198,21,22,21.5
3198,21,22,21.5
3198,21,22,21.5
3198,21,22,21.5
3198,21,22,21.5
3199,21,22,21.5
3199,21,22,21.5
3199,21,22,21.5
3199,21,22,21.5
3199,21,22,21.5
3199,21,22,21.5
3199,21,22,21.5
3199,21,22,21.5
3199,21,22,21.5
3199,21,22,21.5
3199,21,22,21.5
3200,21,22,21.5
3200,21,22,21.5
3200,21,22,21.5
3200,21,22,21.5
3200,21,22,21.5
3200,21,22,21.5
3200,21,22,21.5
3200,21,22,21.5
3200,21,22,21.5
3200,21,22,21.5
3200,21,22,21.5
3200,21,22,21.5
3200,21,22,21.5
3200,21,22,21.5
3200,21,22,21.5
3200,21,22,21.5
3200,21,22,21.5
3200,21,22,21.5
3200,21,22,21.5
3200,21,22,21.5
3200,21,22,21.5
3200,21,22,21.5
3200,21,22,21.5
3200,21,22,21.5
3200,21,22,21.5
3200,21,22,21.5
3200,21,22,21.5
3200,21,22,21.5
3200,21,22,21.5
3200,21,22,21.5
3200,21,22,21.5
3200,21,22,21.5
3200,21,22,21.5
3200,21,22,21.5
3200,21,22,21.5
3200,21,22,21.5
3200,21,22,21.5
3200,21,22,21.5
3200,21,22,21.5
3200,21,22,21.5
3200,21,22,21.5
3200,21,22,21.5
3200,21,22,21.5
3200,21,22,21.5
3201,21,22,21.5
3201,21,22,21.5
3201,21,22,21.5
3201,21,22,21.5
3201,21,22,21.5
3201,21,22,21.5
3201,21,22,21.5
3201,21,22,21.5
3201,21,22,21.5
3201,21,22,21.5
3201,21,22,21.5
3201,21,22,21.5
3201,21,22,21.5
3201,21,22,21.5
3201,21,22,21.5
3201,21,22,21.5
3201,21,22,21.5
3201,21,22,21.5
3201,21,22,21.5
3201,21,22,21.5
3201,21,22,21.5
3201,21,22,21.5
3201,21,22,21.5
3201,21,22,21.5
3201,21,22,21.5
3201,21,22,21.5
3201,21,22,21.5
3201,21,22,21.5
3201,21,22,21.5
3201,21,22,21.5
3201,21,22,21.5
3201,21,22,21.5
3201,21,22,21.5
3201,21,22,21.5
3201,21,22,21.5
3201,21,22,21.5
3201,21,22,21.5
3201,21,22,21.5
3201,21,22,21.5
3201,21,22,21.5
3201,21,22,21.5
3201,21,22,21.5
3201,21,22,21.5
3201,21,22,21.5
3201,21,22,21.5
3201,21,22,21.5
3201,21,22,21.5
3201,21,22,21.5
3201,21,22,21.5
3201,21,22,21.5
3201,21,22,21.5
3201,21,22,21.5
3201,21,22,21.5
3201,21,22,21.5
3201,21,22,21.5
3201,21,22,21.5
3201,21,22,21.5
3201,21,22,21.5
3201,21,22,21.5
3201,21,22,21.5
3201,21,22,21.5
3201,21,22,21.5
3201,21,22,21.5
3201,21,22,21.5
3201,21,22,21.5
3201,21,22,21.5
3201,21,22,21.5
3201,21,22,21.5
3202,21,22,21.5
3202,21,22,21.5
3202,21,22,21.5
3202,21,22,21.5
3202,21,22,21.5
3202,21,22,21.5
3202,21,22,21.5
3202,21,22,21.5
3202,21,22,21.5
3202,21,22,21.5
3202,21,22,21.5
3202,21,22,21.5
3202,21,22,21.5
3202,21,22,21.5
3202,21,22,21.5
3202,21,22,21.5
3202,21,22,21.5
3202,21,22,21.5
3202,21,22,21.5
3203,21,22,21.5
3203,21,22,21.5
3203,21,22,21.5
3203,21,22,21.5
3203,21,22,21.5
3203,21,22,21.5
3203,21,22,21.5
3203,21,22,21.5
3203,21,22,21.5
3203,21,22,21.5
3204,21,22,21.5
3204,21,22,21.5
3204,21,22,21.5
3205,21,22,21.5
3205,21,22,21.5
3205,21,22,21.5
3205,21,24,22.5
3205,21,24,22.5
3205,21,24,22.5
3205,21,24,22.5
3205,21,24,22.5
3205,21,24,22.5
3205,21,24,22.5
3205,21,24,22.5
3205,21,24,22.5
3205,21,24,22.5
3205,21,24,22.5
3205,21,24,22.5
3205,21,24,22.5
3205,21,24,22.5
3205,21,24,22.5
3205,21,24,22.5
3205,21,24,22.5
3205,21,24,22.5
3205,21,24,22.5
3205,21,24,22.5
3205,21,23,22.0
3206,21,23,22.0
3206,21,23,22.0
3206,21,23,22.0
3206,21,23,22.0
3206,21,23,22.0
3206,21,23,22.0
3206,21,23,22.0
3206,21,23,22.0
3206,21,23,22.0
3206,21,23,22.0
3206,21,24,22.5
3206,21,24,22.5
3206,21,24,22.5
3206,21,24,22.5
3206,21,24,22.5
3206,21,24,22.5
3206,21,24,22.5
3206,21,24,22.5
3206,21,24,22.5
3206,21,24,22.5
3206,21,24,22.5
3206,21,24,22.5
3206,21,24,22.5
3206,21,24,22.5
3206,21,24,22.5
3206,21,24,22.5
3206,21,24,22.5
3206,21,24,22.5
3206,21,24,22.5
3206,21,24,22.5
3206,21,24,22.5
3206,21,23,22.0
3206,21,24,22.5
3206,21,24,22.5
3206,21,24,22.5
3206,21,24,22.5
3206,21,24,22.5
3206,21,24,22.5
3206,21,24,22.5
3206,21,24,22.5
3206,21,24,22.5
3206,21,24,22.5
3206,21,24,22.5
3206,21,24,22.5
3206,21,24,22.5
3206,21,24,22.5
3206,21,24,22.5
3206,21,23,22.0
3206,21,23,22.0
3206,21,23,22.0
3206,21,23,22.0
3206,21,23,22.0
3206,21,23,22.0
3206,21,23,22.0
3206,21,23,22.0
3207,21,23,22.0
3207,21,23,22.0
3207,21,23,22.0
3207,21,23,22.0
3207,21,23,22.0
3207,21,23,22.0
3207,21,23,22.0
3207,21,23,22.0
3207,21,23,22.0
3207,21,23,22.0
3207,21,23,22.0
3207,21,23,22.0
3207,21,23,22.0
3207,21,23,22.0
3207,21,23,22.0
3207,21,23,22.0
3207,21,24,22.5
3207,21,24,22.5
3207,21,24,22.5
3207,21,24,22.5
3207,21,24,22.5
3207,21,24,22.5
3207,21,24,22.5
3207,21,24,22.5
3207,21,24,22.5
3208,21,24,22.5
3208,21,24,22.5
3208,21,24,22.5
3208,21,24,22.5
3208,21,24,22.5
3208,21,24,22.5
3208,21,24,22.5
3208,21,24,22.5
3208,21,24,22.5
3208,21,24,22.5
3208,21,24,22.5
3208,21,24,22.5
3208,21,24,22.5
3209,21,24,22.5
3209,21,24,22.5
3209,21,24,22.5
3209,21,24,22.5
3209,21,24,22.5
3209,21,24,22.5
3209,21,24,22.5
3209,21,24,22.5
3209,21,24,22.5
3209,21,24,22.5
3209,19,24,21.5
3209,19,24,21.5
3209,19,24,21.5
3209,19,24,21.5
3209,19,24,21.5
3209,19,24,21.5
3209,19,23,21.0
3209,19,23,21.0
3209,19,23,21.0
3209,19,22,20.5
3209,19,22,20.5
3209,19,22,20.5
3209,19,22,20.5
3209,19,22,20.5
3209,19,22,20.5
3209,19,22,20.5
3209,19,22,20.5
3209,19,22,20.5
3209,19,22,20.5
3209,19,22,20.5
3209,19,22,20.5
3209,19,22,20.5
3209,19,22,20.5
3209,19,22,20.5
3209,19,22,20.5
3209,19,22,20.5
3209,19,22,20.5
3209,19,22,20.5
3209,19,22,20.5
3209,19,22,20.5
3209,19,22,20.5
3209,19,22,20.5
3209,19,22,20.5
3209,19,22,20.5
3209,19,21,20.0
3209,19,21,20.0
3209,19,21,20.0
3209,19,21,20.0
3209,19,21,20.0
3209,19,21,20.0
3209,19,21,20.0
3209,19,21,20.0
3209,19,21,20.0
3209,19,21,20.0
3209,19,21,20.0
3209,19,21,20.0
3209,19,21,20.0
3209,19,21,20.0
3209,19,21,20.0
3209,19,21,20.0
3209,19,20,19.5
3209,19,20,19.5
3209,19,20,19.5
3209,19,20,19.5
3209,19,20,19.5
3209,19,20,19.5
3209,19,20,19.5
3209,19,20,19.5
3209,19,20,19.5
3209,19,20,19.5
3209,19,20,19.5
3209,19,20,19.5
3209,19,20,19.5
3209,19,20,19.5
3209,19,20,19.5
3209,19,20,19.5
3209,19,20,19.5
3209,19,20,19.5
3209,19,20,19.5
3209,19,20,19.5
3209,19,20,19.5
3209,19,20,19.5
3209,19,20,19.5
3209,19,20,19.5
3209,19,20,19.5
3209,19,20,19.5
3209,19,20,19.5
3209,19,20,19.5
3209,19,20,19.5
3209,19,20,19.5
3209,19,20,19.5
3209,19,20,19.5
3209,19,20,19.5
3209,19,20,19.5
3210,19,20,19.5
3210,19,20,19.5
3210,19,20,19.5
3210,19,20,19.5
3210,19,20,19.5
3210,19,20,19.5
3210,19,20,19.5
3210,19,20,19.5
3210,16,20,18.0
3210,16,20,18.0
3210,16,20,18.0
3210,16,20,18.0
3210,16,20,18.0
3210,16,20,18.0
3210,16,20,18.0
3210,16,20,18.0
3210,16,20,18.0
3210,16,20,18.0
3210,16,20,18.0
3210,16,20,18.0
3210,16,20,18.0
3210,16,20,18.0
3210,16,20,18.0
3210,16,20,18.0
3210,16,20,18.0
3210,16,20,18.0
3210,16,20,18.0
3210,16,20,18.0
3210,16,20,18.0
3210,16,20,18.0
3210,16,20,18.0
3210,17,20,18.5
3210,17,20,18.5
3210,17,20,18.5
3210,17,20,18.5
3210,17,20,18.5
3210,17,20,18.5
3210,17,20,18.5
3210,17,20,18.5
3210,17,20,18.5
3210,17,20,18.5
3210,17,20,18.5
3210,17,20,18.5
3210,17,20,18.5
3210,17,20,18.5
3210,17,20,18.5
3210,17,20,18.5
3210,17,20,18.5
3210,17,20,18.5
3210,17,20,18.5
3210,17,19,18.0
3210,17,19,18.0
3210,17,19,18.0
3210,17,19,18.0
3210,17,19,18.0
3210,17,19,18.0
3210,17,19,18.0
3210,17,19,18.0
3210,17,19,18.0
3210,17,19,18.0
3211,17,19,18.0
3211,17,19,18.0
3211,17,19,18.0
3211,17,19,18.0
3211,17,19,18.0
3211,17,19,18.0
3211,17,19,18.0
3211,17,19,18.0
3211,17,19,18.0
3211,17,19,18.0
3211,17,19,18.0
3211,17,19,18.0
3211,17,19,18.0
3211,17,19,18.0
3211,17,19,18.0
3211,17,19,18.0
3211,17,19,18.0
3211,17,19,18.0
3211,17,19,18.0
3211,17,19,18.0
3211,17,19,18.0
3211,17,19,18.0
3211,17,19,18.0
3211,17,19,18.0
3211,17,19,18.0
3211,17,19,18.0
3211,17,19,18.0
3211,17,19,18.0
3211,17,19,18.0
3211,17,19,18.0
3211,17,19,18.0
3211,17,19,18.0
3211,17,19,18.0
3211,17,19,18.0
3211,17,19,18.0
3211,17,19,18.0
3211,17,19,18.0
3211,17,19,18.0
3211,17,19,18.0
3211,17,19,18.0
3211,17,19,18.0
3211,17,19,18.0
3211,17,19,18.0
3211,17,19,18.0
3211,17,19,18.0
3211,17,19,18.0
3211,17,19,18.0
3211,17,19,18.0
3211,17,19,18.0
3211,17,19,18.0
3211,17,19,18.0
3211,17,19,18.0
3211,17,19,18.0
3211,17,19,18.0
3211,17,19,18.0
3211,17,19,18.0
3211,17,19,18.0
3211,17,19,18.0
3211,17,19,18.0
3211,17,19,18.0
3212,17,19,18.0
3212,17,19,18.0
3212,17,19,18.0
3212,17,19,18.0
3212,17,19,18.0
3212,17,19,18.0
3212,17,19,18.0
3212,17,19,18.0
3212,17,19,18.0
3212,17,19,18.0
3213,17,19,18.0
3213,17,19,18.0
3213,18,19,18.5
3213,18,19,18.5
3213,18,19,18.5
3213,18,19,18.5
3213,18,19,18.5
3213,18,19,18.5
3213,18,19,18.5
3213,18,19,18.5
3213,18,19,18.5
3213,18,19,18.5
3213,18,19,18.5
3213,18,19,18.5
3213,18,19,18.5
3213,18,19,18.5
3213,18,19,18.5
3213,18,19,18.5
3213,18,19,18.5
3213,18,19,18.5
3213,18,19,18.5
3213,18,19,18.5
3213,18,19,18.5
3213,18,19,18.5
3214,18,19,18.5
3214,18,19,18.5
3214,18,19,18.5
3214,18,19,18.5
3214,18,19,18.5
3214,18,19,18.5
3214,18,19,18.5
3214,18,19,18.5
3215,18,19,18.5
3215,18,19,18.5
3215,18,19,18.5
3215,18,19,18.5
3215,18,19,18.5
3215,18,19,18.5
3215,18,19,18.5
3215,18,19,18.5
3215,18,19,18.5
3216,18,19,18.5
3216,18,19,18.5
3216,18,19,18.5
3216,18,19,18.5
3216,18,19,18.5
3216,18,19,18.5
3216,18,19,18.5
3216,18,19,18.5
3216,18,19,18.5
3216,18,19,18.5
3216,18,19,18.5
3216,18,19,18.5
3216,18,19,18.5
3216,18,19,18.5
3216,18,19,18.5
3216,18,19,18.5
3216,18,19,18.5
3216,18,19,18.5
3216,18,19,18.5
3216,18,19,18.5
3216,18,19,18.5
3216,18,19,18.5
3217,18,19,18.5
3217,18,19,18.5
3217,18,19,18.5
3217,18,19,18.5
3217,18,19,18.5
3217,18,19,18.5
3217,18,19,18.5
3217,18,19,18.5
3217,18,19,18.5
3217,18,19,18.5
3217,18,19,18.5
3217,18,19,18.5
3217,18,19,18.5
3217,18,19,18.5
3217,18,19,18.5
3218,18,19,18.5
3218,18,19,18.5
3218,18,19,18.5
3218,18,19,18.5
3218,18,19,18.5
3218,18,19,18.5
3218,18,19,18.5
3218,18,19,18.5
3218,18,19,18.5
3218,18,19,18.5
3218,18,19,18.5
3218,18,19,18.5
3218,18,19,18.5
3219,18,19,18.5
3219,18,19,18.5
3219,18,19,18.5
3219,18,19,18.5
3219,18,19,18.5
3219,18,19,18.5
3219,18,19,18.5
3219,18,19,18.5
3220,18,19,18.5
3220,18,19,18.5
3220,18,19,18.5
3220,18,19,18.5
3220,18,19,18.5
3220,18,19,18.5
3220,18,19,18.5
3220,18,19,18.5
3220,18,19,18.5
3220,18,19,18.5
3220,18,19,18.5
3220,18,19,18.5
3220,18,19,18.5
3220,18,19,18.5
3220,18,19,18.5
3220,18,19,18.5
3220,18,19,18.5
3220,18,19,18.5
3220,18,19,18.5
3220,18,19,18.5
3220,18,19,18.5
3220,18,19,18.5
3220,18,19,18.5
3221,18,19,18.5
3221,18,19,18.5
3221,17,19,18.0
3221,17,19,18.0
3221,17,19,18.0
3221,17,19,18.0
3221,17,19,18.0
3221,17,19,18.0
3221,17,19,18.0
3221,17,19,18.0
3221,17,19,18.0
3221,17,19,18.0
3222,17,19,18.0
3222,17,19,18.0
3222,17,19,18.0
3222,17,19,18.0
3222,17,19,18.0
3223,17,19,18.0
3223,17,19,18.0
3223,17,19,18.0
3223,17,19,18.0
3223,17,19,18.0
3223,17,19,18.0
3224,17,19,18.0
3224,17,19,18.0
3224,17,19,18.0
3224,17,19,18.0
3224,17,19,18.0
3224,17,19,18.0
3225,17,19,18.0
3225,17,19,18.0
3225,17,19,18.0
3226,17,19,18.0
3226,17,19,18.0
3226,17,19,18.0
3226,17,19,18.0
3226,17,19,18.0
3226,17,19,18.0
3226,17,19,18.0
3226,17,19,18.0
3226,17,19,18.0
3226,17,19,18.0
3227,17,19,18.0
3227,17,19,18.0
3227,17,19,18.0
3228,17,19,18.0
3228,17,19,18.0
3228,17,19,18.0
3228,17,19,18.0
3229,17,19,18.0
3229,17,19,18.0
3229,17,19,18.0
3229,17,19,18.0
3229,17,19,18.0
3229,17,19,18.0
3229,17,19,18.0
3230,18,19,18.5
3230,18,19,18.5
3230,18,19,18.5
3230,18,19,18.5
3231,18,19,18.5
3231,18,19,18.5
3231,18,19,18.5
3231,18,19,18.5
3231,18,19,18.5
3231,18,19,18.5
3231,18,19,18.5
3231,18,19,18.5
3231,18,19,18.5
3231,18,19,18.5
3231,18,19,18.5
3231,18,19,18.5
3231,18,19,18.5
3232,18,19,18.5
3232,18,19,18.5
3232,18,19,18.5
3232,18,19,18.5
3232,18,19,18.5
3232,18,19,18.5
3233,18,19,18.5
3233,18,19,18.5
3233,18,19,18.5
3233,18,19,18.5
3234,18,19,18.5
3234,18,19,18.5
3234,18,19,18.5
3234,18,19,18.5
3234,18,19,18.5
3234,18,19,18.5
3235,18,19,18.5
3235,18,19,18.5
3235,18,19,18.5
3235,18,19,18.5
3236,18,19,18.5
3236,18,19,18.5
3236,18,19,18.5
3236,18,19,18.5
3236,18,19,18.5
3237,18,19,18.5
3237,18,19,18.5
3237,18,19,18.5
3238,18,19,18.5
3239,18,19,18.5
3239,18,19,18.5
3239,18,19,18.5
3239,18,19,18.5
3239,18,19,18.5
3239,18,19,18.5
3239,18,19,18.5
3239,18,19,18.5
3240,18,19,18.5
3241,18,19,18.5
3241,18,19,18.5
3241,18,19,18.5
3241,18,19,18.5
3242,18,19,18.5
3242,18,19,18.5
3242,18,19,18.5
3242,18,19,18.5
3242,18,19,18.5
3243,18,19,18.5
3243,18,19,18.5
3243,18,19,18.5
3243,18,19,18.5
3243,18,19,18.5
3243,18,19,18.5
3244,18,19,18.5
3246,18,19,18.5
3246,18,19,18.5
3246,18,19,18.5
3248,18,19,18.5
3249,18,19,18.5
3251,18,19,18.5
3255,18,19,18.5
3258,18,19,18.5
3258,18,19,18.5
3258,18,19,18.5
3258,18,19,18.5
3258,18,19,18.5
3258,18,19,18.5
3258,18,19,18.5
3260,18,19,18.5
3260,18,19,18.5
3261,18,19,18.5
3261,18,19,18.5
3270,18,19,18.5
3273,18,19,18.5
3273,18,19,18.5
3273,18,19,18.5
3273,18,19,18.5
3275,18,19,18.5
3275,18,19,18.5
3276,18,19,18.5
3276,18,19,18.5
3277,18,19,18.5
3277,18,19,18.5
3278,18,19,18.5
3279,18,19,18.5
3281,18,19,18.5
3281,18,19,18.5
3282,18,19,18.5
3284,18,19,18.5
3285,18,19,18.5
3285,18,19,18.5
3285,18,19,18.5
3285,18,19,18.5
3287,18,19,18.5
3287,18,19,18.5
3287,18,19,18.5
3290,18,19,18.5
3290,18,19,18.5
3290,18,19,18.5
3290,18,19,18.5
3290,18,19,18.5
3290,18,19,18.5
3290,18,19,18.5
3291,18,19,18.5
3291,18,19,18.5
3291,18,19,18.5
3291,18,19,18.5
3291,18,19,18.5
3291,18,19,18.5
3291,18,19,18.5
3291,18,19,18.5
3292,18,19,18.5
3292,18,19,18.5
3292,18,19,18.5
3295,18,19,18.5
3295,18,19,18.5
3296,18,19,18.5
3296,18,19,18.5
3298,18,19,18.5
3300,18,19,18.5
3302,18,19,18.5
3303,18,19,18.5
3303,18,19,18.5
3303,18,19,18.5
3303,18,19,18.5
3303,18,19,18.5
3303,18,19,18.5
3303,18,19,18.5
3303,18,19,18.5
3303,18,19,18.5
3303,18,19,18.5
3303,18,19,18.5
3306,18,19,18.5
3306,18,19,18.5
3306,18,19,18.5
3306,18,19,18.5
3306,18,19,18.5
3306,18,20,19.0
3306,18,20,19.0
3306,18,20,19.0
3306,18,20,19.0
3306,18,20,19.0
3306,18,20,19.0
3306,18,20,19.0
3306,18,20,19.0
3306,18,20,19.0
3306,18,20,19.0
3306,18,20,19.0
3306,18,20,19.0
3306,18,19,18.5
3306,18,19,18.5
3306,18,19,18.5
3307,18,19,18.5
3307,18,19,18.5
3307,18,19,18.5
3307,18,19,18.5
3310,18,19,18.5
3310,18,19,18.5
3310,18,19,18.5
3310,18,19,18.5
3310,18,19,18.5
3310,18,19,18.5
3310,18,19,18.5
3310,18,19,18.5
3311,18,19,18.5
3311,18,19,18.5
3311,18,19,18.5
3311,18,19,18.5
3311,18,19,18.5
3311,18,19,18.5
3311,18,19,18.5
3311,18,20,19.0
3311,19,20,19.5
3311,19,20,19.5
3311,19,20,19.5
3311,19,20,19.5
3312,19,20,19.5
3312,19,20,19.5
3313,19,20,19.5
3313,19,20,19.5
3314,19,20,19.5
3315,19,20,19.5
3315,19,20,19.5
3315,19,20,19.5
3316,19,20,19.5
3317,19,20,19.5
3317,19,20,19.5
3318,19,20,19.5
3318,19,20,19.5
3319,19,20,19.5
3320,19,20,19.5
3320,19,20,19.5
3320,19,20,19.5
3320,19,20,19.5
3320,19,20,19.5
3320,19,20,19.5
3320,19,20,19.5
3322,19,20,19.5
3322,19,20,19.5
3323,19,20,19.5
3323,19,20,19.5
3323,19,20,19.5
3323,19,20,19.5
3323,19,20,19.5
3323,19,20,19.5
3325,19,20,19.5
3325,19,20,19.5
3326,19,20,19.5
3327,19,20,19.5
3327,19,20,19.5
3328,19,20,19.5
3329,19,20,19.5
3329,19,20,19.5
3329,19,20,19.5
3329,19,20,19.5
3329,19,20,19.5
3332,19,20,19.5
3332,19,20,19.5
3332,19,20,19.5
3332,19,20,19.5
3333,19,20,19.5
3333,19,20,19.5
3333,19,20,19.5
3333,19,20,19.5
3333,19,20,19.5
3333,19,20,19.5
3335,19,20,19.5
3335,19,20,19.5
3335,19,20,19.5
3335,19,20,19.5
3335,19,20,19.5
3339,19,20,19.5
3339,19,20,19.5
3339,19,20,19.5
3342,19,20,19.5
3345,19,20,19.5
3346,19,20,19.5
3346,19,20,19.5
3347,19,20,19.5
3347,19,20,19.5
3347,19,20,19.5
3348,19,20,19.5
3348,19,20,19.5
3348,19,20,19.5
3348,19,20,19.5
3348,19,20,19.5
3350,19,20,19.5
3351,19,20,19.5
3351,19,20,19.5
3351,19,20,19.5
3351,19,20,19.5
3351,19,20,19.5
3352,19,20,19.5
3354,19,20,19.5
3354,19,20,19.5
3354,19,20,19.5
3354,19,20,19.5
3355,19,20,19.5
3355,19,20,19.5
3355,19,20,19.5
3359,19,20,19.5
3359,19,20,19.5
3359,19,20,19.5
3359,19,20,19.5
3360,19,20,19.5
3360,19,20,19.5
3362,19,20,19.5
3362,19,20,19.5
3362,19,20,19.5
3362,19,20,19.5
3362,19,20,19.5
3364,19,20,19.5
3364,19,20,19.5
3366,19,20,19.5
3368,19,20,19.5
3368,19,20,19.5
3372,19,20,19.5
3372,19,20,19.5
3372,19,20,19.5
3372,19,20,19.5
3383,19,20,19.5
3383,19,20,19.5
3384,19,20,19.5
3389,19,20,19.5
3389,19,20,19.5
3394,19,20,19.5
3394,19,20,19.5
3395,19,20,19.5
3395,19,20,19.5
3395,19,20,19.5
3395,19,20,19.5
3395,19,20,19.5
3395,19,20,19.5
3398,19,20,19.5
3398,19,20,19.5
3398,19,20,19.5
3398,19,20,19.5
3398,19,20,19.5
3398,19,20,19.5
3399,19,20,19.5
3406,19,20,19.5
3406,19,20,19.5
3406,19,20,19.5
3406,19,20,19.5
3406,19,20,19.5
3407,19,20,19.5
3407,19,20,19.5
3407,19,20,19.5
3407,19,20,19.5
3416,19,20,19.5
3421,19,20,19.5
3421,19,20,19.5
3425,19,20,19.5
3425,19,20,19.5
3425,19,20,19.5
3425,19,20,19.5
3427,19,20,19.5
3427,19,20,19.5
3427,19,20,19.5
3429,19,20,19.5
3431,19,20,19.5
3431,19,20,19.5
3431,19,20,19.5
3431,19,20,19.5
3431,19,20,19.5
3431,19,20,19.5
3431,19,20,19.5
3431,19,20,19.5
3431,19,20,19.5
3431,19,20,19.5
3431,19,20,19.5
3431,19,20,19.5
3431,19,20,19.5
3431,19,20,19.5
3431,19,20,19.5
3431,19,20,19.5
3431,19,20,19.5
3431,19,20,19.5
3431,19,20,19.5
3431,19,20,19.5
3431,19,20,19.5
3431,19,20,19.5
3432,19,20,19.5
3432,19,20,19.5
3432,19,20,19.5
3432,19,20,19.5
3432,19,20,19.5
3432,19,20,19.5
3432,19,20,19.5
3432,19,20,19.5
3432,19,20,19.5
3432,19,20,19.5
3432,19,20,19.5
3432,19,20,19.5
3432,19,20,19.5
3432,19,20,19.5
3432,19,20,19.5
3432,19,20,19.5
3432,19,20,19.5
3432,19,20,19.5
3432,19,20,19.5
3432,19,20,19.5
3432,19,20,19.5
3432,19,20,19.5
3432,19,20,19.5
3432,19,20,19.5
3432,19,20,19.5
3432,19,20,19.5
3432,19,20,19.5
3432,19,20,19.5
3432,19,20,19.5
3432,19,20,19.5
3432,19,20,19.5
3432,19,20,19.5
3432,19,20,19.5
3432,19,20,19.5
3432,19,20,19.5
3432,19,20,19.5
3432,19,20,19.5
3432,19,21,20.0
3432,19,21,20.0
3432,19,21,20.0
3432,19,21,20.0
3432,19,21,20.0
3432,19,21,20.0
3432,19,21,20.0
3432,19,21,20.0
3432,19,21,20.0
3432,19,21,20.0
3432,19,21,20.0
3432,19,21,20.0
3432,19,21,20.0
3432,19,21,20.0
3432,19,21,20.0
3432,19,21,20.0
3432,19,21,20.0
3432,19,21,20.0
3432,19,21,20.0
3432,19,21,20.0
3432,19,21,20.0
3432,19,21,20.0
3432,19,21,20.0
3432,19,21,20.0
3432,19,21,20.0
3432,19,21,20.0
3432,19,21,20.0
3432,19,21,20.0
3432,19,21,20.0
3432,19,21,20.0
3432,19,21,20.0
3432,19,21,20.0
3432,19,21,20.0
3432,19,21,20.0
3432,19,20,19.5
3432,19,20,19.5
3432,19,20,19.5
3432,19,20,19.5
3433,19,20,19.5
3433,19,20,19.5
3433,19,20,19.5
3433,19,20,19.5
3433,19,20,19.5
3433,19,20,19.5
3433,19,20,19.5
3433,19,20,19.5
3433,19,20,19.5
3433,19,20,19.5
3433,19,20,19.5
3433,19,20,19.5
3433,19,20,19.5
3433,19,20,19.5
3433,19,20,19.5
3433,19,20,19.5
3433,19,20,19.5
3434,19,20,19.5
3434,19,20,19.5
3434,19,20,19.5
3434,19,20,19.5
3434,19,20,19.5
3434,19,20,19.5
3434,19,20,19.5
3434,19,20,19.5
3434,19,20,19.5
3434,19,20,19.5
3434,19,21,20.0
3434,19,21,20.0
3434,19,21,20.0
3434,19,21,20.0
3434,19,21,20.0
3434,19,21,20.0
3434,19,21,20.0
3434,19,21,20.0
3434,19,21,20.0
3434,19,21,20.0
3434,19,21,20.0
3434,19,21,20.0
3434,19,21,20.0
3434,19,21,20.0
3434,19,21,20.0
3434,19,21,20.0
3434,19,21,20.0
3434,19,21,20.0
3434,19,21,20.0
3434,19,21,20.0
3434,19,21,20.0
3434,19,21,20.0
3434,19,21,20.0
3434,19,20,19.5
3434,19,20,19.5
3434,19,20,19.5
3434,19,20,19.5
3434,19,20,19.5
3434,19,20,19.5
3434,19,21,20.0
3434,19,21,20.0
3434,19,21,20.0
3434,19,21,20.0
3434,19,21,20.0
3434,19,21,20.0
3434,19,21,20.0
3434,19,21,20.0
3435,19,21,20.0
3435,19,21,20.0
3435,19,21,20.0
3435,19,21,20.0
3435,19,21,20.0
3435,19,21,20.0
3435,19,21,20.0
3435,19,21,20.0
3435,19,21,20.0
3435,19,21,20.0
3435,19,21,20.0
3435,19,21,20.0
3435,19,21,20.0
3435,19,21,20.0
3435,19,21,20.0
3435,19,21,20.0
3435,19,20,19.5
3435,19,20,19.5
3435,19,20,19.5
3435,19,20,19.5
3435,19,20,19.5
3435,19,20,19.5
3435,19,20,19.5
3436,19,20,19.5
3436,19,20,19.5
3436,19,20,19.5
3436,19,20,19.5
3436,19,20,19.5
3436,19,20,19.5
3436,19,20,19.5
3436,19,20,19.5
3436,19,20,19.5
3436,19,20,19.5
3436,19,20,19.5
3436,19,20,19.5
3437,19,20,19.5
3437,19,20,19.5
3437,19,20,19.5
3437,19,20,19.5
3437,19,20,19.5
3437,19,20,19.5
3437,19,20,19.5
3437,19,20,19.5
3437,19,20,19.5
3437,19,20,19.5
3437,19,20,19.5
3437,19,20,19.5
3437,19,20,19.5
3437,19,20,19.5
3437,19,20,19.5
3437,19,20,19.5
3437,19,20,19.5
3437,19,20,19.5
3437,19,20,19.5
3437,19,20,19.5
3437,19,20,19.5
3437,18,20,19.0
3437,18,20,19.0
3437,17,20,18.5
3437,17,20,18.5
3437,17,20,18.5
3437,17,20,18.5
3437,16,20,18.0
3437,16,20,18.0
3437,16,20,18.0
3437,16,20,18.0
3437,16,20,18.0
3437,16,20,18.0
3437,16,20,18.0
3437,16,20,18.0
3437,16,20,18.0
3437,16,20,18.0
3437,16,20,18.0
3437,16,20,18.0
3437,16,20,18.0
3437,16,20,18.0
3437,16,20,18.0
3437,16,20,18.0
3437,17,20,18.5
3437,17,19,18.0
3437,17,19,18.0
3437,17,19,18.0
3437,17,19,18.0
3437,17,20,18.5
3437,17,20,18.5
3437,17,20,18.5
3437,17,20,18.5
3437,17,20,18.5
3437,17,19,18.0
3437,17,19,18.0
3437,17,19,18.0
3437,17,19,18.0
3437,17,19,18.0
3437,17,19,18.0
3437,17,19,18.0
3437,17,19,18.0
3437,17,19,18.0
3437,17,19,18.0
3437,17,19,18.0
3437,17,19,18.0
3437,17,19,18.0
3437,17,19,18.0
3437,17,19,18.0
3437,17,19,18.0
3437,17,19,18.0
3437,17,20,18.5
3437,17,20,18.5
3437,17,20,18.5
3437,17,20,18.5
3437,17,20,18.5
3437,17,20,18.5
3437,17,20,18.5
3437,17,20,18.5
3437,17,20,18.5
3437,17,20,18.5
3437,17,20,18.5
3437,16,20,18.0
3437,16,20,18.0
3437,16,20,18.0
3437,16,20,18.0
3437,16,20,18.0
3437,16,20,18.0
3437,16,20,18.0
3437,16,20,18.0
3437,16,20,18.0
3437,16,20,18.0
3437,16,20,18.0
3438,16,20,18.0
3438,16,20,18.0
3438,16,20,18.0
3438,16,20,18.0
3438,16,20,18.0
3438,16,20,18.0
3438,16,20,18.0
3438,16,20,18.0
3438,16,20,18.0
3438,16,20,18.0
3438,16,20,18.0
3438,16,20,18.0
3438,16,20,18.0
3438,17,20,18.5
3438,17,20,18.5
3438,17,20,18.5
3438,17,20,18.5
3438,17,20,18.5
3438,17,18,17.5
3438,17,18,17.5
3438,17,18,17.5
3438,17,18,17.5
3438,17,18,17.5
3438,17,18,17.5
3438,17,18,17.5
3438,16,18,17.0
3438,16,18,17.0
3438,16,18,17.0
3438,16,18,17.0
3438,16,18,17.0
3438,16,18,17.0
3438,16,18,17.0
3438,16,18,17.0
3438,16,18,17.0
3438,16,18,17.0
3438,16,18,17.0
3438,16,18,17.0
3438,16,18,17.0
3438,16,18,17.0
3438,16,18,17.0
3438,16,18,17.0
3438,16,18,17.0
3438,16,18,17.0
3438,16,18,17.0
3438,16,18,17.0
3438,16,18,17.0
3438,16,18,17.0
3438,16,18,17.0
3438,16,18,17.0
3438,16,18,17.0
3438,16,18,17.0
3438,16,18,17.0
3438,16,18,17.0
3439,16,18,17.0
3439,16,18,17.0
3439,16,18,17.0
3439,16,18,17.0
3439,16,18,17.0
3439,16,18,17.0
3439,16,18,17.0
3439,16,18,17.0
3439,16,18,17.0
3439,16,18,17.0
3439,16,18,17.0
3439,16,18,17.0
3439,16,18,17.0
3440,16,18,17.0
3440,16,18,17.0
3440,16,18,17.0
3440,16,18,17.0
3440,16,18,17.0
3440,16,18,17.0
3440,16,18,17.0
3440,16,18,17.0
3440,16,18,17.0
3440,16,18,17.0
3440,16,18,17.0
3440,16,18,17.0
3440,16,18,17.0
3440,16,18,17.0
3440,16,18,17.0
3440,16,18,17.0
3440,16,18,17.0
3440,16,18,17.0
3441,16,18,17.0
3441,16,18,17.0
3441,16,18,17.0
3441,16,18,17.0
3441,16,18,17.0
3441,16,18,17.0
3441,16,18,17.0
3441,16,18,17.0
3441,16,18,17.0
3441,16,18,17.0
3441,16,18,17.0
3441,16,18,17.0
3441,16,18,17.0
3441,16,18,17.0
3441,16,18,17.0
3441,16,18,17.0
3441,16,18,17.0
3441,16,18,17.0
3441,16,18,17.0
3441,16,18,17.0
3441,16,18,17.0
3441,17,18,17.5
3441,17,18,17.5
3441,17,18,17.5
3441,17,18,17.5
3441,17,18,17.5
3441,17,18,17.5
3441,17,18,17.5
3441,17,18,17.5
3441,17,18,17.5
3441,17,18,17.5
3441,17,18,17.5
3441,17,18,17.5
3441,17,18,17.5
3441,17,18,17.5
3441,17,18,17.5
3441,17,18,17.5
3442,17,18,17.5
3442,17,18,17.5
3442,17,18,17.5
3442,17,18,17.5
3442,17,18,17.5
3442,17,18,17.5
3442,17,18,17.5
3442,17,18,17.5
3442,17,18,17.5
3442,17,18,17.5
3442,17,18,17.5
3442,17,18,17.5
3443,17,18,17.5
3443,17,18,17.5
3443,17,18,17.5
3443,17,18,17.5
3443,17,18,17.5
3443,17,18,17.5
3443,17,18,17.5
3443,17,18,17.5
3443,17,18,17.5
3443,17,18,17.5
3444,17,18,17.5
3445,17,18,17.5
3445,17,18,17.5
3445,17,18,17.5
3445,17,18,17.5
3445,17,18,17.5
3445,17,18,17.5
3445,17,18,17.5
3445,17,18,17.5
3445,17,18,17.5
3446,17,18,17.5
3446,17,18,17.5
3446,17,18,17.5
3446,17,18,17.5
3446,17,18,17.5
3446,17,18,17.5
3446,17,18,17.5
3446,17,18,17.5
3447,17,18,17.5
3447,17,18,17.5
3447,17,18,17.5
3447,17,18,17.5
3447,17,18,17.5
3447,17,18,17.5
3448,17,18,17.5
3448,17,18,17.5
3448,17,18,17.5
3448,17,18,17.5
3448,17,18,17.5
3448,17,18,17.5
3448,17,18,17.5
3448,17,18,17.5
3449,17,18,17.5
3449,17,18,17.5
3449,17,18,17.5
3449,17,18,17.5
3449,17,18,17.5
3449,17,18,17.5
3449,17,18,17.5
3449,17,18,17.5
3449,17,18,17.5
3449,17,18,17.5
3449,17,18,17.5
3449,16,18,17.0
3449,16,18,17.0
3449,16,18,17.0
3449,15,18,16.5
3449,15,18,16.5
3449,15,18,16.5
3449,15,18,16.5
3449,15,18,16.5
3449,15,18,16.5
3449,15,18,16.5
3449,15,18,16.5
3449,15,18,16.5
3449,15,18,16.5
3449,15,18,16.5
3449,15,18,16.5
3449,15,18,16.5
3449,15,18,16.5
3449,15,18,16.5
3449,15,18,16.5
3449,15,18,16.5
3449,15,18,16.5
3449,15,18,16.5
3449,15,18,16.5
3449,15,18,16.5
3449,15,18,16.5
3449,15,18,16.5
3449,15,18,16.5
3449,15,18,16.5
3449,15,18,16.5
3449,15,18,16.5
3449,15,18,16.5
3449,15,18,16.5
3449,15,18,16.5
3449,15,18,16.5
3449,15,18,16.5
3449,15,18,16.5
3449,15,18,16.5
3449,15,18,16.5
3449,15,18,16.5
3449,15,18,16.5
3449,15,19,17.0
3449,15,19,17.0
3449,15,19,17.0
3449,15,19,17.0
3449,15,19,17.0
3449,15,19,17.0
3449,15,19,17.0
3449,15,19,17.0
3449,15,19,17.0
3449,15,19,17.0
3449,15,19,17.0
3449,15,19,17.0
3449,15,19,17.0
3449,15,19,17.0
3449,15,19,17.0
3449,15,19,17.0
3449,15,19,17.0
3449,15,19,17.0
3449,15,19,17.0
3449,15,19,17.0
3449,15,19,17.0
3449,15,19,17.0
3449,15,19,17.0
3449,15,19,17.0
3449,15,19,17.0
3449,15,19,17.0
3449,15,19,17.0
3450,15,19,17.0
3450,15,19,17.0
3450,15,19,17.0
3450,15,19,17.0
3450,15,19,17.0
3450,15,19,17.0
3450,15,19,17.0
3450,15,19,17.0
3450,15,19,17.0
3450,15,19,17.0
3450,15,19,17.0
3450,15,19,17.0
3450,15,19,17.0
3450,15,19,17.0
3450,15,19,17.0
3450,15,19,17.0
3450,15,19,17.0
3450,15,19,17.0
3450,15,19,17.0
3450,15,19,17.0
3450,15,19,17.0
3450,15,19,17.0
3450,15,19,17.0
3450,15,19,17.0
3450,15,19,17.0
3450,15,19,17.0
3450,15,19,17.0
3450,15,19,17.0
3450,15,19,17.0
3450,15,19,17.0
3450,15,19,17.0
3450,15,19,17.0
3450,15,19,17.0
3450,15,19,17.0
3450,15,19,17.0
3450,15,19,17.0
3450,15,19,17.0
3450,15,19,17.0
3450,15,19,17.0
3450,15,19,17.0
3450,15,19,17.0
3450,15,19,17.0
3450,15,19,17.0
3450,15,19,17.0
3450,15,19,17.0
3450,15,19,17.0
3450,15,19,17.0
3450,15,19,17.0
3450,15,19,17.0
3450,15,19,17.0
3450,15,19,17.0
3450,15,19,17.0
3450,15,19,17.0
3450,15,19,17.0
3450,15,19,17.0
3450,15,19,17.0
3451,15,19,17.0
3451,15,19,17.0
3451,15,19,17.0
3451,15,19,17.0
3451,15,19,17.0
3451,15,19,17.0
3451,15,19,17.0
3451,14,19,16.5
3451,14,19,16.5
3451,14,19,16.5
3452,14,19,16.5
3452,14,19,16.5
3452,14,19,16.5
3452,14,19,16.5
3452,14,19,16.5
3452,14,19,16.5
3452,14,19,16.5
3452,14,19,16.5
3452,14,19,16.5
3452,14,19,16.5
3452,15,19,17.0
3452,15,19,17.0
3452,15,19,17.0
3452,15,19,17.0
3452,15,19,17.0
3452,15,19,17.0
3452,15,19,17.0
3452,15,19,17.0
3452,15,19,17.0
3452,15,19,17.0
3452,15,19,17.0
3452,15,19,17.0
3452,15,19,17.0
3452,15,19,17.0
3452,15,19,17.0
3452,15,19,17.0
3452,15,19,17.0
3452,15,19,17.0
3452,15,19,17.0
3452,15,19,17.0
3452,15,19,17.0
3452,15,19,17.0
3452,15,19,17.0
3452,15,19,17.0
3452,15,19,17.0
3452,15,19,17.0
3452,15,19,17.0
3452,15,19,17.0
3452,15,19,17.0
3453,15,19,17.0
3453,15,19,17.0
3453,15,19,17.0
3453,15,19,17.0
3453,15,19,17.0
3453,15,19,17.0
3453,15,19,17.0
3453,15,19,17.0
3453,15,19,17.0
3453,15,19,17.0
3453,15,19,17.0
3453,15,19,17.0
3453,15,19,17.0
3453,15,19,17.0
3453,15,19,17.0
3453,15,19,17.0
3453,15,19,17.0
3453,15,19,17.0
3453,15,19,17.0
3453,15,19,17.0
3453,15,19,17.0
3453,15,19,17.0
3453,15,19,17.0
3453,15,19,17.0
3453,15,19,17.0
3453,14,19,16.5
3453,14,19,16.5
3453,14,19,16.5
3453,14,19,16.5
3453,14,19,16.5
3453,14,19,16.5
3453,14,19,16.5
3454,14,19,16.5
3454,14,19,16.5
3454,14,19,16.5
3454,14,19,16.5
3454,15,19,17.0
3454,15,19,17.0
3454,15,19,17.0
3454,15,19,17.0
3454,15,19,17.0
3454,15,19,17.0
3454,15,19,17.0
3454,15,19,17.0
3454,15,19,17.0
3454,15,19,17.0
3454,15,19,17.0
3454,15,19,17.0
3454,15,19,17.0
3454,15,19,17.0
3454,15,19,17.0
3454,15,19,17.0
3454,15,19,17.0
3454,15,19,17.0
3454,15,19,17.0
3454,15,19,17.0
3454,15,19,17.0
3455,15,19,17.0
3455,15,19,17.0
3455,15,19,17.0
3455,15,19,17.0
3455,14,19,16.5
3455,14,19,16.5
3455,14,19,16.5
3455,14,19,16.5
3455,14,19,16.5
3455,14,19,16.5
3455,14,19,16.5
3455,14,19,16.5
3455,14,19,16.5
3455,14,19,16.5
3455,14,19,16.5
3455,14,19,16.5
3455,14,19,16.5
3455,14,19,16.5
3455,14,19,16.5
3455,14,19,16.5
3455,14,19,16.5
3455,14,19,16.5
3455,14,19,16.5
3455,14,19,16.5
3455,14,19,16.5
3455,14,19,16.5
3455,14,19,16.5
3455,14,19,16.5
3455,14,19,16.5
3455,15,19,17.0
3455,15,19,17.0
3455,15,19,17.0
3455,15,19,17.0
3455,15,19,17.0
3455,15,19,17.0
3455,15,19,17.0
3455,15,19,17.0
3455,15,19,17.0
3455,15,19,17.0
3455,15,19,17.0
3456,15,19,17.0
3456,15,19,17.0
3456,15,19,17.0
3456,15,19,17.0
3456,15,19,17.0
3456,15,19,17.0
3456,15,19,17.0
3456,15,19,17.0
3456,15,19,17.0
3456,15,19,17.0
3456,15,19,17.0
3456,15,19,17.0
3456,14,19,16.5
3456,14,19,16.5
3456,14,19,16.5
3456,14,19,16.5
3456,14,19,16.5
3456,14,19,16.5
3456,14,19,16.5
3456,14,19,16.5
3456,14,19,16.5
3456,14,19,16.5
3457,15,19,17.0
3457,15,19,17.0
3457,15,19,17.0
3457,15,19,17.0
3457,15,19,17.0
3457,15,19,17.0
3457,15,19,17.0
3457,15,19,17.0
3458,15,19,17.0
3458,15,19,17.0
3458,15,19,17.0
3458,15,19,17.0
3458,15,19,17.0
3458,15,19,17.0
3458,15,19,17.0
3458,15,19,17.0
3458,15,19,17.0
3458,15,19,17.0
3458,15,19,17.0
3458,15,19,17.0
3458,15,19,17.0
3458,15,19,17.0
3458,15,19,17.0
3458,15,19,17.0
3458,15,19,17.0
3458,15,19,17.0
3458,15,19,17.0
3458,15,19,17.0
3458,15,19,17.0
3458,15,19,17.0
3458,15,19,17.0
3458,15,19,17.0
3458,14,19,16.5
3458,14,19,16.5
3458,14,19,16.5
3459,14,19,16.5
3459,14,19,16.5
3459,14,19,16.5
3459,15,19,17.0
3459,15,19,17.0
3459,15,19,17.0
3459,15,19,17.0
3459,15,19,17.0
3459,15,19,17.0
3459,15,19,17.0
3459,15,19,17.0
3459,15,19,17.0
3459,15,19,17.0
3459,15,19,17.0
3459,15,19,17.0
3459,14,19,16.5
3459,14,19,16.5
3459,14,19,16.5
3459,14,19,16.5
3459,14,19,16.5
3459,14,19,16.5
3459,14,19,16.5
3459,14,19,16.5
3459,14,19,16.5
3459,14,19,16.5
3459,14,19,16.5
3459,14,19,16.5
3459,14,19,16.5
3459,14,19,16.5
3459,14,19,16.5
3459,14,19,16.5
3459,14,19,16.5
3459,14,19,16.5
3459,14,19,16.5
3459,14,19,16.5
3459,14,19,16.5
3459,14,19,16.5
3459,14,19,16.5
3459,14,19,16.5
3459,14,19,16.5
3459,14,19,16.5
3459,14,19,16.5
3459,14,19,16.5
3459,14,19,16.5
3459,14,19,16.5
3459,14,19,16.5
3459,14,19,16.5
3459,14,19,16.5
3459,14,19,16.5
3459,14,19,16.5
3459,14,19,16.5
3459,14,19,16.5
3459,14,19,16.5
3459,15,19,17.0
3459,15,19,17.0
3459,15,19,17.0
3459,15,19,17.0
3459,14,19,16.5
3459,14,19,16.5
3459,14,19,16.5
3459,14,19,16.5
3459,14,19,16.5
3459,14,19,16.5
3459,14,19,16.5
3459,14,19,16.5
3460,14,19,16.5
3460,14,19,16.5
3460,14,19,16.5
3460,14,19,16.5
3460,14,19,16.5
3460,14,19,16.5
3460,14,19,16.5
3460,14,19,16.5
3460,14,19,16.5
3460,14,19,16.5
3460,14,19,16.5
3460,14,19,16.5
3460,14,19,16.5
3460,14,19,16.5
3460,14,19,16.5
3460,14,19,16.5
3460,14,19,16.5
3461,14,19,16.5
3461,14,19,16.5
3461,14,19,16.5
3461,14,19,16.5
3461,14,19,16.5
3461,14,19,16.5
3461,14,19,16.5
3461,14,19,16.5
3461,14,19,16.5
3461,14,19,16.5
3461,14,19,16.5
3461,14,19,16.5
3461,14,19,16.5
3461,14,19,16.5
3461,14,19,16.5
3461,14,19,16.5
3461,14,19,16.5
3461,14,19,16.5
3461,14,19,16.5
3461,14,19,16.5
3461,14,19,16.5
3461,14,19,16.5
3461,14,19,16.5
3461,14,19,16.5
3461,14,19,16.5
3461,14,19,16.5
3461,14,19,16.5
3461,14,19,16.5
3461,14,19,16.5
3461,14,19,16.5
3461,14,19,16.5
3461,14,19,16.5
3461,14,19,16.5
3461,14,19,16.5
3461,14,19,16.5
3461,14,19,16.5
3461,14,19,16.5
3461,14,19,16.5
3461,14,19,16.5
3461,14,19,16.5
3461,14,19,16.5
3461,14,19,16.5
3461,14,19,16.5
3461,14,19,16.5
3461,14,19,16.5
3461,14,19,16.5
3461,14,19,16.5
3461,14,19,16.5
3461,14,19,16.5
3461,14,19,16.5
3461,14,19,16.5
3461,14,19,16.5
3461,14,19,16.5
3461,14,19,16.5
3461,14,19,16.5
3461,14,19,16.5
3461,14,19,16.5
3461,14,19,16.5
3461,14,19,16.5
3461,14,19,16.5
3461,14,19,16.5
3461,14,19,16.5
3461,14,19,16.5
3461,14,19,16.5
3461,14,19,16.5
3461,14,19,16.5
3461,14,19,16.5
3461,14,19,16.5
3461,14,19,16.5
3461,14,19,16.5
3461,14,19,16.5
3461,14,19,16.5
3461,14,19,16.5
3461,14,19,16.5
3461,14,19,16.5
3461,14,19,16.5
3461,14,19,16.5
3461,14,19,16.5
3462,14,19,16.5
3462,14,19,16.5
3462,14,19,16.5
3462,14,19,16.5
3462,14,19,16.5
3462,14,18,16.0
3462,14,18,16.0
3462,14,18,16.0
3462,14,18,16.0
3462,14,18,16.0
3462,14,17,15.5
3462,14,17,15.5
3462,14,17,15.5
3462,14,17,15.5
3462,14,17,15.5
3462,14,17,15.5
3462,14,17,15.5
3462,14,17,15.5
3462,14,17,15.5
3462,14,17,15.5
3462,14,17,15.5
3462,14,17,15.5
3462,14,17,15.5
3462,14,17,15.5
3462,14,17,15.5
3462,14,17,15.5
3462,14,17,15.5
3462,14,17,15.5
3462,14,17,15.5
3462,14,17,15.5
3462,14,17,15.5
3462,14,16,15.0
3462,14,16,15.0
3462,14,16,15.0
3462,14,16,15.0
3462,14,16,15.0
3462,14,16,15.0
3462,14,16,15.0
3462,14,16,15.0
3462,14,16,15.0
3462,14,16,15.0
3462,14,16,15.0
3462,14,16,15.0
3462,14,16,15.0
3462,14,16,15.0
3462,14,16,15.0
3462,14,16,15.0
3462,14,16,15.0
3462,14,16,15.0
3462,14,16,15.0
3462,14,16,15.0
3462,14,16,15.0
3462,14,16,15.0
3462,14,16,15.0
3462,14,16,15.0
3462,14,16,15.0
3462,14,16,15.0
3462,14,16,15.0
3462,14,16,15.0
3462,14,16,15.0
3462,14,16,15.0
3462,14,16,15.0
3462,14,16,15.0
3462,14,16,15.0
3462,14,16,15.0
3462,14,16,15.0
3462,14,16,15.0
3462,14,16,15.0
3462,14,16,15.0
3462,14,16,15.0
3462,14,16,15.0
3462,14,16,15.0
3462,14,16,15.0
3462,14,16,15.0
3462,14,16,15.0
3462,14,16,15.0
3463,14,16,15.0
3463,14,16,15.0
3463,14,16,15.0
3463,14,16,15.0
3463,14,16,15.0
3463,14,16,15.0
3463,14,15,14.5
3463,14,15,14.5
3463,14,15,14.5
3463,14,15,14.5
3463,14,15,14.5
3463,14,15,14.5
3463,14,15,14.5
3463,14,15,14.5
3463,14,15,14.5
3463,14,15,14.5
3463,14,15,14.5
3463,14,15,14.5
3463,14,15,14.5
3463,14,15,14.5
3463,14,15,14.5
3463,14,15,14.5
3463,14,15,14.5
3463,14,15,14.5
3463,14,15,14.5
3463,14,15,14.5
3463,14,15,14.5
3463,14,15,14.5
3463,14,15,14.5
3463,14,15,14.5
3463,14,15,14.5
3463,14,15,14.5
3463,14,15,14.5
3463,14,15,14.5
3463,14,15,14.5
3464,14,15,14.5
3464,14,15,14.5
3464,14,15,14.5
3464,14,15,14.5
3464,14,15,14.5
3464,14,15,14.5
3464,14,15,14.5
3464,14,15,14.5
3464,14,15,14.5
3464,14,15,14.5
3464,14,15,14.5
3464,14,15,14.5
3464,14,15,14.5
3464,14,15,14.5
3464,14,15,14.5
3464,14,15,14.5
3464,14,15,14.5
3464,14,15,14.5
3464,14,15,14.5
3465,14,15,14.5
3465,14,15,14.5
3465,14,15,14.5
3465,14,15,14.5
3465,14,15,14.5
3465,14,15,14.5
3465,14,15,14.5
3465,14,15,14.5
3465,14,15,14.5
3465,14,15,14.5
3465,14,15,14.5
3465,14,15,14.5
3465,14,15,14.5
3465,14,15,14.5
3465,14,15,14.5
3465,14,15,14.5
3465,14,15,14.5
3465,14,15,14.5
3465,14,15,14.5
3466,14,15,14.5
3466,14,15,14.5
3466,14,15,14.5
3466,14,15,14.5
3466,14,15,14.5
3466,14,15,14.5
3467,14,15,14.5
3467,14,15,14.5
3467,14,15,14.5
3467,14,15,14.5
3467,14,15,14.5
3467,14,15,14.5
3468,14,15,14.5
3468,14,15,14.5
3468,14,15,14.5
3468,14,15,14.5
3468,14,15,14.5
3468,14,15,14.5
3468,14,15,14.5
3468,14,15,14.5
3468,14,15,14.5
3468,14,15,14.5
3468,14,15,14.5
3468,14,15,14.5
3468,14,15,14.5
3468,14,15,14.5
3469,14,15,14.5
3469,14,15,14.5
3470,14,15,14.5
3470,14,15,14.5
3470,14,15,14.5
3470,14,15,14.5
3470,14,15,14.5
3470,14,15,14.5
3470,14,15,14.5
3470,14,15,14.5
3470,14,15,14.5
3471,14,15,14.5
3471,14,15,14.5
3471,14,15,14.5
3471,14,15,14.5
3471,14,15,14.5
3471,14,15,14.5
3471,14,15,14.5
3471,14,15,14.5
3472,14,15,14.5
3472,14,15,14.5
3472,14,15,14.5
3473,14,15,14.5
3473,14,15,14.5
3473,14,15,14.5
3473,14,15,14.5
3473,14,15,14.5
3473,14,15,14.5
3473,14,15,14.5
3473,14,15,14.5
3473,14,15,14.5
3474,14,15,14.5
3474,14,15,14.5
3474,14,15,14.5
3475,14,15,14.5
3475,14,15,14.5
3475,14,15,14.5
3475,14,15,14.5
3476,14,15,14.5
3476,14,15,14.5
3476,14,15,14.5
3477,14,15,14.5
3478,14,15,14.5
3478,14,15,14.5
3478,14,15,14.5
3478,14,15,14.5
3478,14,15,14.5
3478,14,15,14.5
3478,14,15,14.5
3478,14,15,14.5
3478,14,15,14.5
3478,14,15,14.5
3478,14,15,14.5
3478,14,15,14.5
3478,14,15,14.5
3478,14,15,14.5
3478,14,15,14.5
3478,14,15,14.5
3478,14,15,14.5
3478,14,15,14.5
3478,14,15,14.5
3478,14,15,14.5
3478,14,15,14.5
3478,14,15,14.5
3478,14,15,14.5
3478,14,15,14.5
3478,14,15,14.5
3478,14,15,14.5
3478,14,15,14.5
3478,14,15,14.5
3478,14,15,14.5
3478,14,15,14.5
3478,14,15,14.5
3478,14,15,14.5
3478,14,15,14.5
3478,14,15,14.5
3478,14,15,14.5
3478,14,15,14.5
3478,14,15,14.5
3478,14,15,14.5
3478,14,15,14.5
3478,14,15,14.5
3478,14,15,14.5
3478,14,15,14.5
3478,14,15,14.5
3478,14,15,14.5
3478,14,15,14.5
3478,14,15,14.5
3478,14,15,14.5
3478,14,15,14.5
3478,14,15,14.5
3478,14,16,15.0
3478,14,16,15.0
3478,14,16,15.0
3478,14,16,15.0
3478,14,16,15.0
3478,14,16,15.0
3478,14,16,15.0
3478,14,16,15.0
3478,14,16,15.0
3478,14,16,15.0
3478,14,16,15.0
3478,14,16,15.0
3478,14,16,15.0
3478,14,16,15.0
3478,14,16,15.0
3478,14,16,15.0
3478,14,16,15.0
3478,14,16,15.0
3478,14,16,15.0
3478,14,16,15.0
3478,14,16,15.0
3478,14,16,15.0
3478,14,16,15.0
3478,14,16,15.0
3478,14,16,15.0
3478,14,16,15.0
3478,14,16,15.0
3478,14,16,15.0
3478,14,16,15.0
3478,14,16,15.0
3478,14,16,15.0
3478,14,16,15.0
3478,14,16,15.0
3478,14,16,15.0
3478,14,16,15.0
3478,14,16,15.0
3478,14,16,15.0
3478,14,16,15.0
3478,14,16,15.0
3478,14,16,15.0
3478,14,16,15.0
3478,14,16,15.0
3478,14,16,15.0
3478,14,16,15.0
3478,14,16,15.0
3478,14,16,15.0
3478,14,16,15.0
3478,14,16,15.0
3478,14,16,15.0
3478,14,16,15.0
3478,14,16,15.0
3478,14,16,15.0
3478,14,16,15.0
3479,14,16,15.0
3479,14,16,15.0
3479,14,16,15.0
3479,14,16,15.0
3479,14,16,15.0
3479,14,16,15.0
3479,14,17,15.5
3479,14,17,15.5
3479,14,17,15.5
3479,14,17,15.5
3479,14,17,15.5
3479,14,17,15.5
3479,14,17,15.5
3479,14,17,15.5
3479,14,17,15.5
3479,14,17,15.5
3479,14,17,15.5
3479,14,17,15.5
3479,14,17,15.5
3479,14,17,15.5
3479,14,17,15.5
3479,14,17,15.5
3479,14,17,15.5
3479,14,17,15.5
3479,14,17,15.5
3479,14,17,15.5
3479,14,17,15.5
3479,14,17,15.5
3479,14,16,15.0
3479,14,16,15.0
3479,14,16,15.0
3479,14,16,15.0
3479,14,17,15.5
3479,14,17,15.5
3479,12,17,14.5
3479,12,17,14.5
3479,12,17,14.5
3479,12,17,14.5
3479,12,17,14.5
3479,12,17,14.5
3479,12,17,14.5
3479,12,17,14.5
3479,13,17,15.0
3479,13,17,15.0
3479,13,17,15.0
3479,13,17,15.0
3479,13,17,15.0
3479,13,17,15.0
3479,13,17,15.0
3479,13,17,15.0
3479,12,17,14.5
3479,12,17,14.5
3479,12,17,14.5
3480,12,17,14.5
3480,12,17,14.5
3480,12,17,14.5
3480,12,17,14.5
3480,12,17,14.5
3480,12,17,14.5
3480,12,17,14.5
3480,12,17,14.5
3480,12,17,14.5
3480,12,17,14.5
3481,12,17,14.5
3481,12,17,14.5
3481,12,17,14.5
3481,12,17,14.5
3481,12,17,14.5
3481,12,17,14.5
3481,12,17,14.5
3481,12,17,14.5
3481,12,17,14.5
3481,12,17,14.5
3481,12,17,14.5
3481,12,17,14.5
3481,12,17,14.5
3481,12,17,14.5
3482,12,17,14.5
3482,12,17,14.5
3482,12,17,14.5
3482,12,17,14.5
3482,12,17,14.5
3482,12,17,14.5
3482,12,17,14.5
3482,12,17,14.5
3482,12,17,14.5
3482,12,17,14.5
3482,12,17,14.5
3482,12,17,14.5
3483,12,17,14.5
3483,12,17,14.5
3483,12,17,14.5
3483,12,17,14.5
3483,12,17,14.5
3483,12,17,14.5
3483,12,17,14.5
3483,12,17,14.5
3483,12,17,14.5
3483,12,16,14.0
3483,12,16,14.0
3483,12,16,14.0
3483,12,16,14.0
3483,12,16,14.0
3483,12,16,14.0
3483,12,16,14.0
3483,12,16,14.0
3483,12,16,14.0
3483,12,16,14.0
3483,12,16,14.0
3483,12,16,14.0
3483,12,16,14.0
3483,12,16,14.0
3483,12,16,14.0
3483,12,16,14.0
3483,12,16,14.0
3483,12,16,14.0
3483,12,16,14.0
3483,12,16,14.0
3483,12,16,14.0
3483,12,16,14.0
3483,12,16,14.0
3483,12,16,14.0
3483,12,16,14.0
3483,12,16,14.0
3483,12,16,14.0
3483,12,16,14.0
3483,12,16,14.0
3483,12,16,14.0
3483,12,15,13.5
3483,12,15,13.5
3483,12,15,13.5
3483,12,15,13.5
3483,12,15,13.5
3483,12,15,13.5
3483,12,15,13.5
3483,12,15,13.5
3483,12,15,13.5
3483,12,15,13.5
3483,12,15,13.5
3483,12,15,13.5
3483,12,15,13.5
3483,12,15,13.5
3483,12,15,13.5
3483,12,15,13.5
3483,12,15,13.5
3484,12,15,13.5
3484,12,15,13.5
3484,12,15,13.5
3484,12,15,13.5
3484,12,15,13.5
3484,12,15,13.5
3484,12,15,13.5
3484,12,15,13.5
3484,12,15,13.5
3484,12,15,13.5
3484,12,15,13.5
3484,12,15,13.5
3484,12,15,13.5
3484,12,15,13.5
3484,12,15,13.5
3484,12,15,13.5
3484,12,15,13.5
3484,12,15,13.5
3484,12,15,13.5
3484,12,15,13.5
3484,12,15,13.5
3484,12,15,13.5
3484,12,15,13.5
3484,12,15,13.5
3484,12,15,13.5
3484,12,15,13.5
3484,12,15,13.5
3484,12,15,13.5
3484,12,15,13.5
3484,12,15,13.5
3484,12,15,13.5
3484,12,15,13.5
3484,13,15,14.0
3484,13,15,14.0
3484,13,15,14.0
3484,13,15,14.0
3484,13,15,14.0
3484,13,15,14.0
3484,13,15,14.0
3484,13,15,14.0
3484,13,15,14.0
3484,13,15,14.0
3484,13,15,14.0
3484,13,15,14.0
3484,13,15,14.0
3485,13,15,14.0
3485,13,15,14.0
3485,13,15,14.0
3485,13,15,14.0
3485,13,15,14.0
3485,13,15,14.0
3485,13,15,14.0
3485,13,15,14.0
3485,13,15,14.0
3485,13,15,14.0
3485,13,15,14.0
3485,13,15,14.0
3485,13,15,14.0
3486,13,15,14.0
3486,13,15,14.0
3486,13,15,14.0
3486,13,15,14.0
3486,13,15,14.0
3486,13,15,14.0
3486,13,15,14.0
3486,13,15,14.0
3486,13,15,14.0
3486,13,15,14.0
3486,13,15,14.0
3486,13,15,14.0
3486,12,15,13.5
3486,12,15,13.5
3486,12,15,13.5
3486,12,15,13.5
3486,12,15,13.5
3486,12,15,13.5
3486,12,15,13.5
3486,12,15,13.5
3486,12,15,13.5
3486,12,15,13.5
3486,12,15,13.5
3486,12,15,13.5
3486,12,15,13.5
3486,12,15,13.5
3486,12,15,13.5
3486,12,15,13.5
3486,12,15,13.5
3486,12,15,13.5
3486,12,15,13.5
3486,12,15,13.5
3486,13,15,14.0
3486,13,16,14.5
3486,13,16,14.5
3486,13,16,14.5
3486,13,16,14.5
3486,13,17,15.0
3486,13,17,15.0
3486,13,16,14.5
3486,13,16,14.5
3486,13,16,14.5
3486,13,16,14.5
3486,13,16,14.5
3486,13,16,14.5
3486,13,16,14.5
3486,12,16,14.0
3486,12,16,14.0
3486,12,16,14.0
3486,12,16,14.0
3486,12,16,14.0
3486,12,16,14.0
3486,12,16,14.0
3486,12,16,14.0
3486,12,16,14.0
3486,12,16,14.0
3486,12,16,14.0
3486,12,16,14.0
3486,12,16,14.0
3486,12,16,14.0
3486,12,16,14.0
3486,12,16,14.0
3486,12,16,14.0
3487,12,16,14.0
3487,12,16,14.0
3487,12,16,14.0
3487,12,16,14.0
3487,12,16,14.0
3487,12,16,14.0
3487,12,16,14.0
3487,12,16,14.0
3487,12,16,14.0
3487,12,16,14.0
3487,12,16,14.0
3487,12,16,14.0
3487,12,16,14.0
3487,12,16,14.0
3487,12,16,14.0
3487,12,16,14.0
3487,12,16,14.0
3487,12,16,14.0
3487,12,16,14.0
3487,12,16,14.0
3487,12,16,14.0
3487,12,16,14.0
3487,12,16,14.0
3487,12,16,14.0
3487,12,16,14.0
3488,12,16,14.0
3488,12,16,14.0
3488,12,16,14.0
3488,12,16,14.0
3488,12,16,14.0
3488,12,16,14.0
3488,12,16,14.0
3488,12,16,14.0
3488,12,16,14.0
3488,12,16,14.0
3488,12,16,14.0
3488,12,16,14.0
3488,12,16,14.0
3488,12,16,14.0
3488,12,16,14.0
3488,12,16,14.0
3488,12,16,14.0
3488,12,16,14.0
3488,12,16,14.0
3488,12,16,14.0
3488,12,16,14.0
3488,12,16,14.0
3488,12,16,14.0
3488,12,16,14.0
3488,12,16,14.0
3488,12,16,14.0
3488,12,16,14.0
3488,12,16,14.0
3488,12,16,14.0
3488,14,16,15.0
3488,14,16,15.0
3488,14,16,15.0
3488,14,16,15.0
3488,14,16,15.0
3488,14,16,15.0
3488,14,16,15.0
3488,14,16,15.0
3488,14,16,15.0
3488,14,16,15.0
3489,14,16,15.0
3489,14,16,15.0
3489,14,16,15.0
3489,14,16,15.0
3489,14,16,15.0
3489,14,16,15.0
3489,14,16,15.0
3489,14,16,15.0
3489,14,16,15.0
3489,14,16,15.0
3489,14,16,15.0
3489,14,16,15.0
3489,14,16,15.0
3489,14,16,15.0
3489,14,16,15.0
3489,14,16,15.0
3489,14,16,15.0
3490,14,16,15.0
3490,14,16,15.0
3490,14,16,15.0
3490,14,16,15.0
3490,14,16,15.0
3490,14,16,15.0
3490,14,16,15.0
3490,14,16,15.0
3490,14,16,15.0
3490,14,16,15.0
3490,14,16,15.0
3490,14,16,15.0
3490,14,16,15.0
3490,14,16,15.0
3490,14,16,15.0
3490,12,16,14.0
3490,12,16,14.0
3490,12,16,14.0
3490,12,16,14.0
3490,12,16,14.0
3490,12,16,14.0
3490,12,16,14.0
3490,12,16,14.0
3490,12,16,14.0
3490,12,16,14.0
3490,12,16,14.0
3490,12,16,14.0
3490,12,16,14.0
3490,12,16,14.0
3490,12,16,14.0
3490,12,16,14.0
3491,12,16,14.0
3491,12,16,14.0
3491,12,16,14.0
3491,12,16,14.0
3491,12,16,14.0
3491,12,16,14.0
3491,12,16,14.0
3491,12,16,14.0
3491,12,16,14.0
3491,12,16,14.0
3491,12,16,14.0
3491,12,16,14.0
3491,12,16,14.0
3491,12,16,14.0
3491,12,16,14.0
3491,12,16,14.0
3491,12,16,14.0
3491,12,16,14.0
3491,12,16,14.0
3491,12,16,14.0
3491,12,16,14.0
3491,12,16,14.0
3492,12,16,14.0
3492,12,16,14.0
3493,12,16,14.0
3493,12,16,14.0
3493,12,16,14.0
3493,12,16,14.0
3493,12,16,14.0
3493,12,16,14.0
3493,12,16,14.0
3494,12,16,14.0
3494,12,16,14.0
3494,12,16,14.0
3494,12,16,14.0
3494,12,16,14.0
3494,12,17,14.5
3494,12,17,14.5
3495,12,17,14.5
3496,12,17,14.5
3496,12,17,14.5
3496,12,17,14.5
3496,12,17,14.5
3496,12,17,14.5
3496,12,17,14.5
3496,12,17,14.5
3496,12,17,14.5
3496,12,17,14.5
3496,12,17,14.5
3496,12,17,14.5
3496,12,17,14.5
3496,12,17,14.5
3496,12,17,14.5
3496,12,17,14.5
3496,12,17,14.5
3496,12,17,14.5
3496,12,17,14.5
3496,12,17,14.5
3496,12,17,14.5
3496,12,17,14.5
3496,12,17,14.5
3496,12,17,14.5
3496,12,17,14.5
3497,12,17,14.5
3497,12,17,14.5
3497,12,17,14.5
3497,12,17,14.5
3497,12,17,14.5
3498,12,17,14.5
3498,12,17,14.5
3498,12,17,14.5
3498,12,17,14.5
3499,12,17,14.5
3499,12,17,14.5
3499,12,17,14.5
3499,12,17,14.5
3501,12,17,14.5
3501,12,17,14.5
3501,12,17,14.5
3501,12,17,14.5
3501,12,17,14.5
3501,12,17,14.5
3501,12,17,14.5
3501,12,17,14.5
3501,12,17,14.5
3501,12,17,14.5
3501,12,17,14.5
3501,12,17,14.5
3501,12,17,14.5
3501,12,17,14.5
3503,12,17,14.5
3503,12,17,14.5
3503,12,17,14.5
3504,12,17,14.5
3506,12,17,14.5
3506,12,17,14.5
3506,12,17,14.5
3507,12,17,14.5
3507,12,17,14.5
3507,12,17,14.5
3507,12,17,14.5
3507,12,17,14.5
3507,12,17,14.5
3507,12,17,14.5
3507,12,17,14.5
3507,12,17,14.5
3507,12,17,14.5
3507,12,17,14.5
3507,12,17,14.5
3507,12,17,14.5
3507,12,17,14.5
3507,12,17,14.5
3507,12,17,14.5
3508,12,17,14.5
3508,12,17,14.5
3508,12,17,14.5
3508,12,17,14.5
3508,12,17,14.5
3508,12,17,14.5
3508,12,17,14.5
3508,12,17,14.5
3508,12,17,14.5
3508,12,17,14.5
3508,12,17,14.5
3508,12,17,14.5
3508,12,17,14.5
3508,12,17,14.5
3508,12,17,14.5
3508,12,17,14.5
3508,12,17,14.5
3509,12,17,14.5
3509,12,17,14.5
3509,12,17,14.5
3509,12,17,14.5
3509,12,17,14.5
3509,12,17,14.5
3510,12,17,14.5
3510,12,17,14.5
3510,12,17,14.5
3510,12,17,14.5
3510,12,17,14.5
3510,12,17,14.5
3510,12,17,14.5
3510,12,17,14.5
3510,12,17,14.5
3510,12,17,14.5
3510,12,17,14.5
3510,12,17,14.5
3510,12,17,14.5
3510,12,17,14.5
3510,12,17,14.5
3510,12,17,14.5
3510,12,17,14.5
3510,12,17,14.5
3510,12,17,14.5
3510,12,17,14.5
3510,12,17,14.5
3510,12,17,14.5
3510,12,17,14.5
3510,12,17,14.5
3510,12,17,14.5
3510,12,17,14.5
3510,12,17,14.5
3510,11,17,14.0
3510,11,17,14.0
3510,11,17,14.0
3510,11,17,14.0
3510,11,17,14.0
3510,11,17,14.0
3510,12,17,14.5
3510,12,17,14.5
3510,12,17,14.5
3510,12,17,14.5
3510,12,17,14.5
3510,12,17,14.5
3510,12,17,14.5
3510,12,17,14.5
3510,12,17,14.5
3510,12,17,14.5
3510,12,17,14.5
3511,12,17,14.5
3511,12,17,14.5
3511,12,17,14.5
3511,12,17,14.5
3511,12,17,14.5
3511,12,17,14.5
3511,14,17,15.5
3511,14,17,15.5
3511,14,17,15.5
3511,14,17,15.5
3511,14,17,15.5
3511,14,17,15.5
3511,15,17,16.0
3511,15,17,16.0
3511,15,17,16.0
3511,15,17,16.0
3511,15,17,16.0
3511,15,17,16.0
3511,15,17,16.0
3511,15,17,16.0
3511,15,17,16.0
3511,15,17,16.0
3511,15,17,16.0
3511,15,17,16.0
3511,15,17,16.0
3511,15,17,16.0
3511,15,17,16.0
3511,15,17,16.0
3511,15,17,16.0
3511,15,17,16.0
3511,15,17,16.0
3511,15,17,16.0
3511,15,17,16.0
3511,16,17,16.5
3511,16,17,16.5
3511,16,17,16.5
3511,16,17,16.5
3511,16,17,16.5
3511,16,17,16.5
3511,16,17,16.5
3511,16,17,16.5
3511,16,17,16.5
3511,16,17,16.5
3511,16,17,16.5
3511,16,17,16.5
3511,16,17,16.5
3511,16,17,16.5
3511,16,17,16.5
3511,16,17,16.5
3511,16,17,16.5
3511,16,17,16.5
3511,16,17,16.5
3511,16,17,16.5
3511,16,17,16.5
3511,16,17,16.5
3511,16,17,16.5
3511,16,17,16.5
3511,16,17,16.5
3511,16,17,16.5
3511,16,17,16.5
3511,16,17,16.5
3511,16,17,16.5
3511,16,17,16.5
3512,16,17,16.5
3512,16,17,16.5
3512,16,17,16.5
3512,16,17,16.5
3512,16,17,16.5
3512,16,17,16.5
3512,16,17,16.5
3512,16,17,16.5
3512,16,17,16.5
3512,16,17,16.5
3512,16,17,16.5
3512,16,17,16.5
3512,16,17,16.5
3512,16,17,16.5
3512,16,17,16.5
3512,16,17,16.5
3512,16,17,16.5
3512,16,17,16.5
3512,16,17,16.5
3512,16,17,16.5
3512,16,17,16.5
3512,16,17,16.5
3512,16,17,16.5
3512,16,17,16.5
3512,16,17,16.5
3512,16,17,16.5
3512,16,17,16.5
3512,16,17,16.5
3512,16,17,16.5
3512,16,17,16.5
3512,16,17,16.5
3512,16,17,16.5
3512,16,17,16.5
3512,16,17,16.5
3513,16,17,16.5
3513,16,17,16.5
3513,16,17,16.5
3513,16,17,16.5
3513,16,17,16.5
3513,16,17,16.5
3513,16,17,16.5
3513,16,17,16.5
3513,16,17,16.5
3513,16,17,16.5
3513,16,17,16.5
3513,16,17,16.5
3514,16,17,16.5
3514,16,17,16.5
3514,16,17,16.5
3514,16,17,16.5
3514,16,17,16.5
3514,16,17,16.5
3514,16,17,16.5
3514,16,17,16.5
3514,16,17,16.5
3514,16,17,16.5
3514,16,17,16.5
3514,16,17,16.5
3514,16,17,16.5
3514,16,17,16.5
3514,16,17,16.5
3514,16,17,16.5
3514,16,17,16.5
3515,16,17,16.5
3515,16,17,16.5
3515,16,17,16.5
3515,16,17,16.5
3515,16,17,16.5
3515,16,17,16.5
3515,16,17,16.5
3515,16,17,16.5
3515,16,17,16.5
3515,16,17,16.5
3515,16,17,16.5
3515,16,17,16.5
3515,16,17,16.5
3515,16,17,16.5
3516,16,17,16.5
3516,16,17,16.5
3516,16,17,16.5
3516,16,17,16.5
3516,16,17,16.5
3516,16,17,16.5
3516,16,17,16.5
3516,16,17,16.5
3517,16,17,16.5
3517,16,17,16.5
3517,16,17,16.5
3517,16,17,16.5
3517,16,17,16.5
3518,16,17,16.5
3518,16,17,16.5
3518,16,17,16.5
3518,16,17,16.5
3518,16,17,16.5
3518,16,17,16.5
3518,16,17,16.5
3518,16,17,16.5
3518,16,17,16.5
3518,16,17,16.5
3518,16,17,16.5
3518,16,17,16.5
3518,16,17,16.5
3518,16,17,16.5
3518,16,17,16.5
3518,16,17,16.5
3519,16,17,16.5
3519,16,17,16.5
3519,16,17,16.5
3519,16,17,16.5
3519,16,17,16.5
3520,16,17,16.5
3520,16,17,16.5
3520,16,17,16.5
3521,16,17,16.5
3521,16,17,16.5
3521,16,17,16.5
3521,16,17,16.5
3521,16,17,16.5
3521,16,17,16.5
3521,16,17,16.5
3521,16,17,16.5
3521,16,17,16.5
3522,16,17,16.5
3522,16,17,16.5
3522,16,17,16.5
3522,16,17,16.5
3522,16,17,16.5
3523,16,17,16.5
3523,16,17,16.5
3523,16,17,16.5
3524,16,17,16.5
3524,16,17,16.5
3524,16,17,16.5
3524,16,17,16.5
3525,16,17,16.5
3526,16,17,16.5
3526,16,17,16.5
3528,16,17,16.5
3528,16,17,16.5
3528,16,17,16.5
3528,16,17,16.5
3528,16,17,16.5
3528,16,17,16.5
3529,16,17,16.5
3529,16,17,16.5
3529,16,17,16.5
3529,16,17,16.5
3529,16,17,16.5
3529,16,17,16.5
3530,16,17,16.5
3531,16,17,16.5
3531,16,17,16.5
3534,16,17,16.5
3534,16,17,16.5
3534,16,17,16.5
3535,16,17,16.5
3535,16,17,16.5
3535,16,17,16.5
3535,16,17,16.5
3535,16,17,16.5
3535,16,17,16.5
3535,16,17,16.5
3535,16,17,16.5
3535,16,17,16.5
3535,16,17,16.5
3535,16,17,16.5
3535,16,17,16.5
3535,16,17,16.5
3535,16,17,16.5
3535,16,17,16.5
3535,16,17,16.5
3535,16,17,16.5
3535,16,17,16.5
3535,16,17,16.5
3535,16,17,16.5
3535,16,17,16.5
3535,15,17,16.0
3535,15,17,16.0
3535,15,17,16.0
3535,15,17,16.0
3535,15,17,16.0
3535,15,17,16.0
3535,15,17,16.0
3535,15,17,16.0
3535,15,17,16.0
3535,15,17,16.0
3535,15,17,16.0
3535,15,17,16.0
3535,15,17,16.0
3535,15,17,16.0
3535,15,17,16.0
3535,15,17,16.0
3535,15,17,16.0
3535,15,17,16.0
3535,15,17,16.0
3535,15,17,16.0
3535,15,17,16.0
3535,15,17,16.0
3535,15,17,16.0
3535,15,17,16.0
3535,15,17,16.0
3535,15,17,16.0
3535,15,17,16.0
3535,15,17,16.0
3535,15,17,16.0
3535,15,17,16.0
3535,15,17,16.0
3535,15,17,16.0
3535,15,17,16.0
3535,15,17,16.0
3535,15,17,16.0
3535,15,17,16.0
3535,15,17,16.0
3535,15,17,16.0
3535,15,17,16.0
3535,15,17,16.0
3535,15,17,16.0
3535,15,17,16.0
3535,15,17,16.0
3535,15,17,16.0
3535,15,17,16.0
3535,15,17,16.0
3535,15,17,16.0
3535,15,17,16.0
3535,15,17,16.0
3535,15,17,16.0
3535,15,17,16.0
3535,15,17,16.0
3535,15,17,16.0
3535,15,17,16.0
3535,15,17,16.0
3535,15,17,16.0
3535,15,17,16.0
3535,15,17,16.0
3535,15,17,16.0
3535,15,17,16.0
3535,15,17,16.0
3535,15,17,16.0
3535,15,17,16.0
3535,15,17,16.0
3535,15,18,16.5
3535,15,18,16.5
3535,15,18,16.5
3535,15,18,16.5
3535,15,18,16.5
3535,15,18,16.5
3535,15,19,17.0
3535,15,19,17.0
3535,15,18,16.5
3535,15,18,16.5
3535,15,18,16.5
3535,15,18,16.5
3535,15,18,16.5
3535,15,18,16.5
3535,15,18,16.5
3535,15,18,16.5
3535,15,18,16.5
3535,15,18,16.5
3535,15,18,16.5
3535,15,18,16.5
3535,15,18,16.5
3535,15,18,16.5
3535,15,18,16.5
3535,15,18,16.5
3535,15,18,16.5
3535,15,17,16.0
3535,15,17,16.0
3535,15,17,16.0
3535,15,17,16.0
3535,15,17,16.0
3535,15,17,16.0
3535,15,17,16.0
3535,15,17,16.0
3535,15,17,16.0
3535,15,17,16.0
3535,15,17,16.0
3535,15,17,16.0
3536,15,17,16.0
3536,15,17,16.0
3536,15,17,16.0
3536,15,17,16.0
3536,15,17,16.0
3536,15,17,16.0
3536,15,17,16.0
3536,15,17,16.0
3536,15,17,16.0
3536,15,17,16.0
3536,15,17,16.0
3536,15,17,16.0
3536,15,17,16.0
3536,15,17,16.0
3536,15,17,16.0
3536,15,19,17.0
3536,15,19,17.0
3536,13,19,16.0
3536,13,19,16.0
3536,13,19,16.0
3536,13,19,16.0
3536,13,19,16.0
3536,13,19,16.0
3536,13,19,16.0
3536,13,19,16.0
3536,13,19,16.0
3536,14,19,16.5
3536,14,19,16.5
3536,14,19,16.5
3536,14,19,16.5
3536,14,19,16.5
3536,14,19,16.5
3536,14,19,16.5
3536,14,19,16.5
3536,14,18,16.0
3536,14,18,16.0
3536,14,18,16.0
3536,14,18,16.0
3536,14,18,16.0
3536,14,18,16.0
3536,14,18,16.0
3536,14,18,16.0
3537,14,18,16.0
3537,14,18,16.0
3537,13,18,15.5
3537,13,18,15.5
3537,13,18,15.5
3537,13,18,15.5
3537,13,18,15.5
3537,13,18,15.5
3537,13,18,15.5
3537,13,18,15.5
3537,13,18,15.5
3537,13,18,15.5
3537,13,18,15.5
3537,13,18,15.5
3537,13,18,15.5
3537,13,18,15.5
3537,13,18,15.5
3537,13,18,15.5
3537,13,18,15.5
3537,13,18,15.5
3537,13,18,15.5
3538,13,18,15.5
3538,13,18,15.5
3538,13,18,15.5
3538,13,18,15.5
3538,13,18,15.5
3538,13,19,16.0
3538,14,19,16.5
3538,14,19,16.5
3538,14,19,16.5
3538,14,19,16.5
3538,14,19,16.5
3538,14,19,16.5
3538,14,19,16.5
3538,14,19,16.5
3538,14,19,16.5
3538,14,19,16.5
3538,14,19,16.5
3538,14,19,16.5
3538,14,19,16.5
3538,14,19,16.5
3538,14,19,16.5
3538,14,19,16.5
3538,14,19,16.5
3539,14,19,16.5
3539,14,19,16.5
3539,14,19,16.5
3539,14,19,16.5
3539,14,19,16.5
3539,14,19,16.5
3539,14,19,16.5
3539,14,19,16.5
3539,14,20,17.0
3540,14,20,17.0
3540,14,20,17.0
3540,14,20,17.0
3540,14,19,16.5
3540,14,19,16.5
3540,14,19,16.5
3540,13,19,16.0
3540,13,19,16.0
3540,13,19,16.0
3540,13,19,16.0
3540,13,19,16.0
3540,13,19,16.0
3540,13,19,16.0
3540,13,19,16.0
3540,13,19,16.0
3540,13,19,16.0
3540,13,19,16.0
3540,13,19,16.0
3540,13,19,16.0
3540,13,19,16.0
3540,13,19,16.0
3540,13,19,16.0
3540,13,19,16.0
3540,13,19,16.0
3541,13,19,16.0
3541,13,19,16.0
3541,14,19,16.5
3541,14,17,15.5
3541,14,17,15.5
3541,14,17,15.5
3541,14,17,15.5
3541,14,17,15.5
3541,14,17,15.5
3541,14,17,15.5
3541,15,17,16.0
3541,15,17,16.0
3541,15,17,16.0
3541,15,17,16.0
3541,15,17,16.0
3541,15,17,16.0
3541,15,17,16.0
3541,15,17,16.0
3541,15,17,16.0
3541,15,17,16.0
3541,15,17,16.0
3541,15,17,16.0
3541,15,17,16.0
3541,15,17,16.0
3541,15,17,16.0
3541,15,17,16.0
3541,15,17,16.0
3541,15,17,16.0
3541,15,17,16.0
3541,15,17,16.0
3541,15,17,16.0
3541,15,17,16.0
3541,15,17,16.0
3541,15,17,16.0
3541,15,17,16.0
3541,15,17,16.0
3541,15,17,16.0
3541,15,17,16.0
3541,15,17,16.0
3541,15,17,16.0
3541,15,17,16.0
3541,15,17,16.0
3541,15,17,16.0
3541,15,17,16.0
3541,15,17,16.0
3541,15,17,16.0
3541,15,17,16.0
3541,15,17,16.0
3541,15,17,16.0
3541,15,17,16.0
3541,15,17,16.0
3541,15,17,16.0
3541,15,17,16.0
3541,15,17,16.0
3541,15,17,16.0
3541,15,17,16.0
3541,15,17,16.0
3541,15,17,16.0
3541,15,17,16.0
3541,15,17,16.0
3541,15,17,16.0
3542,15,17,16.0
3542,15,17,16.0
3542,15,17,16.0
3542,15,17,16.0
3542,15,17,16.0
3542,15,17,16.0
3542,15,17,16.0
3542,15,17,16.0
3542,15,17,16.0
3543,15,17,16.0
3543,15,17,16.0
3543,15,17,16.0
3543,15,17,16.0
3543,15,17,16.0
3543,15,17,16.0
3543,15,17,16.0
3543,15,17,16.0
3543,15,17,16.0
3543,15,17,16.0
3543,15,17,16.0
3543,15,17,16.0
3543,15,17,16.0
3543,15,17,16.0
3543,15,17,16.0
3543,15,17,16.0
3543,15,17,16.0
3543,15,17,16.0
3543,15,17,16.0
3543,15,17,16.0
3543,15,17,16.0
3543,15,17,16.0
3543,15,17,16.0
3543,15,17,16.0
3543,15,17,16.0
3543,15,17,16.0
3543,15,17,16.0
3544,15,17,16.0
3544,15,17,16.0
3544,15,17,16.0
3544,15,17,16.0
3544,13,17,15.0
3544,13,17,15.0
3544,13,17,15.0
3544,13,17,15.0
3544,13,17,15.0
3544,13,17,15.0
3544,13,17,15.0
3544,13,17,15.0
3544,13,17,15.0
3544,13,17,15.0
3544,13,17,15.0
3544,13,17,15.0
3544,13,17,15.0
3544,13,17,15.0
3544,13,17,15.0
3544,13,17,15.0
3544,13,17,15.0
3544,13,17,15.0
3544,13,17,15.0
3544,13,17,15.0
3544,13,17,15.0
3544,13,17,15.0
3544,14,17,15.5
3544,14,17,15.5
3544,14,17,15.5
3544,14,17,15.5
3544,14,17,15.5
3544,14,17,15.5
3544,14,17,15.5
3544,14,17,15.5
3544,13,17,15.0
3544,13,17,15.0
3544,13,17,15.0
3544,13,17,15.0
3544,13,17,15.0
3544,13,17,15.0
3544,13,17,15.0
3544,13,17,15.0
3544,13,17,15.0
3544,13,17,15.0
3544,13,17,15.0
3544,13,17,15.0
3544,13,17,15.0
3544,13,17,15.0
3544,13,17,15.0
3544,13,17,15.0
3544,13,17,15.0
3544,13,17,15.0
3544,13,17,15.0
3544,13,17,15.0
3544,13,17,15.0
3544,13,17,15.0
3544,13,17,15.0
3544,13,17,15.0
3544,13,17,15.0
3544,14,17,15.5
3544,14,17,15.5
3544,14,17,15.5
3544,14,17,15.5
3544,14,17,15.5
3544,14,17,15.5
3544,14,17,15.5
3545,14,17,15.5
3545,14,17,15.5
3545,13,17,15.0
3545,13,17,15.0
3545,13,17,15.0
3545,13,17,15.0
3545,13,17,15.0
3545,13,17,15.0
3545,13,17,15.0
3545,13,17,15.0
3545,13,17,15.0
3545,13,17,15.0
3545,13,17,15.0
3545,13,17,15.0
3546,13,17,15.0
3546,13,17,15.0
3546,13,17,15.0
3546,13,17,15.0
3546,13,17,15.0
3546,13,17,15.0
3546,13,17,15.0
3546,13,17,15.0
3546,13,17,15.0
3546,13,17,15.0
3547,13,17,15.0
3547,13,17,15.0
3548,13,17,15.0
3548,13,17,15.0
3548,13,17,15.0
3548,13,17,15.0
3549,14,17,15.5
3549,14,17,15.5
3549,14,18,16.0
3549,14,18,16.0
3549,14,18,16.0
3549,14,18,16.0
3549,14,18,16.0
3549,13,18,15.5
3549,13,18,15.5
3549,13,18,15.5
3549,13,18,15.5
3549,13,18,15.5
3549,13,18,15.5
3549,13,18,15.5
3549,13,18,15.5
3549,13,18,15.5
3549,13,18,15.5
3549,13,18,15.5
3550,13,18,15.5
3550,13,18,15.5
3550,13,18,15.5
3551,13,18,15.5
3551,13,18,15.5
3551,13,18,15.5
3551,13,18,15.5
3552,13,18,15.5
3552,13,18,15.5
3552,13,18,15.5
3552,13,18,15.5
3552,13,18,15.5
3552,13,18,15.5
3553,13,18,15.5
3553,13,18,15.5
3553,13,18,15.5
3553,13,18,15.5
3553,13,18,15.5
3554,13,18,15.5
3554,13,18,15.5
3554,13,18,15.5
3554,13,18,15.5
3555,13,18,15.5
3555,13,18,15.5
3556,13,18,15.5
3556,13,18,15.5
3556,13,18,15.5
3556,13,18,15.5
3557,13,18,15.5
3557,13,18,15.5
3557,13,18,15.5
3557,13,18,15.5
3559,13,18,15.5
3559,13,18,15.5
3559,13,18,15.5
3559,13,18,15.5
3559,13,18,15.5
3560,13,18,15.5
3560,13,18,15.5
3560,13,19,16.0
3560,13,19,16.0
3560,13,19,16.0
3560,13,19,16.0
3560,13,19,16.0
3560,13,18,15.5
3560,13,18,15.5
3560,13,18,15.5
3560,13,18,15.5
3560,13,18,15.5
3560,13,18,15.5
3560,13,18,15.5
3560,13,18,15.5
3560,13,18,15.5
3560,13,18,15.5
3560,13,18,15.5
3560,13,18,15.5
3560,13,18,15.5
3560,13,18,15.5
3560,13,18,15.5
3560,13,18,15.5
3560,13,18,15.5
3560,13,19,16.0
3560,13,19,16.0
3560,13,19,16.0
3560,13,19,16.0
3560,13,19,16.0
3560,13,19,16.0
3560,13,19,16.0
3560,13,19,16.0
3560,13,19,16.0
3560,13,19,16.0
3560,13,19,16.0
3560,13,19,16.0
3560,13,19,16.0
3560,13,19,16.0
3560,13,19,16.0
3560,13,19,16.0
3560,13,19,16.0
3560,13,19,16.0
3560,13,17,15.0
3560,13,17,15.0
3560,13,17,15.0
3560,13,17,15.0
3560,13,17,15.0
3560,13,17,15.0
3560,13,17,15.0
3560,13,17,15.0
3560,13,17,15.0
3560,13,17,15.0
3560,13,17,15.0
3560,13,17,15.0
3560,13,17,15.0
3560,13,17,15.0
3560,13,17,15.0
3560,13,17,15.0
3560,13,17,15.0
3560,13,17,15.0
3560,13,17,15.0
3560,13,17,15.0
3560,13,17,15.0
3560,13,17,15.0
3560,13,17,15.0
3560,13,17,15.0
3560,13,17,15.0
3560,13,17,15.0
3560,13,17,15.0
3560,13,17,15.0
3560,13,17,15.0
3560,13,17,15.0
3561,13,17,15.0
3561,13,17,15.0
3561,13,17,15.0
3561,13,17,15.0
3561,13,16,14.5
3561,13,16,14.5
3561,13,16,14.5
3561,13,16,14.5
3561,13,16,14.5
3561,13,16,14.5
3561,13,16,14.5
3561,13,16,14.5
3561,13,16,14.5
3561,13,16,14.5
3561,13,16,14.5
3561,13,16,14.5
3561,13,16,14.5
3561,13,16,14.5
3561,13,16,14.5
3561,13,15,14.0
3561,13,15,14.0
3561,13,15,14.0
3561,13,15,14.0
3561,13,15,14.0
3561,13,15,14.0
3561,13,15,14.0
3561,13,15,14.0
3561,13,15,14.0
3561,13,15,14.0
3561,13,15,14.0
3561,13,15,14.0
3561,13,15,14.0
3561,13,15,14.0
3561,13,15,14.0
3561,13,15,14.0
3561,13,15,14.0
3561,13,15,14.0
3561,13,15,14.0
3561,13,15,14.0
3561,13,15,14.0
3561,13,15,14.0
3561,13,15,14.0
3561,13,15,14.0
3561,13,15,14.0
3561,13,15,14.0
3561,13,15,14.0
3561,13,15,14.0
3561,13,15,14.0
3561,13,15,14.0
3561,13,15,14.0
3561,13,15,14.0
3561,13,15,14.0
3561,13,15,14.0
3561,13,15,14.0
3561,13,15,14.0
3561,13,15,14.0
3561,13,15,14.0
3561,13,15,14.0
3561,13,15,14.0
3561,13,15,14.0
3561,13,15,14.0
3561,13,15,14.0
3561,13,15,14.0
3561,13,15,14.0
3561,13,15,14.0
3561,13,15,14.0
3561,13,15,14.0
3561,13,15,14.0
3561,13,15,14.0
3561,13,15,14.0
3561,13,15,14.0
3561,13,15,14.0
3561,13,15,14.0
3561,13,15,14.0
3561,13,15,14.0
3561,13,15,14.0
3561,13,15,14.0
3561,13,15,14.0
3562,13,15,14.0
3562,13,15,14.0
3562,13,15,14.0
3562,13,15,14.0
3562,13,15,14.0
3562,13,15,14.0
3562,13,15,14.0
3562,13,15,14.0
3562,13,15,14.0
3562,13,15,14.0
3562,13,15,14.0
3562,13,15,14.0
3562,13,15,14.0
3562,13,15,14.0
3562,13,14,13.5
3562,13,14,13.5
3562,13,14,13.5
3562,13,14,13.5
3562,13,14,13.5
3562,13,14,13.5
3562,13,14,13.5
3562,13,14,13.5
3562,13,14,13.5
3562,13,14,13.5
3563,13,14,13.5
3563,13,14,13.5
3563,13,14,13.5
3563,13,14,13.5
3563,13,14,13.5
3563,13,14,13.5
3563,13,14,13.5
3563,13,14,13.5
3563,13,14,13.5
3563,13,14,13.5
3563,13,14,13.5
3564,13,14,13.5
3564,13,14,13.5
3564,13,14,13.5
3564,13,14,13.5
3564,13,14,13.5
3564,13,14,13.5
3564,13,14,13.5
3564,13,14,13.5
3564,13,14,13.5
3564,13,14,13.5
3564,13,14,13.5
3564,13,14,13.5
3564,13,14,13.5
3564,13,14,13.5
3564,13,14,13.5
3564,13,14,13.5
3564,13,14,13.5
3564,13,14,13.5
3564,13,14,13.5
3564,13,14,13.5
3564,13,14,13.5
3564,13,14,13.5
3564,13,14,13.5
3564,13,14,13.5
3564,13,14,13.5
3564,13,14,13.5
3564,13,14,13.5
3564,13,14,13.5
3564,13,14,13.5
3564,13,14,13.5
3564,13,14,13.5
3564,13,14,13.5
3565,13,14,13.5
3565,13,14,13.5
3565,13,14,13.5
3566,13,14,13.5
3566,13,14,13.5
3566,13,14,13.5
3566,13,14,13.5
3566,13,14,13.5
3567,13,14,13.5
3567,13,14,13.5
3567,13,14,13.5
3567,13,14,13.5
3567,13,14,13.5
3567,13,14,13.5
3567,13,14,13.5
3567,13,14,13.5
3567,13,14,13.5
3567,13,14,13.5
3567,13,14,13.5
3567,13,14,13.5
3567,13,14,13.5
3568,13,14,13.5
3568,13,14,13.5
3568,13,14,13.5
3568,13,14,13.5
3569,13,14,13.5
3569,13,14,13.5
3569,13,14,13.5
3569,13,14,13.5
3569,13,14,13.5
3569,13,14,13.5
3569,13,14,13.5
3569,13,14,13.5
3569,13,14,13.5
3569,13,14,13.5
3569,13,14,13.5
3569,13,14,13.5
3569,13,14,13.5
3569,13,14,13.5
3570,13,14,13.5
3570,13,14,13.5
3570,13,14,13.5
3570,13,14,13.5
3570,13,14,13.5
3570,13,14,13.5
3570,13,14,13.5
3571,13,14,13.5
3571,13,14,13.5
3571,13,14,13.5
3571,13,14,13.5
3571,13,14,13.5
3571,13,14,13.5
3571,13,14,13.5
3571,13,14,13.5
3571,13,14,13.5
3571,13,14,13.5
3571,13,14,13.5
3571,13,14,13.5
3571,13,14,13.5
3571,13,14,13.5
3571,13,14,13.5
3571,13,14,13.5
3572,13,14,13.5
3572,13,14,13.5
3572,13,14,13.5
3572,13,14,13.5
3572,13,14,13.5
3573,13,14,13.5
3573,13,14,13.5
3573,13,14,13.5
3573,13,14,13.5
3574,13,14,13.5
3574,13,14,13.5
3574,13,14,13.5
3574,13,14,13.5
3574,13,14,13.5
3574,12,14,13.0
3574,12,14,13.0
3574,12,14,13.0
3574,12,14,13.0
3575,12,14,13.0
3575,12,14,13.0
3575,12,14,13.0
3575,12,14,13.0
3575,12,14,13.0
3575,12,14,13.0
3576,12,14,13.0
3576,12,14,13.0
3576,12,14,13.0
3576,12,14,13.0
3577,12,14,13.0
3577,12,14,13.0
3577,12,14,13.0
3578,12,14,13.0
3578,12,14,13.0
3578,12,14,13.0
3578,12,14,13.0
3578,12,14,13.0
3578,12,14,13.0
3578,12,14,13.0
3578,12,14,13.0
3578,12,14,13.0
3578,12,14,13.0
3578,12,14,13.0
3578,12,14,13.0
3579,12,14,13.0
3579,12,14,13.0
3579,12,14,13.0
3579,12,14,13.0
3579,12,14,13.0
3579,12,14,13.0
3579,12,14,13.0
3579,12,14,13.0
3579,12,14,13.0
3579,12,14,13.0
3579,12,14,13.0
3579,12,14,13.0
3579,12,14,13.0
3579,12,14,13.0
3579,12,14,13.0
3579,12,14,13.0
3579,12,14,13.0
3579,12,14,13.0
3579,12,14,13.0
3579,12,14,13.0
3579,12,14,13.0
3579,12,14,13.0
3579,12,14,13.0
3579,11,14,12.5
3579,11,14,12.5
3579,11,14,12.5
3579,11,14,12.5
3579,11,14,12.5
3579,11,14,12.5
3579,11,14,12.5
3579,11,14,12.5
3579,11,14,12.5
3579,11,14,12.5
3579,11,14,12.5
3579,11,14,12.5
3579,11,14,12.5
3579,11,14,12.5
3579,11,14,12.5
3579,11,14,12.5
3579,11,14,12.5
3579,11,14,12.5
3579,11,14,12.5
3579,11,14,12.5
3579,11,14,12.5
3579,11,14,12.5
3579,11,14,12.5
3579,11,14,12.5
3579,11,14,12.5
3579,11,14,12.5
3579,11,14,12.5
3579,11,14,12.5
3579,11,14,12.5
3579,11,14,12.5
3579,11,14,12.5
3580,11,15,13.0
3580,11,15,13.0
3580,11,15,13.0
3580,11,15,13.0
3580,11,15,13.0
3580,11,15,13.0
3580,12,15,13.5
3580,12,15,13.5
3580,12,15,13.5
3580,12,15,13.5
3580,12,15,13.5
3580,12,15,13.5
3580,12,15,13.5
3580,12,15,13.5
3580,12,15,13.5
3580,12,15,13.5
3580,12,15,13.5
3580,12,15,13.5
3580,12,15,13.5
3580,12,15,13.5
3580,12,15,13.5
3580,12,15,13.5
3580,12,15,13.5
3580,12,15,13.5
3580,12,15,13.5
3580,12,15,13.5
3580,12,15,13.5
3580,12,15,13.5
3580,12,15,13.5
3580,12,15,13.5
3580,11,15,13.0
3580,11,15,13.0
3580,11,15,13.0
3580,11,15,13.0
3580,11,15,13.0
3580,11,15,13.0
3580,11,15,13.0
3580,11,15,13.0
3580,11,15,13.0
3580,11,15,13.0
3580,11,15,13.0
3580,11,15,13.0
3580,11,15,13.0
3580,11,15,13.0
3580,11,15,13.0
3580,11,15,13.0
3580,11,15,13.0
3580,11,15,13.0
3580,11,15,13.0
3580,11,15,13.0
3580,11,15,13.0
3580,11,15,13.0
3580,11,15,13.0
3580,11,15,13.0
3580,11,15,13.0
3580,11,15,13.0
3580,11,15,13.0
3580,11,15,13.0
3580,11,15,13.0
3580,11,15,13.0
3580,11,15,13.0
3580,11,15,13.0
3580,11,15,13.0
3580,11,15,13.0
3580,12,15,13.5
3580,12,15,13.5
3580,12,15,13.5
3580,12,15,13.5
3580,12,15,13.5
3580,12,15,13.5
3580,12,15,13.5
3580,12,15,13.5
3580,12,15,13.5
3581,12,15,13.5
3581,12,15,13.5
3581,12,15,13.5
3581,11,15,13.0
3581,11,15,13.0
3581,11,15,13.0
3581,11,15,13.0
3581,11,15,13.0
3581,11,15,13.0
3581,11,15,13.0
3581,11,15,13.0
3581,11,15,13.0
3581,11,15,13.0
3581,11,15,13.0
3581,11,15,13.0
3581,11,15,13.0
3581,11,15,13.0
3581,11,15,13.0
3581,11,15,13.0
3581,11,15,13.0
3581,11,15,13.0
3581,11,15,13.0
3581,11,15,13.0
3581,11,15,13.0
3581,11,15,13.0
3581,11,15,13.0
3581,11,15,13.0
3581,11,15,13.0
3581,11,14,12.5
3581,11,14,12.5
3582,11,14,12.5
3582,11,14,12.5
3582,11,14,12.5
3582,11,14,12.5
3582,11,14,12.5
3582,11,14,12.5
3582,11,14,12.5
3582,11,15,13.0
3582,11,15,13.0
3582,11,15,13.0
3582,11,15,13.0
3582,11,15,13.0
3583,11,15,13.0
3583,11,15,13.0
3583,11,15,13.0
3583,11,15,13.0
3583,11,15,13.0
3583,11,15,13.0
3583,11,15,13.0
3583,11,15,13.0
3583,11,14,12.5
3583,11,14,12.5
3583,11,14,12.5
3583,11,15,13.0
3583,11,15,13.0
3583,11,15,13.0
3583,11,15,13.0
3583,11,15,13.0
3583,11,15,13.0
3583,11,15,13.0
3583,11,14,12.5
3583,11,14,12.5
3584,11,14,12.5
3584,11,14,12.5
3584,11,14,12.5
3584,11,14,12.5
3584,11,14,12.5
3584,11,14,12.5
3584,11,14,12.5
3584,11,14,12.5
3585,11,13,12.0
3585,11,13,12.0
3585,11,13,12.0
3585,11,13,12.0
3585,11,13,12.0
3585,11,13,12.0
3585,11,13,12.0
3585,11,13,12.0
3585,11,13,12.0
3585,11,13,12.0
3585,11,13,12.0
3585,11,13,12.0
3585,11,13,12.0
3585,11,13,12.0
3585,11,13,12.0
3585,11,13,12.0
3585,11,13,12.0
3585,11,13,12.0
3585,11,13,12.0
3585,11,13,12.0
3585,11,13,12.0
3585,11,13,12.0
3585,11,13,12.0
3585,11,13,12.0
3585,11,13,12.0
3585,11,13,12.0
3585,11,13,12.0
3585,11,13,12.0
3585,11,13,12.0
3585,11,13,12.0
3585,10,13,11.5
3585,10,12,11.0
3585,10,12,11.0
3585,10,12,11.0
3585,10,12,11.0
3585,10,12,11.0
3585,10,12,11.0
3585,10,12,11.0
3585,10,12,11.0
3585,10,12,11.0
3585,10,12,11.0
3585,11,12,11.5
3585,11,12,11.5
3585,11,12,11.5
3585,11,12,11.5
3585,11,12,11.5
3585,11,12,11.5
3585,11,12,11.5
3585,11,12,11.5
3585,11,12,11.5
3585,11,12,11.5
3585,11,12,11.5
3585,11,12,11.5
3585,11,12,11.5
3585,11,12,11.5
3586,11,12,11.5
3586,11,12,11.5
3586,11,12,11.5
3586,11,12,11.5
3586,11,12,11.5
3586,11,12,11.5
3586,11,12,11.5
3586,11,12,11.5
3586,11,12,11.5
3586,11,12,11.5
3586,11,12,11.5
3586,11,12,11.5
3586,11,12,11.5
3586,11,12,11.5
3586,11,12,11.5
3586,11,12,11.5
3586,11,12,11.5
3586,11,12,11.5
3586,11,12,11.5
3586,11,12,11.5
3586,11,12,11.5
3586,11,12,11.5
3586,11,12,11.5
3586,11,12,11.5
3586,11,12,11.5
3586,11,12,11.5
3586,11,12,11.5
3586,11,12,11.5
3586,11,12,11.5
3586,11,12,11.5
3586,11,12,11.5
3586,11,12,11.5
3586,11,12,11.5
3586,11,12,11.5
3586,11,12,11.5
3586,11,12,11.5
3586,11,12,11.5
3586,11,12,11.5
3586,11,12,11.5
3586,11,12,11.5
3586,11,12,11.5
3586,11,12,11.5
3586,11,12,11.5
3586,11,12,11.5
3586,11,12,11.5
3586,11,12,11.5
3586,11,13,12.0
3586,11,13,12.0
3586,11,13,12.0
3586,11,13,12.0
3586,11,13,12.0
3586,11,13,12.0
3586,11,13,12.0
3586,11,13,12.0
3586,11,13,12.0
3586,11,13,12.0
3586,11,13,12.0
3586,11,13,12.0
3586,11,13,12.0
3587,11,13,12.0
3587,11,13,12.0
3587,11,13,12.0
3587,11,13,12.0
3587,11,13,12.0
3587,11,13,12.0
3587,11,13,12.0
3587,11,13,12.0
3587,11,12,11.5
3587,11,12,11.5
3587,11,12,11.5
3587,11,12,11.5
3587,11,12,11.5
3587,11,12,11.5
3587,11,12,11.5
3587,11,12,11.5
3587,11,12,11.5
3587,11,12,11.5
3587,11,12,11.5
3587,11,12,11.5
3587,11,12,11.5
3587,11,12,11.5
3587,11,13,12.0
3587,11,13,12.0
3587,11,13,12.0
3587,11,13,12.0
3587,11,13,12.0
3587,11,13,12.0
3587,11,13,12.0
3587,11,13,12.0
3588,11,12,11.5
3588,11,12,11.5
3588,11,12,11.5
3588,11,12,11.5
3588,11,12,11.5
3588,11,12,11.5
3588,11,12,11.5
3588,11,12,11.5
3588,11,12,11.5
3588,11,12,11.5
3588,11,12,11.5
3588,11,12,11.5
3588,11,12,11.5
3588,11,12,11.5
3588,11,13,12.0
3588,11,13,12.0
3588,11,13,12.0
3588,11,13,12.0
3588,11,13,12.0
3588,11,13,12.0
3588,11,13,12.0
3588,11,13,12.0
3588,11,12,11.5
3588,11,12,11.5
3588,11,12,11.5
3588,11,12,11.5
3588,11,12,11.5
3588,11,12,11.5
3588,11,12,11.5
3588,11,12,11.5
3588,11,12,11.5
3588,11,12,11.5
3588,11,12,11.5
3588,11,12,11.5
3588,11,12,11.5
3588,11,13,12.0
3588,11,13,12.0
3588,11,13,12.0
3588,11,13,12.0
3588,11,13,12.0
3588,11,13,12.0
3588,11,13,12.0
3588,11,13,12.0
3588,11,13,12.0
3588,11,13,12.0
3588,11,13,12.0
3588,11,13,12.0
3588,11,13,12.0
3588,11,13,12.0
3588,11,13,12.0
3588,11,13,12.0
3588,11,13,12.0
3588,10,13,11.5
3588,10,13,11.5
3588,10,14,12.0
3588,10,14,12.0
3588,10,14,12.0
3588,10,14,12.0
3588,10,14,12.0
3588,10,14,12.0
3588,10,14,12.0
3588,10,14,12.0
3588,10,14,12.0
3588,10,14,12.0
3588,10,14,12.0
3588,11,14,12.5
3588,11,14,12.5
3588,11,14,12.5
3588,11,14,12.5
3588,11,14,12.5
3588,11,14,12.5
3588,11,14,12.5
3588,11,14,12.5
3588,11,14,12.5
3588,11,15,13.0
3588,11,15,13.0
3588,11,15,13.0
3588,11,15,13.0
3588,11,15,13.0
3588,11,15,13.0
3588,11,15,13.0
3588,11,15,13.0
3588,11,15,13.0
3588,11,15,13.0
3588,11,15,13.0
3588,11,15,13.0
3588,11,15,13.0
3588,11,15,13.0
3588,11,15,13.0
3588,11,15,13.0
3588,11,15,13.0
3588,11,15,13.0
3588,11,15,13.0
3588,11,15,13.0
3588,11,15,13.0
3588,11,15,13.0
3588,10,15,12.5
3588,10,15,12.5
3588,10,15,12.5
3588,10,15,12.5
3588,10,15,12.5
3588,10,15,12.5
3588,10,15,12.5
3588,10,15,12.5
3588,10,15,12.5
3588,10,15,12.5
3589,10,15,12.5
3589,10,15,12.5
3589,10,15,12.5
3589,10,15,12.5
3589,10,15,12.5
3589,10,15,12.5
3589,10,15,12.5
3589,10,15,12.5
3589,10,15,12.5
3589,10,15,12.5
3589,10,15,12.5
3589,10,15,12.5
3589,10,15,12.5
3589,10,15,12.5
3589,10,15,12.5
3589,10,15,12.5
3589,10,15,12.5
3589,10,15,12.5
3589,10,15,12.5
3589,10,15,12.5
3589,10,15,12.5
3589,10,15,12.5
3589,10,15,12.5
3589,10,15,12.5
3589,10,15,12.5
3589,10,15,12.5
3589,10,15,12.5
3589,10,15,12.5
3590,10,15,12.5
3590,10,15,12.5
3590,10,14,12.0
3590,10,14,12.0
3590,10,14,12.0
3590,10,14,12.0
3590,10,14,12.0
3590,10,14,12.0
3590,10,14,12.0
3590,10,14,12.0
3590,10,14,12.0
3590,10,14,12.0
3590,10,14,12.0
3590,10,14,12.0
3590,10,14,12.0
3591,10,14,12.0
3591,10,14,12.0
3591,10,14,12.0
3591,10,14,12.0
3591,10,14,12.0
3591,10,14,12.0
3591,10,14,12.0
3591,10,14,12.0
3591,10,14,12.0
3591,10,14,12.0
3591,10,14,12.0
3591,10,14,12.0
3591,10,13,11.5
3592,10,13,11.5
3592,10,13,11.5
3592,10,13,11.5
3592,10,13,11.5
3592,10,13,11.5
3592,10,13,11.5
3592,10,13,11.5
3592,10,13,11.5
3592,10,13,11.5
3592,10,13,11.5
3592,10,13,11.5
3592,10,13,11.5
3592,10,13,11.5
3592,10,13,11.5
3592,10,14,12.0
3592,13,14,13.5
3592,13,14,13.5
3592,13,14,13.5
3592,13,14,13.5
3592,13,14,13.5
3592,13,14,13.5
3592,13,14,13.5
3592,13,14,13.5
3592,13,14,13.5
3592,13,14,13.5
3592,13,14,13.5
3592,13,14,13.5
3592,13,14,13.5
3592,13,14,13.5
3592,13,14,13.5
3592,13,14,13.5
3592,13,14,13.5
3592,13,14,13.5
3592,13,14,13.5
3592,13,14,13.5
3592,13,14,13.5
3592,13,14,13.5
3592,13,14,13.5
3592,13,14,13.5
3592,13,14,13.5
3592,13,14,13.5
3592,13,14,13.5
3592,13,14,13.5
3593,13,14,13.5
3593,13,14,13.5
3593,13,14,13.5
3593,13,14,13.5
3593,13,14,13.5
3593,13,14,13.5
3593,13,14,13.5
3594,13,14,13.5
3594,13,14,13.5
3594,13,14,13.5
3594,13,14,13.5
3594,13,14,13.5
3594,13,14,13.5
3594,13,14,13.5
3594,13,14,13.5
3594,13,14,13.5
3594,13,14,13.5
3594,13,14,13.5
3594,13,14,13.5
3594,13,14,13.5
3594,13,14,13.5
3594,13,14,13.5
3594,13,14,13.5
3594,13,14,13.5
3594,13,14,13.5
3594,13,14,13.5
3594,13,14,13.5
3594,13,14,13.5
3594,13,14,13.5
3594,13,14,13.5
3594,13,14,13.5
3594,13,14,13.5
3594,13,14,13.5
3594,13,14,13.5
3594,13,14,13.5
3594,13,14,13.5
3594,13,14,13.5
3594,13,14,13.5
3594,13,14,13.5
3594,13,14,13.5
3594,13,14,13.5
3594,13,14,13.5
3594,13,14,13.5
3594,13,14,13.5
3594,13,14,13.5
3594,13,14,13.5
3594,13,14,13.5
3594,13,14,13.5
3594,13,14,13.5
3594,13,14,13.5
3594,13,14,13.5
3594,13,14,13.5
3594,13,14,13.5
3594,13,14,13.5
3594,13,14,13.5
3594,13,14,13.5
3595,13,14,13.5
3595,13,14,13.5
3595,13,14,13.5
3595,13,14,13.5
3595,13,14,13.5
3595,13,14,13.5
3596,13,14,13.5
3596,13,14,13.5
3596,13,14,13.5
3596,13,14,13.5
3596,13,14,13.5
3597,13,14,13.5
3597,13,14,13.5
3597,13,14,13.5
3597,13,14,13.5
3597,13,14,13.5
3597,13,14,13.5
3597,13,14,13.5
3597,13,14,13.5
3597,13,14,13.5
3597,13,14,13.5
3598,13,14,13.5
3598,13,14,13.5
3598,13,14,13.5
3598,13,14,13.5
3599,13,14,13.5
3599,13,14,13.5
3599,13,14,13.5
3599,13,14,13.5
3599,13,14,13.5
3599,13,14,13.5
3599,13,14,13.5
3599,13,14,13.5
3599,13,14,13.5
3599,13,14,13.5
3599,13,14,13.5
3599,13,14,13.5
3599,13,14,13.5
3599,13,14,13.5
3599,11,14,12.5
3599,11,14,12.5
3599,11,14,12.5
3599,11,14,12.5
3599,11,14,12.5
3599,11,14,12.5
3599,11,14,12.5
3599,11,13,12.0
3599,11,13,12.0
3599,11,13,12.0
3599,11,13,12.0
3599,11,13,12.0
3599,11,13,12.0
3599,11,13,12.0
3599,11,13,12.0
3599,11,13,12.0
3599,11,13,12.0
3599,11,13,12.0
3599,11,13,12.0
3599,11,13,12.0
3599,11,13,12.0
3599,11,13,12.0
3599,11,13,12.0
3599,11,13,12.0
3599,11,13,12.0
3599,11,13,12.0
3599,11,13,12.0
3599,11,13,12.0
3599,11,13,12.0
3599,11,13,12.0
3599,11,13,12.0
3599,11,13,12.0
3599,11,13,12.0
3599,11,13,12.0
3599,11,12,11.5
3599,11,12,11.5
3599,11,12,11.5
3599,11,12,11.5
3599,11,12,11.5
3599,11,12,11.5
3599,11,12,11.5
3599,11,12,11.5
3599,11,12,11.5
3599,11,12,11.5
3599,11,12,11.5
3599,11,12,11.5
3599,11,12,11.5
3599,11,12,11.5
3599,11,12,11.5
3599,11,12,11.5
3599,11,12,11.5
3599,11,12,11.5
3599,11,12,11.5
3599,11,12,11.5
3599,11,12,11.5
3599,11,12,11.5
3599,11,12,11.5
3599,11,12,11.5
3599,11,12,11.5
3599,11,12,11.5
3599,11,12,11.5
3599,11,12,11.5
3599,11,12,11.5
3599,10,12,11.0
3599,10,11,10.5
3599,10,11,10.5
3599,10,11,10.5
3599,10,11,10.5
3599,10,11,10.5
3599,10,11,10.5
3599,10,11,10.5
3599,10,11,10.5
3599,10,11,10.5
3599,10,11,10.5
3599,10,11,10.5
3599,10,11,10.5
3599,10,11,10.5
3599,10,11,10.5
3599,10,11,10.5
3599,10,11,10.5
3599,10,11,10.5
3599,10,11,10.5
3599,10,11,10.5
3599,10,11,10.5
3600,10,11,10.5
3600,10,11,10.5
3600,10,11,10.5
3600,10,11,10.5
3600,10,11,10.5
3600,10,11,10.5
3600,10,11,10.5
3600,10,11,10.5
3600,10,11,10.5
3600,10,11,10.5
3600,10,11,10.5
3600,10,11,10.5
3600,10,11,10.5
3600,10,11,10.5
3600,10,11,10.5
3600,10,11,10.5
3600,10,11,10.5
3600,10,11,10.5
3600,10,11,10.5
3600,10,11,10.5
3600,10,11,10.5
3600,10,11,10.5
3600,10,11,10.5
3600,10,11,10.5
3600,10,11,10.5
3600,10,11,10.5
3600,10,11,10.5
3600,10,11,10.5
3600,10,11,10.5
3600,10,11,10.5
3600,10,11,10.5
3600,10,11,10.5
3600,10,11,10.5
3600,10,11,10.5
3600,10,11,10.5
3600,10,11,10.5
3601,10,11,10.5
3601,10,11,10.5
3601,10,11,10.5
3601,10,11,10.5
3601,10,11,10.5
3601,10,11,10.5
3601,10,11,10.5
3601,10,11,10.5
3601,10,11,10.5
3601,10,11,10.5
3601,10,11,10.5
3601,10,11,10.5
3601,10,11,10.5
3601,10,11,10.5
3602,10,11,10.5
3602,10,11,10.5
3602,10,11,10.5
3602,10,11,10.5
3602,10,11,10.5
3602,10,11,10.5
3602,10,11,10.5
3602,10,11,10.5
3602,10,11,10.5
3602,10,11,10.5
3602,10,11,10.5
3602,10,11,10.5
3602,10,11,10.5
3602,10,11,10.5
3602,10,11,10.5
3602,10,11,10.5
3602,10,11,10.5
3602,10,11,10.5
3602,10,11,10.5
3602,10,11,10.5
3602,10,11,10.5
3602,10,11,10.5
3603,10,11,10.5
3603,10,11,10.5
3603,10,11,10.5
3603,10,11,10.5
3603,10,11,10.5
3603,10,11,10.5
3604,10,11,10.5
3604,10,11,10.5
3604,10,11,10.5
3604,10,11,10.5
3604,10,11,10.5
3604,10,11,10.5
3605,10,11,10.5
3605,10,11,10.5
3605,10,11,10.5
3605,10,11,10.5
3605,10,11,10.5
3605,10,11,10.5
3605,10,11,10.5
3605,10,11,10.5
3605,10,11,10.5
3605,10,11,10.5
3606,10,11,10.5
3606,10,11,10.5
3606,10,11,10.5
3606,10,11,10.5
3606,10,11,10.5
3606,10,11,10.5
3606,10,11,10.5
3606,10,11,10.5
3606,10,11,10.5
3606,10,11,10.5
3607,10,11,10.5
3607,10,11,10.5
3607,10,11,10.5
3607,10,11,10.5
3607,10,11,10.5
3607,10,11,10.5
3607,10,11,10.5
3607,10,11,10.5
3607,10,11,10.5
3608,10,11,10.5
3608,10,11,10.5
3608,10,11,10.5
3608,10,11,10.5
3608,10,11,10.5
3608,10,11,10.5
3608,10,11,10.5
3609,10,11,10.5
3609,10,11,10.5
3609,10,11,10.5
3609,10,11,10.5
3609,10,11,10.5
3609,10,11,10.5
3610,10,11,10.5
3610,10,11,10.5
3610,10,11,10.5
3610,10,11,10.5
3610,10,11,10.5
3610,10,11,10.5
3610,10,11,10.5
3610,10,11,10.5
3610,10,11,10.5
3610,10,11,10.5
3610,10,11,10.5
3611,10,11,10.5
3612,10,11,10.5
3612,10,11,10.5
3612,10,11,10.5
3612,10,11,10.5
3612,10,11,10.5
3612,10,11,10.5
3612,10,11,10.5
3612,10,11,10.5
3612,10,11,10.5
3613,10,11,10.5
3613,10,11,10.5
3613,10,11,10.5
3614,10,11,10.5
3614,10,11,10.5
3614,10,11,10.5
3614,10,11,10.5
3614,10,11,10.5
3614,10,11,10.5
3614,10,11,10.5
3614,10,11,10.5
3614,10,11,10.5
3614,10,11,10.5
3615,10,11,10.5
3615,10,11,10.5
3615,10,11,10.5
3615,10,11,10.5
3616,10,11,10.5
3616,10,11,10.5
3616,10,11,10.5
3616,10,11,10.5
3616,10,11,10.5
3617,10,11,10.5
3617,10,11,10.5
3617,10,11,10.5
3617,10,11,10.5
3617,10,11,10.5
3617,10,11,10.5
3617,10,11,10.5
3618,10,11,10.5
3618,10,11,10.5
3618,10,11,10.5
3618,10,11,10.5
3618,10,11,10.5
3620,10,11,10.5
3621,10,11,10.5
3621,10,11,10.5
3623,10,11,10.5
3623,10,11,10.5
3623,10,11,10.5
3623,10,11,10.5
3623,10,11,10.5
3623,10,11,10.5
3623,10,11,10.5
3623,10,11,10.5
3624,10,11,10.5
3624,10,11,10.5
3625,10,11,10.5
3625,10,11,10.5
3625,10,11,10.5
3625,10,11,10.5
3625,10,11,10.5
3625,10,11,10.5
3625,10,12,11.0
3625,10,12,11.0
3625,10,12,11.0
3625,10,12,11.0
3625,10,12,11.0
3625,10,12,11.0
3625,10,12,11.0
3625,10,12,11.0
3625,10,12,11.0
3625,10,12,11.0
3626,10,12,11.0
3627,10,12,11.0
3627,10,11,10.5
3627,10,11,10.5
3627,10,11,10.5
3627,10,11,10.5
3627,10,11,10.5
3627,10,11,10.5
3627,10,11,10.5
3627,10,11,10.5
3627,10,11,10.5
3628,10,11,10.5
3628,10,11,10.5
3628,10,11,10.5
3629,10,11,10.5
3630,10,11,10.5
3630,10,11,10.5
3630,10,11,10.5
3630,10,11,10.5
3630,10,11,10.5
3630,10,11,10.5
3630,10,11,10.5
3630,10,11,10.5
3631,10,11,10.5
3632,10,11,10.5
3632,10,11,10.5
3632,10,11,10.5
3632,10,11,10.5
3632,10,11,10.5
3633,10,11,10.5
3633,10,11,10.5
3634,10,11,10.5
3634,10,11,10.5
3635,10,11,10.5
3636,10,11,10.5
3636,10,12,11.0
3636,10,12,11.0
3636,10,12,11.0
3636,10,12,11.0
3637,10,12,11.0
3637,10,12,11.0
3637,10,12,11.0
3637,10,12,11.0
3638,10,12,11.0
3638,10,12,11.0
3638,10,12,11.0
3639,10,12,11.0
3639,10,12,11.0
3640,10,12,11.0
3640,10,12,11.0
3641,10,12,11.0
3641,10,12,11.0
3641,10,12,11.0
3641,10,12,11.0
3641,10,12,11.0
3642,10,12,11.0
3643,10,12,11.0
3643,10,12,11.0
3643,10,12,11.0
3643,10,12,11.0
3643,10,12,11.0
3643,10,12,11.0
3643,10,12,11.0
3643,10,12,11.0
3643,10,12,11.0
3644,10,12,11.0
3645,10,12,11.0
3645,10,12,11.0
3646,10,12,11.0
3647,10,12,11.0
3648,10,12,11.0
3648,10,12,11.0
3649,10,12,11.0
3650,10,12,11.0
3650,10,12,11.0
3651,10,12,11.0
3652,10,12,11.0
3652,10,12,11.0
3653,10,12,11.0
3653,10,12,11.0
3654,10,12,11.0
3654,10,12,11.0
3654,10,12,11.0
3654,10,12,11.0
3654,10,12,11.0
3654,10,12,11.0
3655,10,12,11.0
3655,10,12,11.0
3655,10,12,11.0
3655,10,12,11.0
3655,10,12,11.0
3655,10,12,11.0
3655,10,12,11.0
3655,10,12,11.0
3655,10,12,11.0
3655,10,12,11.0
3655,9,12,10.5
3655,9,12,10.5
3655,9,12,10.5
3655,9,12,10.5
3655,9,12,10.5
3655,9,12,10.5
3655,9,12,10.5
3655,9,12,10.5
3655,9,12,10.5
3655,9,12,10.5
3655,9,12,10.5
3655,9,12,10.5
3655,9,12,10.5
3655,9,12,10.5
3655,9,12,10.5
3655,9,12,10.5
3655,9,12,10.5
3655,9,12,10.5
3655,9,12,10.5
3655,9,12,10.5
3655,9,12,10.5
3656,9,12,10.5
3656,9,12,10.5
3656,9,12,10.5
3656,9,12,10.5
3656,9,12,10.5
3656,9,12,10.5
3656,9,12,10.5
3656,9,12,10.5
3656,9,12,10.5
3656,9,12,10.5
3656,9,12,10.5
3656,9,12,10.5
3656,9,12,10.5
3656,9,12,10.5
3656,9,12,10.5
3656,9,12,10.5
3656,9,12,10.5
3656,9,12,10.5
3656,9,12,10.5
3656,9,12,10.5
3656,9,12,10.5
3656,9,12,10.5
3656,9,12,10.5
3656,9,12,10.5
3656,9,12,10.5
3656,9,12,10.5
3656,9,12,10.5
3656,9,12,10.5
3656,9,12,10.5
3656,9,12,10.5
3656,9,12,10.5
3656,9,12,10.5
3656,9,12,10.5
3656,9,12,10.5
3656,9,12,10.5
3656,9,12,10.5
3656,9,12,10.5
3656,9,12,10.5
3656,9,12,10.5
3656,9,12,10.5
3656,9,12,10.5
3656,9,12,10.5
3656,9,12,10.5
3656,9,12,10.5
3656,9,12,10.5
3656,9,12,10.5
3656,9,12,10.5
3656,9,12,10.5
3656,9,12,10.5
3656,9,12,10.5
3656,9,12,10.5
3656,9,12,10.5
3656,9,12,10.5
3656,9,12,10.5
3656,9,12,10.5
3656,9,12,10.5
3656,9,12,10.5
3656,9,12,10.5
3656,9,12,10.5
3656,9,12,10.5
3656,9,12,10.5
3656,9,12,10.5
3656,9,12,10.5
3657,9,12,10.5
3657,9,12,10.5
3658,9,12,10.5
3658,9,12,10.5
3658,9,12,10.5
3658,9,12,10.5
3658,9,12,10.5
3658,8,12,10.0
3658,8,12,10.0
3658,8,12,10.0
3658,8,12,10.0
3658,9,12,10.5
3658,9,12,10.5
3658,9,12,10.5
3659,9,12,10.5
3659,9,12,10.5
3659,9,13,11.0
3659,9,13,11.0
3659,9,13,11.0
3659,9,13,11.0
3659,9,13,11.0
3659,9,13,11.0
3659,9,13,11.0
3659,9,13,11.0
3659,9,13,11.0
3659,9,13,11.0
3659,9,13,11.0
3659,9,13,11.0
3659,9,13,11.0
3659,9,13,11.0
3659,9,13,11.0
3659,10,13,11.5
3659,10,13,11.5
3659,10,13,11.5
3660,10,13,11.5
3660,10,13,11.5
3660,10,13,11.5
3660,10,13,11.5
3660,10,13,11.5
3660,10,13,11.5
3660,10,13,11.5
3660,10,13,11.5
3661,10,13,11.5
3661,10,13,11.5
3661,10,13,11.5
3661,10,13,11.5
3662,10,13,11.5
3662,10,13,11.5
3662,10,13,11.5
3662,10,13,11.5
3662,10,13,11.5
3663,10,13,11.5
3663,10,13,11.5
3663,10,13,11.5
3663,10,13,11.5
3663,10,13,11.5
3663,10,13,11.5
3663,10,13,11.5
3663,10,13,11.5
3663,10,13,11.5
3663,10,13,11.5
3663,10,12,11.0
3663,10,12,11.0
3663,10,12,11.0
3663,10,12,11.0
3663,10,12,11.0
3663,10,12,11.0
3663,10,12,11.0
3663,10,12,11.0
3663,10,12,11.0
3663,10,12,11.0
3663,10,12,11.0
3664,10,12,11.0
3664,10,12,11.0
3664,10,12,11.0
3664,10,12,11.0
3664,10,12,11.0
3664,10,11,10.5
3664,10,11,10.5
3664,10,11,10.5
3664,10,11,10.5
3664,10,11,10.5
3664,10,11,10.5
3664,10,11,10.5
3664,10,11,10.5
3664,10,11,10.5
3664,10,11,10.5
3664,10,11,10.5
3664,10,11,10.5
3664,10,11,10.5
3664,10,11,10.5
3664,10,11,10.5
3664,10,11,10.5
3664,10,11,10.5
3664,10,11,10.5
3664,10,11,10.5
3664,10,11,10.5
3664,10,11,10.5
3664,10,11,10.5
3664,10,11,10.5
3664,10,11,10.5
3664,10,11,10.5
3664,10,11,10.5
3664,10,11,10.5
3664,10,11,10.5
3664,10,11,10.5
3664,10,11,10.5
3664,10,11,10.5
3664,10,11,10.5
3664,10,11,10.5
3664,10,11,10.5
3665,10,11,10.5
3665,10,11,10.5
3665,10,11,10.5
3665,10,11,10.5
3665,10,11,10.5
3665,10,11,10.5
3665,10,11,10.5
3665,10,11,10.5
3665,10,11,10.5
3665,10,11,10.5
3665,10,11,10.5
3665,10,11,10.5
3665,10,11,10.5
3665,10,11,10.5
3665,10,11,10.5
3665,10,11,10.5
3665,10,11,10.5
3665,10,11,10.5
3665,10,11,10.5
3665,9,11,10.0
3665,9,11,10.0
3665,9,11,10.0
3665,9,11,10.0
3665,9,11,10.0
3665,9,11,10.0
3665,9,11,10.0
3665,9,11,10.0
3666,9,11,10.0
3666,9,11,10.0
3666,9,11,10.0
3666,9,11,10.0
3666,9,11,10.0
3666,9,11,10.0
3666,9,10,9.5
3666,9,10,9.5
3666,9,10,9.5
3666,9,10,9.5
3666,9,10,9.5
3666,9,10,9.5
3666,9,10,9.5
3666,9,10,9.5
3666,9,10,9.5
3666,9,10,9.5
3666,9,10,9.5
3666,9,10,9.5
3666,9,10,9.5
3666,9,10,9.5
3666,9,10,9.5
3667,9,10,9.5
3667,9,10,9.5
3667,9,10,9.5
3667,9,10,9.5
3667,9,10,9.5
3667,9,10,9.5
3667,9,10,9.5
3667,9,10,9.5
3667,9,10,9.5
3667,9,10,9.5
3668,9,10,9.5
3668,9,10,9.5
3668,9,10,9.5
3668,9,10,9.5
3668,9,10,9.5
3668,9,10,9.5
3668,9,10,9.5
3668,9,10,9.5
3668,9,10,9.5
3668,9,10,9.5
3668,9,10,9.5
3668,9,10,9.5
3668,9,10,9.5
3668,9,10,9.5
3668,9,10,9.5
3668,9,10,9.5
3668,9,10,9.5
3668,9,10,9.5
3668,9,10,9.5
3668,9,10,9.5
3668,9,10,9.5
3668,9,10,9.5
3669,9,10,9.5
3669,9,10,9.5
3669,9,10,9.5
3669,9,10,9.5
3669,9,10,9.5
3669,9,10,9.5
3669,9,10,9.5
3669,9,10,9.5
3669,9,10,9.5
3670,9,10,9.5
3670,9,10,9.5
3670,9,10,9.5
3670,9,10,9.5
3670,9,10,9.5
3671,9,10,9.5
3671,9,10,9.5
3671,9,10,9.5
3671,9,10,9.5
3671,9,10,9.5
3671,9,10,9.5
3671,9,10,9.5
3671,9,10,9.5
3671,9,10,9.5
3671,9,10,9.5
3671,9,10,9.5
3671,9,10,9.5
3671,9,10,9.5
3671,9,10,9.5
3671,9,10,9.5
3672,9,10,9.5
3672,9,10,9.5
3672,9,10,9.5
3672,9,10,9.5
3672,9,10,9.5
3672,9,10,9.5
3672,9,10,9.5
3672,9,10,9.5
3672,9,10,9.5
3672,9,10,9.5
3672,9,10,9.5
3673,9,10,9.5
3673,9,10,9.5
3673,9,10,9.5
3673,9,10,9.5
3673,9,10,9.5
3673,9,10,9.5
3673,9,10,9.5
3673,9,10,9.5
3675,9,10,9.5
3675,9,10,9.5
3675,9,10,9.5
3675,9,10,9.5
3675,9,10,9.5
3676,9,10,9.5
3676,9,10,9.5
3676,9,10,9.5
3676,9,10,9.5
3676,9,10,9.5
3676,9,10,9.5
3677,9,10,9.5
3677,9,10,9.5
3677,9,10,9.5
3677,9,10,9.5
3677,9,10,9.5
3677,9,10,9.5
3677,9,10,9.5
3677,9,10,9.5
3678,9,10,9.5
3678,9,10,9.5
3678,9,10,9.5
3678,9,10,9.5
3678,9,10,9.5
3678,9,10,9.5
3678,9,10,9.5
3678,9,10,9.5
3678,9,10,9.5
3678,9,10,9.5
3678,9,10,9.5
3678,9,10,9.5
3678,9,10,9.5
3678,9,10,9.5
3678,9,10,9.5
3678,9,10,9.5
3678,9,10,9.5
3678,8,10,9.0
3678,8,10,9.0
3678,8,10,9.0
3678,8,10,9.0
3678,8,10,9.0
3678,8,10,9.0
3678,8,10,9.0
3678,8,10,9.0
3679,8,10,9.0
3679,8,10,9.0
3679,8,10,9.0
3679,8,10,9.0
3679,8,10,9.0
3679,8,10,9.0
3679,8,10,9.0
3679,8,10,9.0
3679,8,10,9.0
3679,8,10,9.0
3679,8,10,9.0
3679,8,10,9.0
3679,8,10,9.0
3679,8,10,9.0
3679,8,10,9.0
3679,8,10,9.0
3679,8,10,9.0
3679,8,10,9.0
3679,8,10,9.0
3679,8,10,9.0
3679,8,10,9.0
3679,8,10,9.0
3679,8,10,9.0
3679,8,10,9.0
3679,8,10,9.0
3679,8,10,9.0
3679,8,10,9.0
3679,8,10,9.0
3679,8,10,9.0
3679,8,10,9.0
3679,8,10,9.0
3679,8,10,9.0
3679,8,10,9.0
3679,8,10,9.0
3679,8,10,9.0
3679,8,10,9.0
3679,8,10,9.0
3679,8,10,9.0
3679,8,10,9.0
3679,8,10,9.0
3679,8,10,9.0
3679,8,10,9.0
3679,8,10,9.0
3679,8,10,9.0
3679,8,10,9.0
3679,8,10,9.0
3679,8,10,9.0
3679,8,10,9.0
3679,8,10,9.0
3679,8,10,9.0
3679,8,10,9.0
3679,8,10,9.0
3679,8,10,9.0
3679,8,10,9.0
3679,8,10,9.0
3679,8,10,9.0
3679,8,10,9.0
3679,8,10,9.0
3679,8,10,9.0
3679,8,10,9.0
3679,8,10,9.0
3679,8,10,9.0
3679,8,10,9.0
3679,8,10,9.0
3679,8,10,9.0
3679,8,10,9.0
3679,8,10,9.0
3679,8,10,9.0
3679,8,10,9.0
3679,8,10,9.0
3679,8,10,9.0
3680,8,10,9.0
3680,8,10,9.0
3680,8,10,9.0
3680,8,10,9.0
3680,8,10,9.0
3680,8,10,9.0
3680,8,10,9.0
3680,8,10,9.0
3680,8,10,9.0
3680,8,10,9.0
3680,8,10,9.0
3680,8,10,9.0
3680,8,10,9.0
3680,8,10,9.0
3680,8,10,9.0
3681,8,10,9.0
3681,8,10,9.0
3681,8,10,9.0
3681,8,10,9.0
3682,8,10,9.0
3682,8,10,9.0
3682,8,10,9.0
3683,8,10,9.0
3683,8,10,9.0
3683,8,10,9.0
3683,8,10,9.0
3683,8,10,9.0
3683,8,10,9.0
3683,8,10,9.0
3683,8,11,9.5
3683,8,11,9.5
3683,8,11,9.5
3684,8,11,9.5
3684,8,11,9.5
3684,8,11,9.5
3684,8,11,9.5
3684,9,11,10.0
3684,9,11,10.0
3684,9,11,10.0
3684,9,11,10.0
3684,9,11,10.0
3684,9,11,10.0
3684,9,11,10.0
3684,9,11,10.0
3684,9,11,10.0
3684,9,11,10.0
3684,9,11,10.0
3684,9,11,10.0
3684,9,11,10.0
3684,9,11,10.0
3684,9,11,10.0
3684,9,12,10.5
3684,9,12,10.5
3684,9,12,10.5
3684,9,12,10.5
3684,9,12,10.5
3684,10,12,11.0
3684,10,12,11.0
3684,10,12,11.0
3684,10,12,11.0
3684,10,12,11.0
3684,10,12,11.0
3684,10,12,11.0
3684,10,12,11.0
3684,10,12,11.0
3684,10,12,11.0
3684,10,12,11.0
3684,10,12,11.0
3684,10,12,11.0
3684,10,12,11.0
3685,10,12,11.0
3685,10,12,11.0
3685,10,12,11.0
3685,10,12,11.0
3685,10,11,10.5
3685,10,11,10.5
3685,10,11,10.5
3685,10,11,10.5
3685,10,11,10.5
3685,10,11,10.5
3685,10,11,10.5
3685,10,11,10.5
3685,10,11,10.5
3685,10,11,10.5
3685,10,11,10.5
3685,10,11,10.5
3685,10,11,10.5
3685,10,11,10.5
3685,10,11,10.5
3685,10,11,10.5
3685,10,11,10.5
3685,10,11,10.5
3685,10,11,10.5
3685,10,11,10.5
3685,10,11,10.5
3685,10,11,10.5
3685,10,11,10.5
3685,10,11,10.5
3685,10,11,10.5
3685,10,11,10.5
3685,10,11,10.5
3685,10,11,10.5
3685,10,11,10.5
3685,10,11,10.5
3686,10,11,10.5
3686,10,11,10.5
3686,10,11,10.5
3686,10,11,10.5
3686,10,11,10.5
3686,10,11,10.5
3686,10,11,10.5
3686,10,11,10.5
3686,10,11,10.5
3686,10,11,10.5
3686,10,11,10.5
3686,10,11,10.5
3686,10,11,10.5
3686,10,11,10.5
3686,10,11,10.5
3687,10,11,10.5
3687,10,11,10.5
3687,10,11,10.5
3687,9,11,10.0
3687,9,11,10.0
3687,9,11,10.0
3687,9,11,10.0
3687,9,11,10.0
3687,9,11,10.0
3687,9,11,10.0
3687,9,11,10.0
3687,9,11,10.0
3687,9,11,10.0
3687,8,11,9.5
3687,8,11,9.5
3687,8,11,9.5
3687,8,11,9.5
3687,8,11,9.5
3687,8,11,9.5
3687,8,11,9.5
3687,8,11,9.5
3687,8,11,9.5
3687,8,11,9.5
3687,8,11,9.5
3687,8,11,9.5
3687,8,11,9.5
3687,8,11,9.5
3687,8,11,9.5
3687,8,11,9.5
3687,8,11,9.5
3687,8,11,9.5
3687,8,11,9.5
3687,8,11,9.5
3687,8,11,9.5
3687,8,11,9.5
3687,8,11,9.5
3687,8,11,9.5
3687,8,11,9.5
3687,8,11,9.5
3687,8,11,9.5
3687,8,11,9.5
3687,8,11,9.5
3687,8,11,9.5
3687,8,11,9.5
3687,8,11,9.5
3687,8,11,9.5
3687,8,11,9.5
3687,8,11,9.5
3687,8,11,9.5
3687,8,12,10.0
3687,8,12,10.0
3687,8,12,10.0
3687,8,12,10.0
3687,8,12,10.0
3687,8,12,10.0
3687,8,12,10.0
3687,8,12,10.0
3687,8,12,10.0
3687,8,12,10.0
3687,8,12,10.0
3687,8,12,10.0
3687,8,12,10.0
3687,8,12,10.0
3687,8,12,10.0
3687,8,12,10.0
3687,8,12,10.0
3688,8,12,10.0
3688,8,12,10.0
3688,8,12,10.0
3688,8,12,10.0
3688,8,12,10.0
3688,8,12,10.0
3688,8,12,10.0
3688,8,12,10.0
3688,8,12,10.0
3688,8,12,10.0
3688,8,12,10.0
3688,8,12,10.0
3688,8,12,10.0
3688,8,12,10.0
3688,8,12,10.0
3688,8,12,10.0
3688,8,12,10.0
3688,8,12,10.0
3688,8,12,10.0
3688,8,12,10.0
3688,8,12,10.0
3688,8,12,10.0
3688,8,12,10.0
3688,8,12,10.0
3688,8,12,10.0
3688,8,12,10.0
3689,8,12,10.0
3689,8,12,10.0
3689,8,12,10.0
3689,8,11,9.5
3689,8,11,9.5
3689,8,11,9.5
3689,8,11,9.5
3689,8,11,9.5
3689,8,11,9.5
3689,8,11,9.5
3689,8,11,9.5
3690,8,11,9.5
3690,8,11,9.5
3690,8,11,9.5
3690,8,11,9.5
3691,8,11,9.5
3691,8,11,9.5
3691,8,11,9.5
3691,8,11,9.5
3691,8,11,9.5
3691,8,11,9.5
3691,8,11,9.5
3691,8,11,9.5
3691,8,11,9.5
3691,8,11,9.5
3691,8,11,9.5
3691,8,11,9.5
3691,9,11,10.0
3691,9,11,10.0
3691,9,11,10.0
3691,9,11,10.0
3691,10,11,10.5
3691,10,11,10.5
3691,10,11,10.5
3691,10,12,11.0
3691,10,12,11.0
3691,10,12,11.0
3691,10,12,11.0
3691,10,12,11.0
3691,10,12,11.0
3691,10,12,11.0
3691,10,12,11.0
3691,10,12,11.0
3691,10,12,11.0
3692,10,12,11.0
3692,10,12,11.0
3692,10,12,11.0
3692,10,12,11.0
3692,10,12,11.0
3692,10,12,11.0
3692,10,12,11.0
3692,10,12,11.0
3692,10,12,11.0
3692,10,12,11.0
3692,10,12,11.0
3692,10,12,11.0
3692,10,12,11.0
3692,10,12,11.0
3692,10,12,11.0
3692,10,12,11.0
3692,10,12,11.0
3692,10,12,11.0
3692,10,12,11.0
3692,10,12,11.0
3692,10,12,11.0
3692,10,12,11.0
3692,10,12,11.0
3692,10,12,11.0
3692,10,12,11.0
3692,10,13,11.5
3692,10,13,11.5
3692,10,13,11.5
3692,10,13,11.5
3692,10,13,11.5
3692,10,13,11.5
3692,10,13,11.5
3692,10,13,11.5
3692,10,13,11.5
3692,10,13,11.5
3692,11,13,12.0
3692,11,13,12.0
3692,11,13,12.0
3692,11,13,12.0
3692,11,13,12.0
3692,11,13,12.0
3692,11,13,12.0
3692,11,13,12.0
3692,11,13,12.0
3693,11,13,12.0
3693,11,13,12.0
3693,11,13,12.0
3693,11,13,12.0
3693,11,13,12.0
3693,11,13,12.0
3693,11,13,12.0
3693,11,13,12.0
3693,11,13,12.0
3693,11,13,12.0
3693,11,13,12.0
3693,11,13,12.0
3693,11,13,12.0
3693,11,13,12.0
3693,11,13,12.0
3693,11,13,12.0
3693,11,13,12.0
3693,11,13,12.0
3693,11,13,12.0
3693,11,13,12.0
3693,11,13,12.0
3693,11,13,12.0
3694,11,13,12.0
3694,11,13,12.0
3694,11,13,12.0
3694,11,13,12.0
3694,11,13,12.0
3694,11,13,12.0
3694,11,13,12.0
3694,11,13,12.0
3694,11,13,12.0
3695,11,13,12.0
3695,11,13,12.0
3695,11,13,12.0
3695,11,13,12.0
3695,11,13,12.0
3695,11,13,12.0
3695,11,13,12.0
3695,11,13,12.0
3695,11,12,11.5
3695,11,12,11.5
3695,11,12,11.5
3695,11,12,11.5
3695,11,12,11.5
3695,11,12,11.5
3695,11,12,11.5
3695,11,12,11.5
3696,11,12,11.5
3696,11,12,11.5
3696,11,12,11.5
3696,11,12,11.5
3696,11,12,11.5
3696,11,12,11.5
3696,11,12,11.5
3696,11,12,11.5
3696,11,12,11.5
3696,11,12,11.5
3696,11,12,11.5
3696,11,12,11.5
3696,11,12,11.5
3696,11,12,11.5
3697,11,12,11.5
3697,11,12,11.5
3697,11,12,11.5
3698,11,12,11.5
3698,11,12,11.5
3698,11,12,11.5
3698,11,12,11.5
3698,11,12,11.5
3698,11,12,11.5
3698,11,12,11.5
3698,11,12,11.5
3698,11,12,11.5
3699,11,12,11.5
3699,11,12,11.5
3699,11,12,11.5
3699,11,12,11.5
3699,11,12,11.5
3699,11,12,11.5
3699,11,12,11.5
3699,11,12,11.5
3700,11,12,11.5
3700,11,12,11.5
3700,11,12,11.5
3700,11,12,11.5
3700,11,12,11.5
3700,11,12,11.5
3700,11,12,11.5
3701,11,12,11.5
3701,11,12,11.5
3701,11,12,11.5
3701,11,12,11.5
3701,11,12,11.5
3701,11,12,11.5
3701,11,12,11.5
3701,11,12,11.5
3702,11,12,11.5
3702,11,12,11.5
3702,11,12,11.5
3702,11,12,11.5
3702,11,12,11.5
3702,11,12,11.5
3703,11,12,11.5
3703,11,12,11.5
3703,11,12,11.5
3703,11,12,11.5
3703,11,12,11.5
3703,11,12,11.5
3703,11,12,11.5
3703,11,12,11.5
3704,11,12,11.5
3704,11,12,11.5
3704,11,12,11.5
3705,11,12,11.5
3705,11,12,11.5
3705,11,12,11.5
3706,11,12,11.5
3706,11,12,11.5
3706,11,12,11.5
3706,11,12,11.5
3706,11,12,11.5
3706,11,12,11.5
3706,11,12,11.5
3706,11,12,11.5
3706,11,12,11.5
3706,11,12,11.5
3706,11,12,11.5
3706,11,12,11.5
3706,11,12,11.5
3706,11,12,11.5
3706,11,12,11.5
3706,11,12,11.5
3706,11,12,11.5
3706,10,12,11.0
3706,10,12,11.0
3706,10,12,11.0
3706,10,12,11.0
3706,10,12,11.0
3706,10,12,11.0
3706,10,12,11.0
3706,10,12,11.0
3706,10,12,11.0
3706,10,12,11.0
3706,10,12,11.0
3706,10,12,11.0
3706,9,12,10.5
3706,9,12,10.5
3706,9,12,10.5
3706,9,12,10.5
3706,9,12,10.5
3706,9,12,10.5
3706,9,12,10.5
3706,9,12,10.5
3706,9,12,10.5
3706,9,12,10.5
3706,9,12,10.5
3706,9,12,10.5
3706,9,12,10.5
3706,9,12,10.5
3706,9,12,10.5
3706,9,13,11.0
3706,9,13,11.0
3706,9,13,11.0
3706,9,13,11.0
3706,9,13,11.0
3706,9,13,11.0
3706,9,13,11.0
3706,9,13,11.0
3706,9,13,11.0
3706,9,13,11.0
3706,9,13,11.0
3706,9,13,11.0
3706,9,13,11.0
3706,9,13,11.0
3706,9,13,11.0
3706,9,13,11.0
3706,9,13,11.0
3706,9,13,11.0
3706,9,13,11.0
3706,9,13,11.0
3706,9,13,11.0
3707,9,13,11.0
3707,9,13,11.0
3707,9,13,11.0
3707,8,13,10.5
3707,8,13,10.5
3707,8,13,10.5
3707,8,13,10.5
3707,8,13,10.5
3707,8,13,10.5
3707,8,13,10.5
3707,8,13,10.5
3708,8,13,10.5
3708,8,13,10.5
3708,8,13,10.5
3708,8,13,10.5
3708,8,13,10.5
3708,8,13,10.5
3708,8,13,10.5
3708,8,13,10.5
3708,8,13,10.5
3708,8,13,10.5
3708,8,13,10.5
3708,8,13,10.5
3708,8,13,10.5
3708,8,13,10.5
3708,8,13,10.5
3708,8,13,10.5
3709,8,13,10.5
3709,8,13,10.5
3710,8,13,10.5
3710,8,13,10.5
3710,8,13,10.5
3710,8,13,10.5
3710,8,13,10.5
3710,8,13,10.5
3710,8,13,10.5
3710,8,13,10.5
3711,8,13,10.5
3711,8,13,10.5
3711,8,13,10.5
3711,8,13,10.5
3711,8,13,10.5
3711,8,13,10.5
3711,8,13,10.5
3711,8,13,10.5
3712,8,13,10.5
3712,8,13,10.5
3712,8,13,10.5
3712,8,13,10.5
3713,8,13,10.5
3713,8,13,10.5
3713,8,13,10.5
3713,8,13,10.5
3713,8,13,10.5
3713,8,13,10.5
3714,8,13,10.5
3714,8,13,10.5
3715,8,13,10.5
3715,8,13,10.5
3715,8,13,10.5
3715,8,13,10.5
3715,8,13,10.5
3715,8,13,10.5
3715,8,13,10.5
3715,8,13,10.5
3715,8,13,10.5
3715,8,13,10.5
3715,8,13,10.5
3715,8,13,10.5
3715,8,12,10.0
3715,8,12,10.0
3715,8,12,10.0
3715,8,12,10.0
3715,8,12,10.0
3715,8,12,10.0
3715,8,12,10.0
3715,8,12,10.0
3715,8,12,10.0
3715,8,12,10.0
3715,8,12,10.0
3715,8,12,10.0
3715,8,12,10.0
3715,8,12,10.0
3715,8,12,10.0
3715,8,12,10.0
3715,8,12,10.0
3715,8,12,10.0
3715,8,12,10.0
3715,8,12,10.0
3715,8,12,10.0
3715,8,11,9.5
3715,8,11,9.5
3715,8,11,9.5
3715,8,11,9.5
3715,8,11,9.5
3715,8,11,9.5
3715,8,11,9.5
3715,8,11,9.5
3715,8,11,9.5
3715,8,11,9.5
3715,8,11,9.5
3715,8,11,9.5
3715,8,11,9.5
3715,8,11,9.5
3715,8,11,9.5
3716,8,11,9.5
3716,8,11,9.5
3716,8,11,9.5
3716,8,11,9.5
3716,8,11,9.5
3716,8,11,9.5
3716,8,11,9.5
3716,8,11,9.5
3716,8,11,9.5
3716,8,11,9.5
3716,8,11,9.5
3716,8,11,9.5
3716,8,11,9.5
3716,8,11,9.5
3716,8,11,9.5
3716,8,11,9.5
3716,8,11,9.5
3716,8,11,9.5
3716,9,11,10.0
3716,9,11,10.0
3716,9,11,10.0
3716,9,11,10.0
3716,9,11,10.0
3716,9,11,10.0
3716,9,11,10.0
3716,9,11,10.0
3717,9,11,10.0
3717,9,10,9.5
3717,9,10,9.5
3717,9,10,9.5
3717,9,10,9.5
3717,9,10,9.5
3717,9,10,9.5
3717,9,10,9.5
3717,9,10,9.5
3718,9,10,9.5
3718,9,10,9.5
3718,9,10,9.5
3718,9,10,9.5
3718,9,10,9.5
3718,9,10,9.5
3718,9,10,9.5
3718,9,10,9.5
3718,9,10,9.5
3718,9,10,9.5
3718,9,10,9.5
3718,9,10,9.5
3718,9,10,9.5
3718,9,10,9.5
3718,9,10,9.5
3718,9,10,9.5
3718,9,10,9.5
3718,9,10,9.5
3719,9,10,9.5
3719,9,10,9.5
3719,9,10,9.5
3719,9,10,9.5
3719,9,10,9.5
3719,9,10,9.5
3719,9,10,9.5
3719,9,10,9.5
3720,9,10,9.5
3720,9,10,9.5
3720,9,10,9.5
3720,9,10,9.5
3720,9,10,9.5
3721,9,10,9.5
3721,9,10,9.5
3721,9,10,9.5
3721,9,10,9.5
3721,9,10,9.5
3722,9,10,9.5
3722,9,10,9.5
3723,9,10,9.5
3723,9,10,9.5
3723,9,10,9.5
3723,9,10,9.5
3723,9,10,9.5
3723,9,10,9.5
3723,9,10,9.5
3725,9,10,9.5
3725,9,10,9.5
3725,9,10,9.5
3725,9,10,9.5
3725,9,10,9.5
3725,9,10,9.5
3725,9,10,9.5
3725,9,10,9.5
3725,9,10,9.5
3725,9,10,9.5
3725,9,11,10.0
3725,9,11,10.0
3725,9,11,10.0
3726,9,11,10.0
3726,9,11,10.0
3726,9,11,10.0
3726,9,11,10.0
3727,9,11,10.0
3727,9,11,10.0
3727,9,11,10.0
3727,9,11,10.0
3727,9,11,10.0
3727,9,11,10.0
3728,9,11,10.0
3728,9,11,10.0
3728,9,11,10.0
3728,9,11,10.0
3728,9,11,10.0
3728,9,11,10.0
3729,9,11,10.0
3729,9,11,10.0
3730,9,11,10.0
3730,9,11,10.0
3730,9,11,10.0
3730,9,11,10.0
3730,9,11,10.0
3730,9,11,10.0
3731,9,11,10.0
3731,9,11,10.0
3731,9,11,10.0
3731,9,11,10.0
3731,9,11,10.0
3731,9,11,10.0
3731,9,11,10.0
3731,9,11,10.0
3731,9,11,10.0
3731,9,11,10.0
3731,9,11,10.0
3731,9,11,10.0
3731,9,11,10.0
3731,9,11,10.0
3731,9,11,10.0
3731,9,11,10.0
3731,9,11,10.0
3731,9,11,10.0
3731,9,11,10.0
3731,9,11,10.0
3731,9,11,10.0
3731,9,11,10.0
3731,9,11,10.0
3731,9,11,10.0
3731,9,11,10.0
3731,8,11,9.5
3731,8,11,9.5
3731,8,11,9.5
3731,8,11,9.5
3731,8,11,9.5
3731,8,11,9.5
3731,8,11,9.5
3731,8,11,9.5
3731,8,11,9.5
3731,8,11,9.5
3731,8,11,9.5
3731,8,11,9.5
3731,8,11,9.5
3731,8,11,9.5
3731,8,11,9.5
3731,8,11,9.5
3731,8,11,9.5
3731,8,11,9.5
3731,8,11,9.5
3731,8,11,9.5
3731,8,11,9.5
3731,8,11,9.5
3731,8,11,9.5
3731,8,11,9.5
3731,8,11,9.5
3731,8,11,9.5
3731,8,11,9.5
3731,8,11,9.5
3732,8,11,9.5
3732,8,11,9.5
3732,8,11,9.5
3732,8,11,9.5
3732,8,11,9.5
3732,8,11,9.5
3732,8,11,9.5
3732,8,11,9.5
3732,8,11,9.5
3732,8,11,9.5
3732,8,11,9.5
3732,8,11,9.5
3732,8,11,9.5
3732,8,11,9.5
3732,8,11,9.5
3732,8,11,9.5
3732,8,11,9.5
3732,8,11,9.5
3732,8,11,9.5
3732,8,11,9.5
3732,8,11,9.5
3732,8,11,9.5
3732,8,11,9.5
3732,8,11,9.5
3732,8,11,9.5
3732,8,11,9.5
3732,8,11,9.5
3733,8,11,9.5
3733,8,11,9.5
3733,8,11,9.5
3733,8,11,9.5
3733,8,11,9.5
3733,8,11,9.5
3733,8,11,9.5
3733,8,11,9.5
3733,8,11,9.5
3733,8,11,9.5
3733,8,12,10.0
3733,8,12,10.0
3733,8,12,10.0
3733,8,12,10.0
3733,8,12,10.0
3733,8,12,10.0
3733,8,12,10.0
3734,8,12,10.0
3734,8,12,10.0
3734,8,12,10.0
3734,8,12,10.0
3734,8,11,9.5
3734,8,11,9.5
3734,8,11,9.5
3734,8,11,9.5
3734,8,11,9.5
3735,8,11,9.5
3735,8,11,9.5
3735,8,11,9.5
3736,9,11,10.0
3736,9,11,10.0
3736,9,11,10.0
3736,9,11,10.0
3736,9,11,10.0
3736,9,11,10.0
3736,9,11,10.0
3736,9,11,10.0
3736,9,12,10.5
3736,9,12,10.5
3736,9,12,10.5
3736,9,12,10.5
3736,9,12,10.5
3736,9,12,10.5
3736,9,12,10.5
3736,9,12,10.5
3736,9,12,10.5
3736,9,12,10.5
3736,9,12,10.5
3736,9,12,10.5
3736,9,12,10.5
3736,9,12,10.5
3736,9,12,10.5
3736,10,12,11.0
3736,10,12,11.0
3736,10,12,11.0
3736,10,12,11.0
3736,10,12,11.0
3736,10,12,11.0
3737,10,11,10.5
3737,10,11,10.5
3737,10,11,10.5
3737,10,11,10.5
3737,10,11,10.5
3737,10,11,10.5
3737,10,11,10.5
3737,10,11,10.5
3737,10,11,10.5
3737,10,11,10.5
3737,10,11,10.5
3737,10,11,10.5
3737,10,11,10.5
3737,10,11,10.5
3737,10,11,10.5
3737,10,11,10.5
3737,10,11,10.5
3737,10,11,10.5
3737,10,11,10.5
3737,10,11,10.5
3737,10,11,10.5
3737,10,11,10.5
3737,10,11,10.5
3737,10,11,10.5
3737,10,11,10.5
3738,10,11,10.5
3738,10,11,10.5
3738,10,11,10.5
3738,10,11,10.5
3738,10,11,10.5
3738,10,11,10.5
3738,10,11,10.5
3738,10,11,10.5
3738,10,11,10.5
3738,10,11,10.5
3738,10,11,10.5
3738,10,11,10.5
3738,10,11,10.5
3738,10,11,10.5
3738,10,11,10.5
3738,10,11,10.5
3738,10,11,10.5
3739,10,11,10.5
3739,10,11,10.5
3739,10,11,10.5
3739,10,11,10.5
3739,10,11,10.5
3739,10,11,10.5
3739,9,11,10.0
3739,9,11,10.0
3739,9,11,10.0
3739,10,11,10.5
3739,10,11,10.5
3739,10,11,10.5
3739,10,11,10.5
3739,10,11,10.5
3739,10,11,10.5
3739,10,11,10.5
3739,9,11,10.0
3739,9,11,10.0
3739,8,11,9.5
3739,8,11,9.5
3739,8,11,9.5
3739,8,11,9.5
3739,8,11,9.5
3739,8,11,9.5
3739,8,11,9.5
3739,8,11,9.5
3740,8,11,9.5
3740,8,11,9.5
3740,8,11,9.5
3740,8,11,9.5
3740,8,11,9.5
3740,8,11,9.5
3740,8,11,9.5
3740,8,11,9.5
3740,8,11,9.5
3740,8,11,9.5
3740,8,11,9.5
3740,8,11,9.5
3740,8,11,9.5
3740,8,11,9.5
3740,8,11,9.5
3740,8,11,9.5
3740,8,11,9.5
3740,8,11,9.5
3740,8,11,9.5
3740,8,11,9.5
3740,8,11,9.5
3740,8,11,9.5
3740,8,11,9.5
3740,8,11,9.5
3740,8,11,9.5
3740,8,11,9.5
3740,8,12,10.0
3740,8,12,10.0
3740,8,12,10.0
3740,8,12,10.0
3740,8,12,10.0
3740,8,12,10.0
3740,8,12,10.0
3740,8,12,10.0
3740,8,12,10.0
3740,8,11,9.5
3740,8,11,9.5
3740,8,11,9.5
3740,8,11,9.5
3741,8,11,9.5
3741,8,11,9.5
3741,8,11,9.5
3741,8,11,9.5
3741,8,11,9.5
3741,8,11,9.5
3741,8,11,9.5
3741,8,11,9.5
3741,8,11,9.5
3741,8,11,9.5
3741,8,11,9.5
3741,8,11,9.5
3741,8,11,9.5
3741,8,11,9.5
3741,8,11,9.5
3741,8,11,9.5
3743,8,11,9.5
3743,8,11,9.5
3743,8,11,9.5
3743,8,11,9.5
3743,8,11,9.5
3744,8,11,9.5
3744,8,11,9.5
3744,8,11,9.5
3745,8,11,9.5
3745,8,11,9.5
3745,8,11,9.5
3746,8,11,9.5
3746,8,11,9.5
3746,8,11,9.5
3747,8,11,9.5
3747,8,11,9.5
3748,8,11,9.5
3748,8,11,9.5
3748,8,11,9.5
3749,8,11,9.5
3750,8,11,9.5
3750,8,11,9.5
3751,8,11,9.5
3751,8,11,9.5
3751,8,11,9.5
3751,8,11,9.5
3751,8,11,9.5
3751,8,11,9.5
3751,8,11,9.5
3751,8,12,10.0
3751,8,12,10.0
3751,8,12,10.0
3751,8,12,10.0
3751,8,12,10.0
3751,9,12,10.5
3751,9,12,10.5
3751,9,12,10.5
3751,9,12,10.5
3751,9,12,10.5
3751,9,12,10.5
3751,9,12,10.5
3751,9,12,10.5
3751,9,12,10.5
3751,9,12,10.5
3751,9,12,10.5
3751,9,12,10.5
3751,10,12,11.0
3751,10,12,11.0
3751,10,12,11.0
3751,10,12,11.0
3751,10,12,11.0
3751,10,12,11.0
3751,10,12,11.0
3752,11,12,11.5
3752,11,12,11.5
3752,11,12,11.5
3752,11,12,11.5
3752,11,12,11.5
3752,11,12,11.5
3752,11,12,11.5
3752,11,12,11.5
3752,11,12,11.5
3752,11,12,11.5
3752,11,13,12.0
3752,11,13,12.0
3752,11,13,12.0
3752,11,13,12.0
3752,11,13,12.0
3752,11,13,12.0
3752,11,13,12.0
3752,11,13,12.0
3752,11,13,12.0
3752,11,13,12.0
3752,11,13,12.0
3752,11,13,12.0
3752,11,13,12.0
3752,11,13,12.0
3752,11,13,12.0
3752,11,13,12.0
3752,11,13,12.0
3752,11,13,12.0
3752,11,13,12.0
3752,11,13,12.0
3752,11,13,12.0
3753,11,13,12.0
3753,11,13,12.0
3753,11,13,12.0
3753,11,13,12.0
3753,11,13,12.0
3753,11,13,12.0
3753,11,13,12.0
3753,11,13,12.0
3753,11,13,12.0
3754,11,13,12.0
3754,11,13,12.0
3754,11,13,12.0
3754,11,13,12.0
3754,11,13,12.0
3754,11,13,12.0
3754,11,13,12.0
3754,11,13,12.0
3754,11,13,12.0
3755,11,13,12.0
3755,11,13,12.0
3755,11,13,12.0
3755,11,13,12.0
3755,11,13,12.0
3755,11,13,12.0
3755,11,13,12.0
3755,11,13,12.0
3755,11,13,12.0
3755,11,13,12.0
3755,11,13,12.0
3755,11,13,12.0
3755,11,13,12.0
3755,11,13,12.0
3755,11,13,12.0
3755,11,13,12.0
3755,11,13,12.0
3755,11,13,12.0
3755,11,13,12.0
3756,11,13,12.0
3756,11,13,12.0
3756,11,13,12.0
3756,11,13,12.0
3756,11,13,12.0
3756,11,13,12.0
3756,11,13,12.0
3757,11,13,12.0
3757,11,13,12.0
3757,11,13,12.0
3757,11,13,12.0
3757,11,13,12.0
3758,11,13,12.0
3758,11,13,12.0
3758,11,13,12.0
3758,11,13,12.0
3759,11,13,12.0
3759,11,13,12.0
3759,11,13,12.0
3759,11,13,12.0
3759,11,13,12.0
3760,11,13,12.0
3761,11,13,12.0
3761,11,13,12.0
3761,11,13,12.0
3761,11,13,12.0
3761,11,13,12.0
3761,11,13,12.0
3761,11,13,12.0
3761,11,13,12.0
3761,11,13,12.0
3761,11,13,12.0
3761,11,13,12.0
3761,11,13,12.0
3761,11,13,12.0
3761,11,13,12.0
3762,11,13,12.0
3762,11,13,12.0
3762,11,13,12.0
3763,11,13,12.0
3763,11,13,12.0
3763,11,13,12.0
3763,11,13,12.0
3764,11,13,12.0
3764,11,13,12.0
3764,11,13,12.0
3764,11,13,12.0
3764,11,13,12.0
3764,11,13,12.0
3766,11,13,12.0
3766,11,13,12.0
3766,11,13,12.0
3766,11,13,12.0
3766,11,13,12.0
3766,11,13,12.0
3768,11,13,12.0
3768,11,13,12.0
3768,11,13,12.0
3768,11,13,12.0
3769,11,13,12.0
3770,11,13,12.0
3770,11,13,12.0
3770,11,13,12.0
3770,11,13,12.0
3770,11,13,12.0
3770,11,13,12.0
3770,11,13,12.0
3770,11,13,12.0
3770,11,13,12.0
3770,11,13,12.0
3770,11,13,12.0
3770,11,13,12.0
3770,11,13,12.0
3770,11,13,12.0
3770,11,13,12.0
3770,11,13,12.0
3770,11,13,12.0
3770,10,13,11.5
3770,10,13,11.5
3770,10,13,11.5
3770,10,13,11.5
3770,10,13,11.5
3770,10,13,11.5
3770,10,13,11.5
3770,10,13,11.5
3770,10,13,11.5
3770,10,13,11.5
3770,10,13,11.5
3770,10,13,11.5
3770,10,13,11.5
3770,10,13,11.5
3770,10,13,11.5
3770,10,13,11.5
3770,10,13,11.5
3770,10,13,11.5
3770,10,13,11.5
3770,10,13,11.5
3770,10,13,11.5
3770,10,13,11.5
3770,10,13,11.5
3770,10,13,11.5
3770,9,13,11.0
3770,9,13,11.0
3770,9,13,11.0
3770,9,13,11.0
3770,9,13,11.0
3770,9,13,11.0
3770,9,13,11.0
3770,9,13,11.0
3770,9,13,11.0
3770,9,13,11.0
3770,9,13,11.0
3770,9,13,11.0
3771,9,13,11.0
3771,9,13,11.0
3771,9,13,11.0
3771,9,13,11.0
3771,9,13,11.0
3771,9,13,11.0
3771,9,13,11.0
3771,9,13,11.0
3771,9,13,11.0
3771,9,13,11.0
3771,9,13,11.0
3771,9,13,11.0
3771,9,14,11.5
3772,9,14,11.5
3772,9,14,11.5
3772,9,14,11.5
3772,9,14,11.5
3772,9,13,11.0
3772,9,13,11.0
3772,9,13,11.0
3772,9,13,11.0
3772,9,13,11.0
3772,9,13,11.0
3772,9,13,11.0
3772,10,13,11.5
3773,10,13,11.5
3773,10,13,11.5
3773,10,13,11.5
3773,10,13,11.5
3773,10,13,11.5
3773,10,13,11.5
3773,10,13,11.5
3773,10,13,11.5
3773,10,13,11.5
3773,10,13,11.5
3773,10,13,11.5
3773,10,13,11.5
3773,10,13,11.5
3773,10,13,11.5
3773,10,13,11.5
3773,10,13,11.5
3773,10,13,11.5
3773,10,13,11.5
3773,10,13,11.5
3773,10,13,11.5
3773,10,13,11.5
3773,10,13,11.5
3773,10,13,11.5
3774,10,13,11.5
3774,10,13,11.5
3774,10,13,11.5
3774,10,13,11.5
3774,10,13,11.5
3774,10,13,11.5
3774,10,13,11.5
3775,10,13,11.5
3775,10,13,11.5
3775,10,13,11.5
3775,10,13,11.5
3775,10,13,11.5
3775,10,13,11.5
3776,10,13,11.5
3776,10,13,11.5
3776,10,13,11.5
3776,10,13,11.5
3776,10,13,11.5
3776,10,13,11.5
3777,10,13,11.5
3777,10,13,11.5
3777,10,13,11.5
3777,10,13,11.5
3777,10,13,11.5
3777,10,13,11.5
3777,10,13,11.5
3777,10,13,11.5
3777,10,13,11.5
3777,10,13,11.5
3777,10,13,11.5
3778,10,13,11.5
3778,10,13,11.5
3778,10,13,11.5
3778,10,13,11.5
3779,10,13,11.5
3779,10,13,11.5
3780,10,13,11.5
3780,10,13,11.5
3781,10,13,11.5
3781,10,13,11.5
3781,10,13,11.5
3781,10,13,11.5
3781,10,13,11.5
3781,10,13,11.5
3782,10,13,11.5
3782,10,13,11.5
3783,10,13,11.5
3783,10,13,11.5
3783,10,13,11.5
3783,10,13,11.5
3784,10,13,11.5
3784,10,13,11.5
3784,10,13,11.5
3784,10,13,11.5
3784,10,13,11.5
3784,10,13,11.5
3784,10,13,11.5
3785,10,13,11.5
3785,10,13,11.5
3785,10,13,11.5
3785,10,13,11.5
3785,10,13,11.5
3785,10,13,11.5
3785,10,13,11.5
3785,10,13,11.5
3785,10,13,11.5
3785,10,13,11.5
3785,10,13,11.5
3785,10,13,11.5
3785,10,13,11.5
3785,10,13,11.5
3785,10,13,11.5
3785,10,13,11.5
3785,10,13,11.5
3785,10,13,11.5
3786,10,13,11.5
3786,10,13,11.5
3786,10,13,11.5
3786,10,13,11.5
3786,10,13,11.5
3786,10,13,11.5
3786,10,13,11.5
3786,10,13,11.5
3786,10,13,11.5
3786,10,13,11.5
3786,10,13,11.5
3786,10,13,11.5
3786,10,13,11.5
3786,10,13,11.5
3786,10,13,11.5
3786,11,13,12.0
3786,11,13,12.0
3786,11,13,12.0
3786,11,13,12.0
3786,11,13,12.0
3786,11,13,12.0
3786,11,13,12.0
3786,11,13,12.0
3786,11,13,12.0
3786,11,13,12.0
3786,11,13,12.0
3786,11,13,12.0
3786,11,13,12.0
3786,11,13,12.0
3786,11,13,12.0
3786,11,13,12.0
3786,11,13,12.0
3786,11,13,12.0
3786,11,13,12.0
3786,12,13,12.5
3786,12,14,13.0
3786,13,14,13.5
3786,13,14,13.5
3786,13,14,13.5
3786,13,14,13.5
3786,13,14,13.5
3786,13,14,13.5
3786,13,14,13.5
3786,13,14,13.5
3786,13,14,13.5
3786,13,14,13.5
3786,13,14,13.5
3786,13,14,13.5
3786,13,14,13.5
3786,13,14,13.5
3786,13,14,13.5
3786,13,14,13.5
3786,13,14,13.5
3786,13,14,13.5
3786,13,14,13.5
3786,13,14,13.5
3786,13,14,13.5
3786,13,14,13.5
3786,13,14,13.5
3786,13,14,13.5
3786,13,14,13.5
3786,13,14,13.5
3786,13,14,13.5
3786,13,14,13.5
3786,13,15,14.0
3786,14,15,14.5
3786,14,15,14.5
3786,14,15,14.5
3786,14,15,14.5
3786,14,15,14.5
3786,14,15,14.5
3786,14,15,14.5
3786,14,15,14.5
3786,14,15,14.5
3786,14,15,14.5
3786,14,15,14.5
3786,14,15,14.5
3786,14,15,14.5
3786,14,15,14.5
3786,14,15,14.5
3786,14,15,14.5
3786,14,15,14.5
3786,14,15,14.5
3786,14,15,14.5
3786,14,15,14.5
3786,14,15,14.5
3786,14,15,14.5
3786,14,15,14.5
3787,14,15,14.5
3787,14,15,14.5
3787,14,15,14.5
3787,14,15,14.5
3787,14,15,14.5
3787,14,15,14.5
3787,14,15,14.5
3787,14,15,14.5
3787,14,15,14.5
3787,14,15,14.5
3787,14,15,14.5
3787,14,15,14.5
3787,14,15,14.5
3787,14,15,14.5
3787,14,15,14.5
3787,14,15,14.5
3787,14,15,14.5
3787,14,15,14.5
3787,14,15,14.5
3787,14,15,14.5
3787,14,15,14.5
3787,14,15,14.5
3787,14,15,14.5
3787,14,15,14.5
3787,14,15,14.5
3787,14,15,14.5
3787,14,15,14.5
3787,14,15,14.5
3787,14,15,14.5
3787,14,15,14.5
3787,14,15,14.5
3787,14,15,14.5
3787,14,15,14.5
3788,14,15,14.5
3788,14,15,14.5
3788,14,15,14.5
3788,14,15,14.5
3788,14,15,14.5
3788,14,15,14.5
3788,14,15,14.5
3788,14,15,14.5
3788,14,15,14.5
3788,14,15,14.5
3789,14,15,14.5
3789,14,15,14.5
3789,14,15,14.5
3789,14,15,14.5
3789,14,15,14.5
3789,14,15,14.5
3789,14,15,14.5
3789,14,15,14.5
3789,14,15,14.5
3789,14,15,14.5
3790,14,15,14.5
3790,14,15,14.5
3790,14,16,15.0
3790,14,16,15.0
3790,14,16,15.0
3790,14,16,15.0
3790,14,16,15.0
3790,14,16,15.0
3790,14,16,15.0
3790,14,16,15.0
3791,14,16,15.0
3791,14,16,15.0
3791,14,16,15.0
3791,14,16,15.0
3791,14,16,15.0
3792,14,16,15.0
3792,14,16,15.0
3792,14,16,15.0
3792,14,16,15.0
3792,14,16,15.0
3793,14,16,15.0
3793,14,16,15.0
3793,14,16,15.0
3793,14,16,15.0
3793,14,16,15.0
3793,14,16,15.0
3793,14,16,15.0
3793,14,16,15.0
3793,14,16,15.0
3793,14,16,15.0
3793,14,16,15.0
3793,14,16,15.0
3793,14,16,15.0
3793,14,15,14.5
3793,14,15,14.5
3793,14,15,14.5
3794,14,15,14.5
3794,14,15,14.5
3794,14,15,14.5
3794,14,15,14.5
3794,14,15,14.5
3794,14,15,14.5
3794,14,15,14.5
3794,14,15,14.5
3794,14,15,14.5
3794,14,15,14.5
3794,14,15,14.5
3794,14,15,14.5
3794,14,15,14.5
3794,14,15,14.5
3794,14,15,14.5
3795,14,15,14.5
3795,14,15,14.5
3795,14,15,14.5
3795,14,15,14.5
3795,14,15,14.5
3795,14,15,14.5
3795,14,15,14.5
3796,14,15,14.5
3796,14,15,14.5
3796,14,15,14.5
3797,14,15,14.5
3797,14,15,14.5
3797,14,15,14.5
3798,14,15,14.5
3798,14,15,14.5
3798,14,15,14.5
3798,14,15,14.5
3798,14,15,14.5
3798,14,15,14.5
3798,14,15,14.5
3799,14,15,14.5
3799,14,15,14.5
3799,14,15,14.5
3799,14,15,14.5
3800,14,15,14.5
3800,14,15,14.5
3801,14,15,14.5
3801,14,15,14.5
3801,14,15,14.5
3802,14,15,14.5
3802,14,15,14.5
3803,14,15,14.5
3803,14,15,14.5
3804,14,15,14.5
3804,14,15,14.5
3804,14,15,14.5
3804,14,15,14.5
3805,14,15,14.5
3805,14,15,14.5
3805,14,15,14.5
3805,14,15,14.5
3805,13,15,14.0
3805,13,15,14.0
3805,13,15,14.0
3805,13,15,14.0
3805,13,15,14.0
3805,13,15,14.0
3805,13,15,14.0
3805,13,15,14.0
3805,13,15,14.0
3805,13,15,14.0
3805,13,15,14.0
3805,13,15,14.0
3805,13,15,14.0
3805,13,15,14.0
3805,13,15,14.0
3805,13,15,14.0
3805,13,15,14.0
3805,13,15,14.0
3805,13,15,14.0
3805,13,15,14.0
3805,13,15,14.0
3805,13,15,14.0
3805,13,15,14.0
3805,13,15,14.0
3805,13,15,14.0
3805,13,15,14.0
3805,13,15,14.0
3805,13,15,14.0
3805,13,15,14.0
3805,13,15,14.0
3805,13,15,14.0
3805,13,15,14.0
3805,13,15,14.0
3805,13,15,14.0
3805,13,15,14.0
3805,13,15,14.0
3805,13,15,14.0
3805,13,15,14.0
3805,13,15,14.0
3805,13,15,14.0
3805,13,15,14.0
3805,13,15,14.0
3805,13,15,14.0
3805,13,15,14.0
3805,13,15,14.0
3805,13,15,14.0
3805,13,15,14.0
3805,13,15,14.0
3805,13,17,15.0
3805,13,17,15.0
3805,13,17,15.0
3805,13,17,15.0
3805,13,17,15.0
3805,13,17,15.0
3805,13,17,15.0
3805,13,17,15.0
3805,13,17,15.0
3805,13,17,15.0
3805,13,17,15.0
3805,13,17,15.0
3805,13,17,15.0
3805,13,17,15.0
3805,13,17,15.0
3805,13,17,15.0
3805,13,17,15.0
3805,13,17,15.0
3805,13,17,15.0
3805,13,17,15.0
3805,13,17,15.0
3805,13,17,15.0
3805,13,17,15.0
3805,13,17,15.0
3805,13,17,15.0
3805,13,17,15.0
3805,13,17,15.0
3805,13,17,15.0
3805,13,17,15.0
3805,13,17,15.0
3806,13,17,15.0
3806,13,17,15.0
3806,13,17,15.0
3806,13,17,15.0
3806,13,17,15.0
3806,13,17,15.0
3806,13,17,15.0
3806,13,17,15.0
3806,13,17,15.0
3806,13,17,15.0
3806,13,17,15.0
3806,13,17,15.0
3806,13,17,15.0
3806,13,17,15.0
3806,13,17,15.0
3806,13,17,15.0
3806,13,17,15.0
3806,13,17,15.0
3806,13,17,15.0
3806,13,17,15.0
3806,13,17,15.0
3806,13,17,15.0
3806,13,17,15.0
3806,13,17,15.0
3806,13,17,15.0
3806,14,17,15.5
3806,14,17,15.5
3806,14,17,15.5
3806,14,17,15.5
3806,14,17,15.5
3806,14,17,15.5
3806,14,17,15.5
3806,14,17,15.5
3806,12,17,14.5
3806,12,17,14.5
3806,12,17,14.5
3806,12,17,14.5
3806,12,17,14.5
3806,12,17,14.5
3806,12,17,14.5
3806,12,17,14.5
3806,12,17,14.5
3806,12,17,14.5
3806,12,17,14.5
3806,12,17,14.5
3806,12,17,14.5
3806,12,17,14.5
3806,12,17,14.5
3806,13,17,15.0
3806,13,17,15.0
3806,13,17,15.0
3806,13,17,15.0
3806,13,17,15.0
3806,13,17,15.0
3806,11,17,14.0
3806,11,17,14.0
3806,11,17,14.0
3806,11,17,14.0
3806,11,17,14.0
3806,11,17,14.0
3806,11,17,14.0
3806,12,17,14.5
3806,12,17,14.5
3806,12,17,14.5
3806,12,17,14.5
3806,13,17,15.0
3806,13,17,15.0
3806,13,17,15.0
3806,13,17,15.0
3806,13,17,15.0
3806,13,17,15.0
3806,13,17,15.0
3806,11,17,14.0
3806,11,17,14.0
3806,12,17,14.5
3807,12,17,14.5
3807,12,17,14.5
3807,12,17,14.5
3807,13,17,15.0
3807,13,17,15.0
3807,13,17,15.0
3807,13,17,15.0
3807,13,17,15.0
3807,13,17,15.0
3807,13,17,15.0
3807,13,17,15.0
3807,13,17,15.0
3807,13,17,15.0
3807,13,17,15.0
3807,13,17,15.0
3807,13,17,15.0
3807,13,17,15.0
3807,13,17,15.0
3807,13,17,15.0
3807,13,17,15.0
3807,13,17,15.0
3807,13,17,15.0
3807,13,17,15.0
3807,13,17,15.0
3807,13,17,15.0
3807,13,17,15.0
3807,13,17,15.0
3807,13,17,15.0
3807,13,17,15.0
3807,13,17,15.0
3807,13,17,15.0
3807,13,17,15.0
3807,13,17,15.0
3807,13,17,15.0
3808,13,17,15.0
3808,13,17,15.0
3808,13,17,15.0
3808,13,17,15.0
3808,13,17,15.0
3808,13,17,15.0
3808,13,17,15.0
3808,13,17,15.0
3808,13,17,15.0
3808,13,17,15.0
3808,13,17,15.0
3808,13,17,15.0
3808,13,17,15.0
3809,13,17,15.0
3809,13,17,15.0
3809,13,17,15.0
3809,13,17,15.0
3809,13,17,15.0
3809,13,17,15.0
3809,13,17,15.0
3809,13,17,15.0
3809,13,17,15.0
3809,13,17,15.0
3809,13,17,15.0
3809,13,17,15.0
3809,13,17,15.0
3809,13,17,15.0
3809,13,17,15.0
3809,13,17,15.0
3809,13,17,15.0
3809,13,17,15.0
3810,14,17,15.5
3810,14,17,15.5
3810,14,17,15.5
3810,14,17,15.5
3810,14,17,15.5
3810,14,17,15.5
3810,14,17,15.5
3810,14,17,15.5
3810,14,17,15.5
3810,14,17,15.5
3810,14,17,15.5
3810,14,17,15.5
3810,15,17,16.0
3810,15,17,16.0
3810,15,17,16.0
3810,15,17,16.0
3810,15,17,16.0
3810,15,17,16.0
3810,15,17,16.0
3810,15,17,16.0
3810,15,17,16.0
3810,13,17,15.0
3810,13,17,15.0
3810,13,17,15.0
3810,14,17,15.5
3810,14,17,15.5
3810,14,17,15.5
3810,14,17,15.5
3810,14,17,15.5
3810,15,17,16.0
3810,15,17,16.0
3811,15,17,16.0
3811,15,17,16.0
3811,15,17,16.0
3811,15,17,16.0
3811,15,17,16.0
3811,15,17,16.0
3811,15,17,16.0
3811,15,17,16.0
3811,15,17,16.0
3811,15,17,16.0
3811,15,17,16.0
3811,15,17,16.0
3811,15,17,16.0
3811,15,17,16.0
3811,15,17,16.0
3811,15,17,16.0
3811,15,17,16.0
3811,15,17,16.0
3811,15,17,16.0
3811,15,17,16.0
3811,15,17,16.0
3811,15,17,16.0
3811,15,17,16.0
3811,15,17,16.0
3811,15,17,16.0
3811,15,17,16.0
3811,15,17,16.0
3811,15,17,16.0
3811,15,17,16.0
3811,15,17,16.0
3811,15,17,16.0
3811,15,17,16.0
3811,15,17,16.0
3811,15,17,16.0
3811,15,17,16.0
3811,15,17,16.0
3811,15,17,16.0
3811,15,17,16.0
3812,15,17,16.0
3812,15,17,16.0
3812,15,17,16.0
3812,15,17,16.0
3812,15,17,16.0
3812,15,17,16.0
3812,15,17,16.0
3812,15,17,16.0
3812,15,17,16.0
3812,15,17,16.0
3812,15,17,16.0
3812,15,17,16.0
3812,15,17,16.0
3812,15,17,16.0
3812,15,17,16.0
3812,15,17,16.0
3812,15,17,16.0
3812,15,17,16.0
3812,15,17,16.0
3812,15,17,16.0
3812,15,17,16.0
3812,15,17,16.0
3812,15,17,16.0
3812,15,17,16.0
3812,15,17,16.0
3813,15,17,16.0
3813,15,17,16.0
3813,15,17,16.0
3813,15,17,16.0
3813,15,17,16.0
3813,15,17,16.0
3813,15,17,16.0
3813,15,17,16.0
3813,15,17,16.0
3813,15,17,16.0
3813,15,17,16.0
3813,15,17,16.0
3813,15,17,16.0
3813,15,17,16.0
3813,15,17,16.0
3813,14,17,15.5
3813,14,17,15.5
3813,14,17,15.5
3813,14,17,15.5
3813,14,17,15.5
3813,14,17,15.5
3813,14,17,15.5
3813,14,17,15.5
3813,14,17,15.5
3813,14,17,15.5
3813,14,17,15.5
3813,14,17,15.5
3813,14,17,15.5
3813,12,17,14.5
3813,12,17,14.5
3813,12,17,14.5
3813,12,17,14.5
3813,12,17,14.5
3813,12,17,14.5
3813,12,17,14.5
3813,12,17,14.5
3813,12,17,14.5
3813,12,17,14.5
3813,12,17,14.5
3813,12,17,14.5
3813,12,17,14.5
3813,12,17,14.5
3813,12,17,14.5
3813,12,17,14.5
3813,12,17,14.5
3813,12,17,14.5
3813,12,17,14.5
3813,12,17,14.5
3813,12,17,14.5
3813,12,17,14.5
3813,12,17,14.5
3813,12,17,14.5
3813,12,17,14.5
3813,12,17,14.5
3813,12,17,14.5
3813,12,17,14.5
3813,12,17,14.5
3813,12,17,14.5
3813,12,17,14.5
3813,12,17,14.5
3813,12,17,14.5
3813,12,17,14.5
3813,12,17,14.5
3813,12,17,14.5
3813,12,17,14.5
3813,12,17,14.5
3813,12,17,14.5
3813,12,17,14.5
3814,12,17,14.5
3814,12,17,14.5
3814,12,17,14.5
3814,12,17,14.5
3814,12,17,14.5
3814,12,17,14.5
3814,12,17,14.5
3814,12,17,14.5
3814,12,17,14.5
3814,12,17,14.5
3814,12,19,15.5
3814,12,19,15.5
3814,12,19,15.5
3814,12,19,15.5
3814,12,19,15.5
3814,12,19,15.5
3814,12,19,15.5
3814,12,19,15.5
3814,12,19,15.5
3814,12,19,15.5
3814,12,19,15.5
3814,12,19,15.5
3814,12,19,15.5
3814,12,19,15.5
3814,12,19,15.5
3815,12,19,15.5
3815,12,19,15.5
3815,12,19,15.5
3815,12,19,15.5
3815,12,19,15.5
3815,12,19,15.5
3815,12,19,15.5
3815,12,19,15.5
3815,12,19,15.5
3815,12,19,15.5
3815,12,19,15.5
3815,12,19,15.5
3815,12,19,15.5
3815,12,19,15.5
3815,12,19,15.5
3816,12,19,15.5
3816,12,19,15.5
3816,12,19,15.5
3816,12,19,15.5
3816,12,19,15.5
3817,12,19,15.5
3817,12,19,15.5
3817,13,19,16.0
3817,13,19,16.0
3817,13,19,16.0
3817,13,19,16.0
3817,13,19,16.0
3817,13,19,16.0
3817,13,19,16.0
3817,13,19,16.0
3817,13,19,16.0
3817,13,19,16.0
3817,13,19,16.0
3817,13,19,16.0
3817,13,19,16.0
3817,13,19,16.0
3817,14,19,16.5
3817,14,19,16.5
3817,14,19,16.5
3817,14,19,16.5
3817,14,19,16.5
3817,13,19,16.0
3817,13,19,16.0
3817,13,19,16.0
3817,13,19,16.0
3817,13,19,16.0
3817,13,19,16.0
3817,13,19,16.0
3817,13,19,16.0
3817,13,19,16.0
3817,13,19,16.0
3817,12,19,15.5
3817,12,19,15.5
3817,12,19,15.5
3817,13,19,16.0
3817,13,18,15.5
3817,13,18,15.5
3817,13,18,15.5
3817,13,18,15.5
3817,13,18,15.5
3817,13,18,15.5
3817,13,18,15.5
3817,13,18,15.5
3817,13,18,15.5
3817,13,18,15.5
3817,14,18,16.0
3817,14,18,16.0
3817,14,18,16.0
3817,14,18,16.0
3817,14,18,16.0
3817,14,18,16.0
3817,14,18,16.0
3817,14,18,16.0
3817,14,18,16.0
3817,14,18,16.0
3817,12,18,15.0
3817,12,18,15.0
3817,12,18,15.0
3817,12,18,15.0
3817,12,18,15.0
3817,12,18,15.0
3817,12,18,15.0
3817,12,18,15.0
3817,12,18,15.0
3817,12,18,15.0
3817,12,18,15.0
3817,12,18,15.0
3818,12,18,15.0
3818,12,18,15.0
3818,13,18,15.5
3818,13,18,15.5
3818,13,18,15.5
3818,13,18,15.5
3818,13,18,15.5
3818,13,18,15.5
3818,13,18,15.5
3818,13,18,15.5
3818,13,18,15.5
3818,13,18,15.5
3818,13,18,15.5
3818,13,18,15.5
3818,13,18,15.5
3818,13,18,15.5
3818,13,18,15.5
3818,13,18,15.5
3818,13,18,15.5
3818,13,18,15.5
3818,13,18,15.5
3818,13,18,15.5
3818,13,18,15.5
3818,13,18,15.5
3818,13,18,15.5
3818,13,18,15.5
3818,13,18,15.5
3819,13,18,15.5
3819,13,18,15.5
3819,13,18,15.5
3819,13,18,15.5
3819,13,18,15.5
3819,13,18,15.5
3819,13,18,15.5
3819,13,18,15.5
3819,13,18,15.5
3819,13,18,15.5
3819,13,18,15.5
3819,13,18,15.5
3819,13,18,15.5
3819,13,18,15.5
3819,13,18,15.5
3819,13,18,15.5
3819,13,18,15.5
3819,13,18,15.5
3820,13,18,15.5
3820,13,18,15.5
3820,13,18,15.5
3820,13,18,15.5
3820,13,18,15.5
3820,13,18,15.5
3820,13,18,15.5
3820,13,18,15.5
3820,13,18,15.5
3820,13,18,15.5
3821,13,18,15.5
3821,13,18,15.5
3822,13,18,15.5
3822,13,18,15.5
3822,13,18,15.5
3822,13,18,15.5
3823,13,18,15.5
3823,13,18,15.5
3823,13,18,15.5
3823,13,18,15.5
3824,13,18,15.5
3824,13,18,15.5
3824,13,18,15.5
3824,13,18,15.5
3824,13,18,15.5
3824,13,18,15.5
3824,13,18,15.5
3824,12,18,15.0
3824,12,18,15.0
3824,12,18,15.0
3824,12,18,15.0
3824,12,18,15.0
3824,12,18,15.0
3824,12,18,15.0
3825,12,18,15.0
3825,12,18,15.0
3825,11,18,14.5
3825,11,18,14.5
3825,11,18,14.5
3825,11,18,14.5
3825,11,18,14.5
3825,11,18,14.5
3825,11,18,14.5
3825,11,18,14.5
3826,11,18,14.5
3826,11,18,14.5
3826,11,18,14.5
3826,11,18,14.5
3826,11,18,14.5
3826,11,18,14.5
3826,11,18,14.5
3828,11,18,14.5
3828,11,18,14.5
3828,11,18,14.5
3828,11,18,14.5
3829,11,18,14.5
3830,11,18,14.5
3830,11,18,14.5
3830,11,18,14.5
3830,11,18,14.5
3831,11,18,14.5
3831,11,18,14.5
3831,11,18,14.5
3831,11,18,14.5
3831,11,18,14.5
3831,11,18,14.5
3831,11,18,14.5
3831,11,18,14.5
3831,11,18,14.5
3831,11,18,14.5
3831,11,18,14.5
3831,11,19,15.0
3831,11,19,15.0
3831,11,19,15.0
3831,11,19,15.0
3831,11,19,15.0
3831,11,19,15.0
3831,11,17,14.0
3831,11,19,15.0
3831,11,18,14.5
3831,11,18,14.5
3831,11,18,14.5
3831,11,18,14.5
3831,11,18,14.5
3831,11,18,14.5
3831,11,18,14.5
3831,11,18,14.5
3831,11,18,14.5
3831,11,18,14.5
3831,11,18,14.5
3831,11,18,14.5
3831,11,18,14.5
3831,11,18,14.5
3831,11,18,14.5
3831,11,18,14.5
3831,11,18,14.5
3831,11,18,14.5
3831,11,18,14.5
3831,11,18,14.5
3831,11,18,14.5
3831,11,18,14.5
3831,11,18,14.5
3832,11,18,14.5
3832,11,18,14.5
3832,11,18,14.5
3832,11,18,14.5
3832,11,18,14.5
3832,11,17,14.0
3832,11,17,14.0
3832,11,17,14.0
3832,11,17,14.0
3832,11,17,14.0
3832,11,17,14.0
3832,11,17,14.0
3832,11,17,14.0
3832,11,17,14.0
3832,11,17,14.0
3832,11,17,14.0
3832,11,17,14.0
3832,11,16,13.5
3832,11,16,13.5
3832,11,16,13.5
3832,11,16,13.5
3832,11,16,13.5
3832,11,16,13.5
3832,11,16,13.5
3832,11,16,13.5
3832,11,16,13.5
3832,11,16,13.5
3832,11,16,13.5
3832,11,16,13.5
3832,11,16,13.5
3832,11,16,13.5
3832,11,16,13.5
3832,11,16,13.5
3833,11,16,13.5
3833,11,16,13.5
3833,11,16,13.5
3834,11,16,13.5
3834,11,16,13.5
3834,11,16,13.5
3834,11,16,13.5
3834,11,16,13.5
3834,11,16,13.5
3834,11,16,13.5
3834,11,16,13.5
3834,11,15,13.0
3834,11,15,13.0
3834,11,15,13.0
3834,11,15,13.0
3834,11,15,13.0
3834,11,15,13.0
3834,11,15,13.0
3834,11,15,13.0
3834,11,15,13.0
3834,11,15,13.0
3834,11,15,13.0
3834,11,15,13.0
3834,11,15,13.0
3834,11,15,13.0
3834,11,15,13.0
3834,11,15,13.0
3834,11,14,12.5
3834,11,14,12.5
3834,11,13,12.0
3834,11,13,12.0
3834,11,13,12.0
3834,11,13,12.0
3834,11,13,12.0
3834,11,13,12.0
3834,11,13,12.0
3834,11,13,12.0
3834,11,13,12.0
3834,11,13,12.0
3834,11,13,12.0
3834,11,13,12.0
3834,11,13,12.0
3834,11,13,12.0
3834,11,13,12.0
3834,11,13,12.0
3834,11,13,12.0
3834,11,13,12.0
3834,11,13,12.0
3834,11,13,12.0
3834,11,13,12.0
3834,11,13,12.0
3834,11,13,12.0
3834,11,13,12.0
3834,11,13,12.0
3834,11,13,12.0
3834,11,13,12.0
3834,11,13,12.0
3834,11,13,12.0
3834,11,13,12.0
3834,11,13,12.0
3834,11,12,11.5
3834,11,12,11.5
3834,11,12,11.5
3834,11,12,11.5
3834,11,12,11.5
3834,11,12,11.5
3834,11,12,11.5
3834,11,12,11.5
3834,11,12,11.5
3834,11,12,11.5
3834,11,12,11.5
3834,11,12,11.5
3834,11,12,11.5
3835,11,12,11.5
3835,11,12,11.5
3835,11,12,11.5
3835,11,12,11.5
3835,11,12,11.5
3835,11,12,11.5
3835,11,12,11.5
3835,11,12,11.5
3835,11,12,11.5
3835,11,12,11.5
3835,11,12,11.5
3835,11,12,11.5
3835,11,12,11.5
3835,11,12,11.5
3835,11,12,11.5
3835,11,12,11.5
3835,11,12,11.5
3835,11,12,11.5
3835,11,12,11.5
3835,11,12,11.5
3835,11,12,11.5
3835,11,12,11.5
3835,11,12,11.5
3835,11,12,11.5
3835,11,12,11.5
3835,11,12,11.5
3835,11,12,11.5
3835,11,12,11.5
3835,11,12,11.5
3835,11,12,11.5
3835,11,12,11.5
3835,11,12,11.5
3835,11,12,11.5
3835,11,12,11.5
3835,11,12,11.5
3836,11,12,11.5
3836,11,12,11.5
3836,11,12,11.5
3836,11,12,11.5
3836,11,12,11.5
3836,11,12,11.5
3836,11,12,11.5
3836,11,12,11.5
3836,11,12,11.5
3836,11,12,11.5
3836,11,12,11.5
3836,11,12,11.5
3837,11,12,11.5
3837,11,12,11.5
3837,11,12,11.5
3837,11,12,11.5
3837,11,12,11.5
3837,11,12,11.5
3837,11,12,11.5
3837,11,12,11.5
3837,11,12,11.5
3837,11,12,11.5
3837,11,12,11.5
3837,11,12,11.5
3837,11,12,11.5
3837,11,12,11.5
3837,11,12,11.5
3837,11,12,11.5
3837,11,12,11.5
3837,11,12,11.5
3837,11,12,11.5
3838,11,12,11.5
3838,11,12,11.5
3838,11,12,11.5
3838,11,12,11.5
3838,11,12,11.5
3838,11,12,11.5
3838,11,12,11.5
3838,11,12,11.5
3838,11,12,11.5
3838,11,12,11.5
3838,11,12,11.5
3838,11,12,11.5
3838,11,12,11.5
3838,11,12,11.5
3838,11,12,11.5
3838,11,12,11.5
3838,11,12,11.5
3838,11,12,11.5
3838,11,12,11.5
3839,11,12,11.5
3839,11,12,11.5
3839,11,12,11.5
3839,11,12,11.5
3839,11,12,11.5
3839,11,12,11.5
3839,11,12,11.5
3840,11,12,11.5
3840,11,12,11.5
3840,11,12,11.5
3841,11,12,11.5
3841,11,12,11.5
3841,11,12,11.5
3841,11,12,11.5
3841,11,12,11.5
3841,11,12,11.5
3841,11,12,11.5
3841,11,12,11.5
3841,11,12,11.5
3841,11,12,11.5
3841,11,12,11.5
3841,11,12,11.5
3843,11,12,11.5
3843,11,12,11.5
3843,11,12,11.5
3843,11,12,11.5
3843,11,12,11.5
3843,11,12,11.5
3843,11,12,11.5
3843,11,12,11.5
3844,11,12,11.5
3844,11,12,11.5
3844,11,12,11.5
3844,11,12,11.5
3844,11,12,11.5
3844,11,12,11.5
3844,11,12,11.5
3844,11,12,11.5
3844,11,12,11.5
3844,11,12,11.5
3844,11,12,11.5
3844,11,12,11.5
3844,11,12,11.5
3844,11,12,11.5
3844,11,12,11.5
3844,11,12,11.5
3844,11,12,11.5
3846,11,12,11.5
3846,11,12,11.5
3846,11,12,11.5
3846,11,12,11.5
3846,11,12,11.5
3846,11,12,11.5
3846,11,12,11.5
3847,11,13,12.0
3847,11,13,12.0
3847,11,13,12.0
3847,11,13,12.0
3848,11,13,12.0
3848,11,13,12.0
3848,11,13,12.0
3848,11,13,12.0
3848,11,13,12.0
3848,11,13,12.0
3849,11,13,12.0
3849,11,13,12.0
3849,11,13,12.0
3849,11,13,12.0
3850,11,13,12.0
3850,11,13,12.0
3850,11,13,12.0
3850,11,13,12.0
3850,11,13,12.0
3851,11,13,12.0
3851,11,13,12.0
3851,11,13,12.0
3851,11,13,12.0
3851,11,13,12.0
3851,11,13,12.0
3851,11,13,12.0
3851,11,13,12.0
3851,11,13,12.0
3851,11,13,12.0
3853,11,13,12.0
3853,11,13,12.0
3853,11,13,12.0
3853,11,13,12.0
3854,11,13,12.0
3855,11,13,12.0
3855,11,13,12.0
3855,11,13,12.0
3856,11,13,12.0
3856,11,13,12.0
3856,11,13,12.0
3857,11,13,12.0
3858,11,13,12.0
3858,11,13,12.0
3859,11,13,12.0
3859,11,13,12.0
3859,11,13,12.0
3859,11,13,12.0
3859,11,13,12.0
3859,11,13,12.0
3859,11,13,12.0
3859,11,13,12.0
3859,11,13,12.0
3859,11,13,12.0
3859,11,13,12.0
3859,11,13,12.0
3859,11,13,12.0
3859,11,13,12.0
3859,11,13,12.0
3859,11,13,12.0
3859,11,13,12.0
3859,11,13,12.0
3859,11,13,12.0
3859,11,13,12.0
3859,11,13,12.0
3859,11,13,12.0
3859,11,13,12.0
3859,11,13,12.0
3859,11,13,12.0
3859,11,13,12.0
3859,11,13,12.0
3859,11,13,12.0
3859,11,13,12.0
3859,11,13,12.0
3859,11,13,12.0
3859,11,13,12.0
3859,11,13,12.0
3859,11,13,12.0
3859,11,13,12.0
3859,11,13,12.0
3859,11,13,12.0
3859,11,13,12.0
3859,11,13,12.0
3859,11,13,12.0
3859,11,13,12.0
3859,11,13,12.0
3859,11,13,12.0
3859,11,13,12.0
3859,11,13,12.0
3859,11,13,12.0
3859,11,13,12.0
3859,11,13,12.0
3859,11,13,12.0
3859,11,13,12.0
3859,11,13,12.0
3859,11,13,12.0
3859,11,13,12.0
3859,11,13,12.0
3859,11,13,12.0
3859,11,13,12.0
3859,11,13,12.0
3859,11,13,12.0
3859,11,13,12.0
3859,11,13,12.0
3859,11,13,12.0
3859,11,16,13.5
3859,11,16,13.5
3859,11,16,13.5
3860,11,16,13.5
3860,11,16,13.5
3860,11,16,13.5
3860,11,16,13.5
3860,11,16,13.5
3860,11,16,13.5
3860,11,16,13.5
3860,11,16,13.5
3860,11,16,13.5
3860,9,16,12.5
3860,9,16,12.5
3860,9,16,12.5
3860,9,16,12.5
3860,9,16,12.5
3860,9,16,12.5
3860,9,16,12.5
3860,11,16,13.5
3860,11,16,13.5
3860,11,16,13.5
3860,11,16,13.5
3860,11,16,13.5
3860,11,16,13.5
3860,9,16,12.5
3860,9,16,12.5
3860,9,16,12.5
3860,10,16,13.0
3860,11,16,13.5
3860,11,16,13.5
3860,11,16,13.5
3860,11,16,13.5
3860,11,16,13.5
3860,11,16,13.5
3860,11,16,13.5
3860,11,16,13.5
3860,11,16,13.5
3861,11,16,13.5
3861,11,16,13.5
3861,11,16,13.5
3861,11,16,13.5
3861,11,16,13.5
3861,11,16,13.5
3861,11,16,13.5
3861,11,16,13.5
3861,11,16,13.5
3861,11,16,13.5
3862,11,16,13.5
3863,11,16,13.5
3863,11,16,13.5
3863,11,16,13.5
3863,11,16,13.5
3863,11,16,13.5
3863,11,16,13.5
3863,11,16,13.5
3863,11,16,13.5
3863,11,16,13.5
3863,11,16,13.5
3863,11,16,13.5
3863,11,16,13.5
3863,11,16,13.5
3863,11,16,13.5
3863,11,16,13.5
3863,11,16,13.5
3863,11,16,13.5
3863,11,16,13.5
3863,11,16,13.5
3863,11,16,13.5
3863,11,16,13.5
3863,11,16,13.5
3863,11,16,13.5
3863,11,16,13.5
3863,11,16,13.5
3863,11,16,13.5
3863,11,16,13.5
3863,11,16,13.5
3864,11,16,13.5
3864,11,16,13.5
3864,11,16,13.5
3864,11,16,13.5
3865,11,16,13.5
3865,11,16,13.5
3866,11,16,13.5
3866,11,16,13.5
3866,11,16,13.5
3866,11,16,13.5
3867,11,16,13.5
3867,11,16,13.5
3867,11,16,13.5
3867,11,16,13.5
3867,11,16,13.5
3867,11,16,13.5
3867,11,16,13.5
3867,11,16,13.5
3867,11,16,13.5
3867,11,16,13.5
3867,11,16,13.5
3867,11,16,13.5
3867,10,16,13.0
3867,10,16,13.0
3867,10,16,13.0
3867,10,16,13.0
3867,10,16,13.0
3867,10,16,13.0
3867,10,16,13.0
3867,10,16,13.0
3867,9,16,12.5
3867,9,15,12.0
3867,9,15,12.0
3867,9,15,12.0
3867,9,15,12.0
3867,9,15,12.0
3867,9,15,12.0
3867,9,15,12.0
3867,9,15,12.0
3867,9,15,12.0
3867,9,14,11.5
3867,9,14,11.5
3867,9,14,11.5
3867,9,14,11.5
3867,9,14,11.5
3867,9,14,11.5
3867,9,14,11.5
3867,9,14,11.5
3867,9,14,11.5
3867,9,14,11.5
3867,9,14,11.5
3867,9,14,11.5
3867,9,14,11.5
3867,9,14,11.5
3867,9,14,11.5
3867,9,14,11.5
3867,9,14,11.5
3867,9,14,11.5
3867,9,14,11.5
3868,9,14,11.5
3868,9,14,11.5
3868,9,14,11.5
3868,9,14,11.5
3868,9,13,11.0
3868,9,13,11.0
3868,9,13,11.0
3868,9,13,11.0
3868,9,13,11.0
3868,9,13,11.0
3868,9,13,11.0
3868,9,13,11.0
3868,9,13,11.0
3868,9,13,11.0
3868,9,13,11.0
3868,9,13,11.0
3868,9,13,11.0
3868,9,13,11.0
3868,9,13,11.0
3868,9,13,11.0
3868,9,13,11.0
3868,9,13,11.0
3868,9,13,11.0
3868,9,13,11.0
3868,9,12,10.5
3868,9,12,10.5
3868,9,12,10.5
3868,9,12,10.5
3868,9,11,10.0
3868,9,11,10.0
3868,9,11,10.0
3868,9,11,10.0
3868,9,11,10.0
3868,9,11,10.0
3868,9,11,10.0
3868,9,11,10.0
3868,9,11,10.0
3868,9,11,10.0
3868,9,11,10.0
3868,9,11,10.0
3868,9,11,10.0
3868,9,11,10.0
3868,9,11,10.0
3868,9,11,10.0
3868,9,11,10.0
3868,9,11,10.0
3868,9,11,10.0
3868,9,11,10.0
3868,9,11,10.0
3868,9,11,10.0
3868,9,11,10.0
3868,9,11,10.0
3869,9,11,10.0
3869,9,11,10.0
3869,9,11,10.0
3869,9,11,10.0
3869,9,11,10.0
3869,9,11,10.0
3869,9,11,10.0
3869,9,11,10.0
3869,9,11,10.0
3869,9,10,9.5
3869,9,10,9.5
3869,9,10,9.5
3869,9,10,9.5
3869,9,10,9.5
3869,9,10,9.5
3869,9,10,9.5
3869,9,10,9.5
3869,9,10,9.5
3869,9,10,9.5
3870,9,10,9.5
3870,9,10,9.5
3870,9,10,9.5
3870,9,10,9.5
3870,9,10,9.5
3870,9,10,9.5
3870,9,10,9.5
3870,9,10,9.5
3870,9,10,9.5
3870,9,10,9.5
3870,9,10,9.5
3870,9,10,9.5
3870,9,10,9.5
3870,9,10,9.5
3870,9,10,9.5
3870,9,10,9.5
3870,9,10,9.5
3870,9,10,9.5
3870,9,10,9.5
3870,9,10,9.5
3870,9,10,9.5
3870,9,10,9.5
3870,9,10,9.5
3870,9,10,9.5
3870,9,10,9.5
3870,9,10,9.5
3870,9,10,9.5
3870,9,10,9.5
3871,9,10,9.5
3871,9,10,9.5
3871,9,10,9.5
3871,9,10,9.5
3871,9,10,9.5
3871,9,10,9.5
3871,9,10,9.5
3871,9,10,9.5
3871,9,10,9.5
3872,9,10,9.5
3872,9,10,9.5
3872,9,10,9.5
3872,9,10,9.5
3872,9,10,9.5
3872,9,10,9.5
3872,9,10,9.5
3872,9,10,9.5
3873,9,10,9.5
3873,9,10,9.5
3873,9,10,9.5
3873,9,10,9.5
3873,9,10,9.5
3873,9,10,9.5
3873,9,10,9.5
3873,9,10,9.5
3874,9,10,9.5
3874,9,10,9.5
3874,9,10,9.5
3874,9,10,9.5
3874,9,10,9.5
3874,9,10,9.5
3874,9,10,9.5
3874,9,10,9.5
3874,9,10,9.5
3875,9,10,9.5
3875,9,10,9.5
3875,9,10,9.5
3875,9,10,9.5
3876,9,10,9.5
3876,9,10,9.5
3876,9,10,9.5
3876,9,10,9.5
3876,9,10,9.5
3876,9,10,9.5
3876,9,10,9.5
3877,9,10,9.5
3877,9,10,9.5
3877,9,10,9.5
3877,9,10,9.5
3877,9,10,9.5
3878,9,10,9.5
3878,9,10,9.5
3878,9,10,9.5
3878,9,10,9.5
3879,9,10,9.5
3879,9,10,9.5
3879,9,10,9.5
3879,9,10,9.5
3879,9,10,9.5
3879,9,10,9.5
3879,9,10,9.5
3879,9,10,9.5
3879,9,10,9.5
3880,9,10,9.5
3880,9,10,9.5
3881,9,10,9.5
3881,9,10,9.5
3881,9,10,9.5
3881,9,10,9.5
3882,9,10,9.5
3882,9,10,9.5
3882,9,10,9.5
3882,9,10,9.5
3882,9,10,9.5
3882,9,10,9.5
3882,9,10,9.5
3882,9,10,9.5
3882,9,10,9.5
3882,9,10,9.5
3882,9,10,9.5
3882,9,10,9.5
3882,9,10,9.5
3882,9,10,9.5
3882,9,10,9.5
3882,9,10,9.5
3882,9,10,9.5
3882,9,10,9.5
3882,9,10,9.5
3882,9,10,9.5
3882,9,10,9.5
3882,9,10,9.5
3882,9,10,9.5
3882,9,10,9.5
3882,9,10,9.5
3882,9,10,9.5
3882,9,10,9.5
3882,9,10,9.5
3882,9,10,9.5
3882,9,10,9.5
3882,8,10,9.0
3882,8,10,9.0
3882,8,10,9.0
3882,8,10,9.0
3882,8,10,9.0
3882,8,10,9.0
3882,8,10,9.0
3882,8,10,9.0
3882,8,10,9.0
3882,8,10,9.0
3882,8,10,9.0
3882,8,10,9.0
3882,8,10,9.0
3882,8,10,9.0
3882,8,10,9.0
3882,8,10,9.0
3882,8,10,9.0
3882,8,11,9.5
3883,8,11,9.5
3883,8,11,9.5
3883,8,11,9.5
3883,8,11,9.5
3883,8,11,9.5
3883,8,11,9.5
3883,8,11,9.5
3883,8,11,9.5
3883,8,11,9.5
3883,8,11,9.5
3883,8,11,9.5
3883,8,11,9.5
3883,8,11,9.5
3883,8,11,9.5
3883,8,11,9.5
3883,8,11,9.5
3883,8,11,9.5
3883,8,11,9.5
3883,8,11,9.5
3883,8,11,9.5
3883,8,11,9.5
3883,8,11,9.5
3883,8,11,9.5
3883,8,11,9.5
3883,8,11,9.5
3883,8,11,9.5
3883,8,11,9.5
3883,8,11,9.5
3883,8,11,9.5
3884,8,11,9.5
3884,8,11,9.5
3884,8,11,9.5
3884,8,11,9.5
3884,8,11,9.5
3884,8,11,9.5
3884,8,11,9.5
3884,8,11,9.5
3884,8,11,9.5
3884,8,11,9.5
3884,8,11,9.5
3884,8,11,9.5
3884,8,11,9.5
3884,8,11,9.5
3884,8,11,9.5
3884,8,11,9.5
3884,8,11,9.5
3884,8,11,9.5
3885,8,11,9.5
3885,8,11,9.5
3885,8,11,9.5
3885,8,11,9.5
3885,8,11,9.5
3885,8,11,9.5
3885,8,11,9.5
3885,8,11,9.5
3885,8,11,9.5
3885,8,11,9.5
3885,8,11,9.5
3885,8,11,9.5
3885,8,11,9.5
3885,8,11,9.5
3885,8,11,9.5
3885,8,11,9.5
3885,8,11,9.5
3885,8,11,9.5
3885,8,11,9.5
3885,8,11,9.5
3885,8,11,9.5
3885,8,11,9.5
3885,8,11,9.5
3885,8,11,9.5
3885,8,11,9.5
3885,8,11,9.5
3885,8,11,9.5
3885,8,11,9.5
3885,8,11,9.5
3885,8,11,9.5
3885,8,11,9.5
3885,8,11,9.5
3885,8,11,9.5
3885,8,11,9.5
3885,8,11,9.5
3885,8,11,9.5
3885,8,11,9.5
3885,8,11,9.5
3885,8,11,9.5
3885,8,11,9.5
3885,8,11,9.5
3885,8,11,9.5
3885,8,11,9.5
3885,8,11,9.5
3885,8,11,9.5
3885,8,11,9.5
3885,8,11,9.5
3885,8,11,9.5
3885,8,11,9.5
3885,8,11,9.5
3885,8,11,9.5
3885,8,11,9.5
3885,8,11,9.5
3885,8,11,9.5
3885,8,11,9.5
3885,8,11,9.5
3885,8,11,9.5
3885,8,11,9.5
3885,8,11,9.5
3885,8,10,9.0
3885,8,10,9.0
3885,8,10,9.0
3885,8,10,9.0
3885,8,10,9.0
3885,8,10,9.0
3885,8,10,9.0
3885,8,10,9.0
3885,8,10,9.0
3885,8,10,9.0
3885,8,10,9.0
3885,8,10,9.0
3885,8,10,9.0
3885,8,10,9.0
3885,8,10,9.0
3885,8,10,9.0
3885,8,10,9.0
3885,8,10,9.0
3885,8,10,9.0
3885,8,10,9.0
3885,8,10,9.0
3885,8,10,9.0
3885,8,10,9.0
3885,8,10,9.0
3885,8,10,9.0
3885,8,10,9.0
3885,8,10,9.0
3885,8,10,9.0
3886,8,10,9.0
3886,8,10,9.0
3886,8,10,9.0
3886,8,10,9.0
3886,8,10,9.0
3886,8,10,9.0
3886,8,10,9.0
3886,8,10,9.0
3886,8,10,9.0
3886,8,10,9.0
3886,8,10,9.0
3886,8,10,9.0
3886,8,10,9.0
3886,8,10,9.0
3886,8,10,9.0
3886,8,10,9.0
3886,8,10,9.0
3886,8,10,9.0
3886,8,10,9.0
3886,8,10,9.0
3886,8,10,9.0
3886,8,10,9.0
3886,8,10,9.0
3886,8,10,9.0
3886,8,10,9.0
3886,8,10,9.0
3886,8,10,9.0
3886,8,10,9.0
3886,8,10,9.0
3886,8,10,9.0
3886,8,10,9.0
3886,8,10,9.0
3886,8,10,9.0
3886,8,10,9.0
3886,8,10,9.0
3886,8,10,9.0
3886,8,10,9.0
3886,8,10,9.0
3886,8,10,9.0
3886,8,10,9.0
3886,8,10,9.0
3886,8,10,9.0
3886,8,10,9.0
3886,8,10,9.0
3886,8,10,9.0
3886,8,10,9.0
3886,8,10,9.0
3886,8,10,9.0
3886,8,10,9.0
3886,8,10,9.0
3886,8,10,9.0
3886,8,10,9.0
3886,8,10,9.0
3886,8,10,9.0
3886,8,10,9.0
3886,8,10,9.0
3886,8,10,9.0
3886,8,10,9.0
3886,8,10,9.0
3886,8,10,9.0
3886,8,10,9.0
3886,8,10,9.0
3886,8,10,9.0
3886,8,10,9.0
3886,8,10,9.0
3886,8,10,9.0
3886,8,10,9.0
3886,8,10,9.0
3886,8,10,9.0
3886,8,10,9.0
3886,8,10,9.0
3886,8,10,9.0
3886,8,10,9.0
3886,8,10,9.0
3886,8,10,9.0
3886,8,10,9.0
3886,8,10,9.0
3886,8,10,9.0
3886,8,10,9.0
3886,8,10,9.0
3886,8,10,9.0
3886,8,10,9.0
3886,8,10,9.0
3886,8,10,9.0
3886,8,10,9.0
3886,8,10,9.0
3886,8,10,9.0
3886,8,10,9.0
3886,8,10,9.0
3886,8,10,9.0
3886,8,10,9.0
3886,8,10,9.0
3886,8,10,9.0
3886,8,10,9.0
3886,8,10,9.0
3886,8,10,9.0
3886,8,10,9.0
3886,8,10,9.0
3886,8,10,9.0
3886,8,10,9.0
3886,8,10,9.0
3886,8,10,9.0
3886,8,10,9.0
3886,8,10,9.0
3886,8,10,9.0
3886,8,10,9.0
3886,8,10,9.0
3886,8,10,9.0
3886,8,10,9.0
3886,8,10,9.0
3886,8,10,9.0
3886,8,10,9.0
3886,8,10,9.0
3886,8,10,9.0
3886,8,10,9.0
3886,8,10,9.0
3887,8,10,9.0
3887,8,10,9.0
3887,8,10,9.0
3887,8,10,9.0
3887,8,10,9.0
3887,8,10,9.0
3887,8,10,9.0
3887,8,10,9.0
3887,8,10,9.0
3887,8,10,9.0
3887,8,10,9.0
3887,8,10,9.0
3887,8,10,9.0
3887,8,10,9.0
3887,8,10,9.0
3888,8,10,9.0
3888,8,10,9.0
3888,8,10,9.0
3888,8,10,9.0
3888,8,10,9.0
3888,8,10,9.0
3888,8,10,9.0
3888,8,10,9.0
3888,8,10,9.0
3888,8,10,9.0
3888,8,10,9.0
3888,8,10,9.0
3888,8,10,9.0
3888,8,10,9.0
3888,8,10,9.0
3888,8,10,9.0
3888,8,10,9.0
3888,8,10,9.0
3888,8,10,9.0
3888,8,10,9.0
3888,8,10,9.0
3888,8,10,9.0
3888,8,10,9.0
3888,8,10,9.0
3888,8,10,9.0
3888,8,10,9.0
3888,8,10,9.0
3888,8,10,9.0
3888,8,10,9.0
3888,8,10,9.0
3888,8,10,9.0
3888,8,10,9.0
3888,8,10,9.0
3888,8,10,9.0
3888,8,10,9.0
3888,8,10,9.0
3888,8,10,9.0
3889,8,9,8.5
3889,8,9,8.5
3889,8,9,8.5
3889,8,9,8.5
3889,8,9,8.5
3889,8,9,8.5
3889,8,9,8.5
3889,8,9,8.5
3889,8,9,8.5
3889,8,9,8.5
3889,8,9,8.5
3889,8,9,8.5
3889,8,9,8.5
3889,8,10,9.0
3889,8,10,9.0
3889,8,10,9.0
3889,8,10,9.0
3889,8,10,9.0
3889,8,10,9.0
3889,8,10,9.0
3889,8,9,8.5
3889,8,9,8.5
3889,8,9,8.5
3889,8,9,8.5
3889,8,9,8.5
3889,8,9,8.5
3890,8,9,8.5
3890,8,9,8.5
3890,8,9,8.5
3890,8,9,8.5
3890,8,9,8.5
3890,8,9,8.5
3890,8,9,8.5
3890,8,9,8.5
3890,8,9,8.5
3890,8,9,8.5
3890,8,9,8.5
3890,8,9,8.5
3890,8,9,8.5
3890,8,9,8.5
3890,8,9,8.5
3890,8,9,8.5
3890,8,9,8.5
3890,8,9,8.5
3891,8,9,8.5
3891,8,9,8.5
3891,8,9,8.5
3891,8,9,8.5
3891,8,9,8.5
3891,8,9,8.5
3891,8,9,8.5
3891,8,9,8.5
3891,8,9,8.5
3891,8,9,8.5
3892,8,9,8.5
3892,8,9,8.5
3892,8,9,8.5
3892,8,9,8.5
3892,8,9,8.5
3892,8,9,8.5
3892,8,9,8.5
3892,8,9,8.5
3893,8,9,8.5
3893,8,9,8.5
3893,8,9,8.5
3893,8,9,8.5
3893,8,9,8.5
3893,8,9,8.5
3893,8,9,8.5
3893,8,9,8.5
3893,8,9,8.5
3894,8,9,8.5
3894,8,9,8.5
3894,8,9,8.5
3894,8,9,8.5
3894,8,9,8.5
3895,8,9,8.5
3895,8,9,8.5
3895,8,9,8.5
3895,8,9,8.5
3895,8,9,8.5
3895,8,9,8.5
3895,8,9,8.5
3895,8,9,8.5
3895,8,9,8.5
3895,8,9,8.5
3895,8,9,8.5
3896,8,9,8.5
3896,8,9,8.5
3896,8,9,8.5
3897,8,9,8.5
3897,8,9,8.5
3897,8,9,8.5
3898,8,9,8.5
3898,8,9,8.5
3898,8,9,8.5
3898,8,9,8.5
3898,8,9,8.5
3898,8,9,8.5
3898,8,9,8.5
3898,8,9,8.5
3899,8,9,8.5
3899,8,9,8.5
3899,8,9,8.5
3899,8,9,8.5
3899,8,9,8.5
3899,8,9,8.5
3900,8,9,8.5
3901,8,9,8.5
3901,8,9,8.5
3901,8,9,8.5
3901,8,9,8.5
3901,8,9,8.5
3902,8,9,8.5
3903,8,9,8.5
3903,8,9,8.5
3903,8,9,8.5
3904,8,9,8.5
3904,8,9,8.5
3904,8,9,8.5
3904,8,9,8.5
3904,8,9,8.5
3904,8,9,8.5
3904,8,9,8.5
3905,8,9,8.5
3906,8,9,8.5
3907,8,9,8.5
3907,8,9,8.5
3907,8,9,8.5
3908,8,9,8.5
3908,8,9,8.5
3909,8,9,8.5
3909,8,9,8.5
3909,8,9,8.5
3910,8,9,8.5
3911,8,9,8.5
3912,8,9,8.5
3912,8,9,8.5
3913,8,9,8.5
3913,8,9,8.5
3913,8,9,8.5
3913,8,9,8.5
3913,8,9,8.5
3913,8,9,8.5
3913,8,9,8.5
3913,8,9,8.5
3913,8,9,8.5
3913,8,9,8.5
3913,8,9,8.5
3913,8,9,8.5
3913,8,9,8.5
3913,8,9,8.5
3913,8,9,8.5
3913,8,9,8.5
3913,8,9,8.5
3913,8,9,8.5
3913,8,9,8.5
3913,8,9,8.5
3913,8,9,8.5
3913,8,9,8.5
3913,8,9,8.5
3913,8,9,8.5
3913,8,9,8.5
3913,8,9,8.5
3913,8,9,8.5
3913,8,9,8.5
3913,8,9,8.5
3913,8,9,8.5
3913,8,9,8.5
3913,8,9,8.5
3913,8,9,8.5
3913,8,9,8.5
3913,8,9,8.5
3913,8,9,8.5
3913,8,9,8.5
3913,8,9,8.5
3913,8,9,8.5
3913,8,9,8.5
3913,8,9,8.5
3913,8,9,8.5
3913,8,9,8.5
3913,8,9,8.5
3913,8,9,8.5
3913,8,9,8.5
3913,8,9,8.5
3914,8,9,8.5
3914,8,9,8.5
3914,8,9,8.5
3914,8,9,8.5
3914,8,9,8.5
3914,8,9,8.5
3914,8,9,8.5
3914,8,9,8.5
3914,8,9,8.5
3914,8,9,8.5
3915,8,9,8.5
3915,8,9,8.5
3915,8,9,8.5
3915,8,9,8.5
3915,8,9,8.5
3915,8,9,8.5
3916,8,9,8.5
3916,8,9,8.5
3916,8,9,8.5
3916,8,9,8.5
3917,8,9,8.5
3917,8,9,8.5
3917,8,9,8.5
3917,8,9,8.5
3917,8,9,8.5
3917,8,9,8.5
3917,8,9,8.5
3918,8,9,8.5
3918,8,9,8.5
3918,8,9,8.5
3918,8,9,8.5
3918,8,9,8.5
3918,8,9,8.5
3918,8,9,8.5
3918,8,9,8.5
3918,8,9,8.5
3918,8,9,8.5
3918,8,9,8.5
3918,8,9,8.5
3918,8,9,8.5
3918,8,9,8.5
3918,8,9,8.5
3918,8,9,8.5
3918,8,9,8.5
3918,8,9,8.5
3918,8,9,8.5
3918,8,9,8.5
3918,8,9,8.5
3918,8,9,8.5
3918,8,9,8.5
3918,8,9,8.5
3918,8,9,8.5
3918,8,9,8.5
3918,8,9,8.5
3918,8,9,8.5
3918,8,9,8.5
3918,8,9,8.5
3919,8,9,8.5
3919,8,9,8.5
3919,8,9,8.5
3919,8,9,8.5
3919,8,9,8.5
3919,8,9,8.5
3919,8,9,8.5
3919,8,9,8.5
3919,8,9,8.5
3919,8,9,8.5
3919,8,9,8.5
3919,8,9,8.5
3919,8,9,8.5
3919,8,9,8.5
3919,8,9,8.5
3919,8,9,8.5
3919,8,9,8.5
3919,8,9,8.5
3919,8,9,8.5
3919,8,9,8.5
3919,8,9,8.5
3919,8,9,8.5
3919,8,9,8.5
3919,8,9,8.5
3919,8,9,8.5
3919,8,9,8.5
3920,8,9,8.5
3920,8,9,8.5
3920,8,9,8.5
3920,8,9,8.5
3920,8,9,8.5
3921,8,9,8.5
3921,8,9,8.5
3921,8,9,8.5
3921,8,9,8.5
3921,8,9,8.5
3921,8,9,8.5
3921,8,9,8.5
3921,8,9,8.5
3922,8,9,8.5
3922,8,9,8.5
3922,8,9,8.5
3922,8,9,8.5
3922,8,9,8.5
3922,8,9,8.5
3922,8,9,8.5
3922,8,9,8.5
3922,8,9,8.5
3922,8,9,8.5
3922,8,9,8.5
3922,8,9,8.5
3922,8,9,8.5
3923,8,9,8.5
3923,8,9,8.5
3923,8,9,8.5
3923,8,9,8.5
3923,8,9,8.5
3923,8,9,8.5
3923,8,9,8.5
3923,8,9,8.5
3924,8,9,8.5
3924,8,9,8.5
3924,8,9,8.5
3924,8,9,8.5
3924,8,9,8.5
3924,8,9,8.5
3924,8,9,8.5
3924,8,9,8.5
3924,8,9,8.5
3924,8,9,8.5
3924,8,9,8.5
3924,8,9,8.5
3924,8,9,8.5
3924,8,9,8.5
3924,8,9,8.5
3924,8,9,8.5
3924,8,9,8.5
3924,8,9,8.5
3924,8,9,8.5
3924,8,9,8.5
3924,8,9,8.5
3924,8,9,8.5
3924,8,9,8.5
3924,8,9,8.5
3924,8,9,8.5
3924,8,9,8.5
3924,8,9,8.5
3924,8,9,8.5
3924,8,9,8.5
3924,8,9,8.5
3924,8,9,8.5
3924,8,9,8.5
3924,8,9,8.5
3924,8,9,8.5
3924,8,9,8.5
3924,8,9,8.5
3924,8,9,8.5
3924,8,9,8.5
3924,8,9,8.5
3925,8,9,8.5
3925,8,9,8.5
3925,8,9,8.5
3925,8,9,8.5
3925,8,9,8.5
3925,8,9,8.5
3925,8,9,8.5
3925,8,9,8.5
3925,8,9,8.5
3925,8,9,8.5
3925,8,9,8.5
3926,8,9,8.5
3926,8,9,8.5
3926,8,9,8.5
3927,8,9,8.5
3927,8,9,8.5
3927,8,9,8.5
3927,8,9,8.5
3927,8,9,8.5
3928,8,9,8.5
3928,8,9,8.5
3928,8,9,8.5
3928,8,10,9.0
3928,8,10,9.0
3928,8,10,9.0
3928,8,11,9.5
3928,8,13,10.5
3928,8,14,11.0
3928,8,17,12.5
3928,8,17,12.5
3928,8,17,12.5
3928,8,19,13.5
3928,8,19,13.5
3928,8,19,13.5
3928,8,10,9.0
3928,8,10,9.0
3928,8,12,10.0
3928,8,12,10.0
3928,8,12,10.0
3928,8,12,10.0
3928,8,12,10.0
3928,8,12,10.0
3928,8,12,10.0
3928,8,12,10.0
3928,8,12,10.0
3928,8,12,10.0
3928,8,12,10.0
3928,8,12,10.0
3928,8,12,10.0
3928,8,12,10.0
3928,8,12,10.0
3928,8,12,10.0
3928,8,12,10.0
3928,8,12,10.0
3928,8,18,13.0
3928,8,18,13.0
3928,8,18,13.0
3928,8,18,13.0
3928,8,18,13.0
3928,8,18,13.0
3928,8,18,13.0
3928,8,18,13.0
3928,8,17,12.5
3928,8,17,12.5
3928,8,17,12.5
3928,8,17,12.5
3928,8,17,12.5
3928,8,17,12.5
3928,8,17,12.5
3928,8,17,12.5
3928,8,17,12.5
3928,8,17,12.5
3928,8,17,12.5
3928,8,17,12.5
3928,8,17,12.5
3928,8,17,12.5
3928,8,17,12.5
3928,8,17,12.5
3928,8,17,12.5
3928,8,17,12.5
3929,8,17,12.5
3929,8,17,12.5
3929,8,17,12.5
3929,8,17,12.5
3929,8,17,12.5
3929,8,17,12.5
3929,9,17,13.0
3929,9,17,13.0
3929,9,17,13.0
3929,9,17,13.0
3929,9,17,13.0
3929,9,17,13.0
3929,9,17,13.0
3929,9,17,13.0
3929,9,17,13.0
3929,9,17,13.0
3929,9,17,13.0
3929,9,17,13.0
3929,9,17,13.0
3929,9,17,13.0
3929,9,16,12.5
3929,9,16,12.5
3929,9,16,12.5
3929,8,16,12.0
3929,8,16,12.0
3929,8,16,12.0
3929,8,16,12.0
3929,8,16,12.0
3929,8,16,12.0
3929,8,16,12.0
3929,8,16,12.0
3929,8,16,12.0
3929,8,16,12.0
3929,8,16,12.0
3929,8,16,12.0
3929,8,16,12.0
3929,8,16,12.0
3929,8,16,12.0
3929,8,16,12.0
3929,8,16,12.0
3929,8,16,12.0
3929,8,16,12.0
3929,8,16,12.0
3929,8,16,12.0
3929,8,16,12.0
3929,8,16,12.0
3929,8,16,12.0
3930,8,16,12.0
3930,8,16,12.0
3930,8,16,12.0
3930,8,16,12.0
3930,8,16,12.0
3930,8,16,12.0
3930,8,15,11.5
3930,8,15,11.5
3930,8,15,11.5
3930,8,15,11.5
3930,8,15,11.5
3930,8,15,11.5
3930,7,15,11.0
3930,7,15,11.0
3930,7,15,11.0
3930,7,15,11.0
3930,7,15,11.0
3930,7,15,11.0
3930,7,15,11.0
3930,7,15,11.0
3930,7,14,10.5
3930,7,14,10.5
3930,7,14,10.5
3930,7,14,10.5
3930,7,14,10.5
3930,7,14,10.5
3930,7,14,10.5
3930,7,14,10.5
3930,7,14,10.5
3930,7,14,10.5
3930,7,14,10.5
3930,7,14,10.5
3930,7,14,10.5
3930,7,14,10.5
3930,7,14,10.5
3930,7,13,10.0
3930,7,13,10.0
3930,7,13,10.0
3930,7,12,9.5
3930,7,12,9.5
3930,7,12,9.5
3930,7,12,9.5
3930,7,12,9.5
3930,7,11,9.0
3930,7,10,8.5
3930,7,10,8.5
3930,7,10,8.5
3930,7,10,8.5
3930,7,10,8.5
3930,7,10,8.5
3930,7,10,8.5
3930,7,10,8.5
3930,7,10,8.5
3930,7,10,8.5
3930,7,10,8.5
3930,7,10,8.5
3930,7,9,8.0
3930,7,9,8.0
3930,7,9,8.0
3930,7,9,8.0
3930,7,9,8.0
3930,7,9,8.0
3930,7,9,8.0
3930,7,9,8.0
3930,7,9,8.0
3930,7,9,8.0
3931,7,9,8.0
3931,7,8,7.5
3931,7,8,7.5
3931,7,8,7.5
3931,7,8,7.5
3931,7,8,7.5
3931,7,8,7.5
3931,7,8,7.5
3931,7,8,7.5
3931,7,8,7.5
3931,7,8,7.5
3931,7,8,7.5
3931,7,8,7.5
3931,7,8,7.5
3931,7,8,7.5
3931,7,8,7.5
3931,7,8,7.5
3931,7,8,7.5
3931,7,8,7.5
3931,7,8,7.5
3931,7,8,7.5
3931,7,8,7.5
3931,7,8,7.5
3931,7,8,7.5
3931,7,8,7.5
3931,7,8,7.5
3931,7,8,7.5
3931,7,8,7.5
3931,7,8,7.5
3931,7,8,7.5
3931,7,8,7.5
3932,7,8,7.5
3932,7,8,7.5
3932,7,8,7.5
3932,7,8,7.5
3932,7,8,7.5
3932,7,8,7.5
3932,7,8,7.5
3932,7,8,7.5
3932,7,8,7.5
3932,7,8,7.5
3932,7,8,7.5
3932,7,8,7.5
3932,7,8,7.5
3932,7,8,7.5
3932,7,8,7.5
3932,7,8,7.5
3932,7,8,7.5
3932,7,8,7.5
3932,7,8,7.5
3932,7,8,7.5
3932,7,8,7.5
3932,7,8,7.5
3932,7,8,7.5
3932,7,8,7.5
3932,7,8,7.5
3932,7,8,7.5
3932,7,8,7.5
3932,7,8,7.5
3932,7,8,7.5
3932,7,8,7.5
3932,7,8,7.5
3932,7,8,7.5
3932,7,8,7.5
3932,7,8,7.5
3933,7,8,7.5
3933,7,8,7.5
3933,7,8,7.5
3933,7,8,7.5
3933,7,8,7.5
3933,7,8,7.5
3933,7,8,7.5
3934,7,8,7.5
3934,7,8,7.5
3934,7,8,7.5
3935,7,8,7.5
3935,7,8,7.5
3935,7,8,7.5
3935,7,8,7.5
3935,7,8,7.5
3935,7,8,7.5
3935,7,8,7.5
3935,7,8,7.5
3936,7,8,7.5
3936,7,8,7.5
3936,7,8,7.5
3937,7,8,7.5
3937,7,8,7.5
3937,7,8,7.5
3937,7,8,7.5
3938,7,8,7.5
3938,7,8,7.5
3938,7,8,7.5
3938,7,8,7.5
3938,7,8,7.5
3939,7,8,7.5
3939,7,8,7.5
3939,7,8,7.5
3939,7,8,7.5
3939,7,8,7.5
3939,7,8,7.5
3939,7,8,7.5
3940,7,8,7.5
3940,7,8,7.5
3940,7,8,7.5
3940,7,8,7.5
3940,7,8,7.5
3940,7,8,7.5
3940,7,8,7.5
3940,7,8,7.5
3940,7,8,7.5
3940,7,8,7.5
3940,7,8,7.5
3940,7,8,7.5
3940,7,8,7.5
3940,7,8,7.5
3940,7,8,7.5
3941,7,8,7.5
3941,7,8,7.5
3942,7,8,7.5
3942,7,8,7.5
3942,7,8,7.5
3942,7,8,7.5
3942,7,8,7.5
3942,7,8,7.5
3942,7,8,7.5
3942,7,8,7.5
3942,7,8,7.5
3943,7,8,7.5
3943,7,8,7.5
3943,7,8,7.5
3943,7,8,7.5
3944,7,8,7.5
3944,7,8,7.5
3944,7,8,7.5
3944,7,8,7.5
3944,7,8,7.5
3944,7,8,7.5
3945,7,8,7.5
3945,7,8,7.5
3945,7,8,7.5
3945,7,8,7.5
3945,7,8,7.5
3945,7,8,7.5
3945,7,8,7.5
3945,7,8,7.5
3945,7,8,7.5
3945,7,8,7.5
3945,7,8,7.5
3945,7,8,7.5
3945,7,8,7.5
3945,7,8,7.5
3945,7,8,7.5
3945,7,8,7.5
3945,7,8,7.5
3945,7,8,7.5
3945,7,8,7.5
3945,7,8,7.5
3945,7,8,7.5
3945,7,8,7.5
3945,7,8,7.5
3945,7,8,7.5
3945,7,8,7.5
3945,7,8,7.5
3945,7,8,7.5
3945,7,8,7.5
3945,7,8,7.5
3945,7,8,7.5
3945,7,8,7.5
3945,7,8,7.5
3945,7,8,7.5
3945,7,8,7.5
3945,7,8,7.5
3945,7,8,7.5
3945,7,8,7.5
3945,7,8,7.5
3946,7,8,7.5
3946,7,8,7.5
3946,7,8,7.5
3946,7,8,7.5
3946,7,8,7.5
3946,7,8,7.5
3946,7,8,7.5
3946,7,8,7.5
3946,7,8,7.5
3946,7,8,7.5
3946,7,8,7.5
3946,7,8,7.5
3946,7,8,7.5
3946,7,8,7.5
3946,7,8,7.5
3946,7,8,7.5
3946,7,8,7.5
3946,7,8,7.5
3946,7,8,7.5
3946,7,8,7.5
3946,7,8,7.5
3946,7,8,7.5
3946,7,8,7.5
3946,7,8,7.5
3946,7,8,7.5
3946,7,8,7.5
3946,7,8,7.5
3946,7,8,7.5
3946,7,8,7.5
3946,7,8,7.5
3946,7,8,7.5
3946,7,8,7.5
3946,7,8,7.5
3946,7,8,7.5
3946,7,8,7.5
3946,7,8,7.5
3946,7,8,7.5
3946,7,8,7.5
3946,7,8,7.5
3946,7,8,7.5
3946,7,8,7.5
3946,7,8,7.5
3946,7,8,7.5
3946,7,8,7.5
3946,7,8,7.5
3946,7,8,7.5
3946,7,8,7.5
3946,7,8,7.5
3946,7,8,7.5
3946,7,8,7.5
3946,7,8,7.5
3946,7,8,7.5
3946,7,8,7.5
3946,7,8,7.5
3946,7,8,7.5
3946,7,8,7.5
3946,7,8,7.5
3946,7,8,7.5
3947,7,8,7.5
3947,7,8,7.5
3947,7,8,7.5
3947,7,8,7.5
3947,7,8,7.5
3947,7,8,7.5
3947,7,8,7.5
3947,7,8,7.5
3947,7,8,7.5
3947,7,8,7.5
3947,7,8,7.5
3947,7,8,7.5
3947,7,8,7.5
3947,7,8,7.5
3947,7,8,7.5
3948,7,8,7.5
3948,7,8,7.5
3948,7,8,7.5
3948,7,8,7.5
3948,7,8,7.5
3948,7,8,7.5
3949,7,8,7.5
3949,7,8,7.5
3949,7,8,7.5
3949,7,8,7.5
3950,7,8,7.5
3950,7,8,7.5
3950,7,8,7.5
3951,7,8,7.5
3951,7,8,7.5
3951,7,8,7.5
3952,7,8,7.5
3952,7,8,7.5
3952,7,8,7.5
3952,7,8,7.5
3952,7,8,7.5
3952,7,8,7.5
3952,7,8,7.5
3952,7,8,7.5
3952,7,8,7.5
3952,7,8,7.5
3952,7,8,7.5
3952,7,8,7.5
3952,7,8,7.5
3952,7,8,7.5
3952,7,8,7.5
3952,7,8,7.5
3953,7,8,7.5
3953,7,8,7.5
3953,7,8,7.5
3953,7,8,7.5
3953,7,8,7.5
3953,7,8,7.5
3953,7,8,7.5
3953,7,8,7.5
3953,6,8,7.0
3953,6,8,7.0
3953,5,8,6.5
3953,5,8,6.5
3953,5,8,6.5
3953,5,7,6.0
3953,5,7,6.0
3953,5,7,6.0
3953,5,7,6.0
3953,5,7,6.0
3953,5,7,6.0
3953,5,7,6.0
3953,5,7,6.0
3953,5,7,6.0
3953,5,7,6.0
3953,5,7,6.0
3953,5,7,6.0
3953,5,7,6.0
3953,5,7,6.0
3953,5,7,6.0
3953,5,7,6.0
3953,5,7,6.0
3953,5,7,6.0
3953,5,7,6.0
3953,5,7,6.0
3953,5,7,6.0
3953,5,7,6.0
3953,5,7,6.0
3953,5,7,6.0
3953,5,7,6.0
3954,5,7,6.0
3954,5,7,6.0
3954,5,7,6.0
3954,5,7,6.0
3954,5,7,6.0
3954,5,7,6.0
3954,5,7,6.0
3954,5,7,6.0
3954,5,7,6.0
3954,5,7,6.0
3954,5,7,6.0
3954,5,7,6.0
3954,5,7,6.0
3954,5,7,6.0
3954,5,7,6.0
3955,5,7,6.0
3955,5,7,6.0
3955,5,7,6.0
3955,5,7,6.0
3955,5,7,6.0
3955,5,7,6.0
3955,5,7,6.0
3955,5,7,6.0
3955,5,7,6.0
3955,5,7,6.0
3955,5,7,6.0
3955,5,7,6.0
3955,5,7,6.0
3955,5,7,6.0
3955,5,7,6.0
3955,5,7,6.0
3955,5,7,6.0
3955,5,7,6.0
3955,5,7,6.0
3955,5,7,6.0
3955,5,7,6.0
3955,5,7,6.0
3955,5,7,6.0
3955,5,7,6.0
3955,5,7,6.0
3955,5,7,6.0
3956,5,8,6.5
3956,5,8,6.5
3956,5,8,6.5
3956,5,8,6.5
3956,5,8,6.5
3956,5,8,6.5
3956,5,8,6.5
3956,5,8,6.5
3956,5,8,6.5
3956,5,8,6.5
3956,5,8,6.5
3956,5,8,6.5
3956,5,8,6.5
3956,5,8,6.5
3956,5,8,6.5
3956,5,8,6.5
3956,5,8,6.5
3956,5,8,6.5
3956,5,8,6.5
3956,5,8,6.5
3956,5,8,6.5
3956,5,8,6.5
3956,5,8,6.5
3956,5,8,6.5
3956,5,8,6.5
3956,5,8,6.5
3956,5,8,6.5
3956,5,8,6.5
3956,5,8,6.5
3956,5,8,6.5
3957,5,8,6.5
3957,5,8,6.5
3957,5,8,6.5
3957,5,8,6.5
3957,5,8,6.5
3957,5,8,6.5
3957,5,8,6.5
3957,5,8,6.5
3957,5,8,6.5
3957,5,8,6.5
3957,5,8,6.5
3957,5,8,6.5
3957,5,8,6.5
3957,5,8,6.5
3957,5,8,6.5
3957,5,8,6.5
3957,5,8,6.5
3958,5,8,6.5
3958,5,8,6.5
3958,5,8,6.5
3958,5,8,6.5
3959,5,8,6.5
3959,5,8,6.5
3959,5,8,6.5
3959,5,8,6.5
3959,5,8,6.5
3959,5,8,6.5
3959,5,8,6.5
3960,5,8,6.5
3960,5,8,6.5
3960,5,8,6.5
3960,5,8,6.5
3960,5,8,6.5
3960,5,8,6.5
3960,5,8,6.5
3960,5,8,6.5
3960,5,8,6.5
3960,5,8,6.5
3961,5,8,6.5
3961,5,8,6.5
3961,5,8,6.5
3961,5,8,6.5
3961,5,8,6.5
3961,5,8,6.5
3961,5,8,6.5
3961,5,8,6.5
3961,5,8,6.5
3961,5,8,6.5
3961,5,8,6.5
3961,5,8,6.5
3961,5,8,6.5
3961,5,8,6.5
3962,5,8,6.5
3962,5,8,6.5
3962,5,8,6.5
3962,5,8,6.5
3962,5,8,6.5
3962,5,8,6.5
3962,5,8,6.5
3962,5,8,6.5
3962,5,8,6.5
3962,5,8,6.5
3962,5,8,6.5
3962,5,8,6.5
3963,5,8,6.5
3963,5,6,5.5
3963,5,6,5.5
3963,5,6,5.5
3963,5,6,5.5
3963,5,6,5.5
3963,5,6,5.5
3963,5,6,5.5
3963,5,6,5.5
3963,5,6,5.5
3963,5,6,5.5
3963,5,6,5.5
3963,5,6,5.5
3963,5,6,5.5
3963,5,6,5.5
3963,5,6,5.5
3963,5,6,5.5
3963,5,6,5.5
3963,5,6,5.5
3963,5,6,5.5
3963,5,6,5.5
3963,5,6,5.5
3963,5,6,5.5
3963,5,6,5.5
3963,5,6,5.5
3963,5,6,5.5
3963,5,6,5.5
3963,5,6,5.5
3963,5,6,5.5
3963,5,6,5.5
3963,5,6,5.5
3963,5,6,5.5
3963,5,6,5.5
3963,5,6,5.5
3963,5,6,5.5
3963,5,6,5.5
3963,5,6,5.5
3963,5,6,5.5
3964,5,6,5.5
3964,5,6,5.5
3964,5,6,5.5
3964,5,6,5.5
3964,5,6,5.5
3964,5,6,5.5
3964,5,6,5.5
3964,5,6,5.5
3964,5,6,5.5
3964,5,6,5.5
3964,5,6,5.5
3965,5,6,5.5
3965,5,6,5.5
3965,5,6,5.5
3965,5,6,5.5
3965,5,6,5.5
3965,5,6,5.5
3965,5,6,5.5
3965,5,6,5.5
3965,5,6,5.5
3965,5,6,5.5
3966,5,6,5.5
3966,5,6,5.5
3967,5,6,5.5
3967,5,6,5.5
3967,5,6,5.5
3967,5,6,5.5
3968,5,6,5.5
3968,5,6,5.5
3968,5,6,5.5
3968,5,6,5.5
3969,5,6,5.5
3969,5,6,5.5
3969,5,6,5.5
3969,5,6,5.5
3969,5,6,5.5
3970,5,6,5.5
3970,5,6,5.5
3970,5,6,5.5
3970,5,6,5.5
3970,5,6,5.5
3970,5,6,5.5
3970,5,6,5.5
3971,5,6,5.5
3971,5,6,5.5
3971,5,6,5.5
3972,5,6,5.5
3972,5,6,5.5
3972,5,6,5.5
3973,5,6,5.5
3974,5,6,5.5
3974,5,6,5.5
3974,5,6,5.5
3974,5,6,5.5
3975,5,6,5.5
3976,5,6,5.5
3976,5,6,5.5
3976,5,6,5.5
3976,5,6,5.5
3976,5,6,5.5
3976,5,6,5.5
3976,5,6,5.5
3976,5,6,5.5
3976,5,6,5.5
3976,5,6,5.5
3976,5,6,5.5
3976,5,6,5.5
3976,5,6,5.5
3977,5,6,5.5
3977,5,6,5.5
3977,5,6,5.5
3977,5,6,5.5
3977,5,6,5.5
3977,5,6,5.5
3977,5,6,5.5
3977,5,6,5.5
3977,5,6,5.5
3977,5,6,5.5
3977,5,6,5.5
3977,5,6,5.5
3977,5,6,5.5
3977,5,6,5.5
3977,5,6,5.5
3977,5,6,5.5
3977,5,6,5.5
3977,5,6,5.5
3977,5,6,5.5
3977,5,6,5.5
3977,5,6,5.5
3977,5,6,5.5
3977,5,6,5.5
3977,5,6,5.5
3977,5,6,5.5
3978,5,6,5.5
3978,5,6,5.5
3978,5,6,5.5
3978,5,6,5.5
3978,5,6,5.5
3979,5,6,5.5
3979,5,6,5.5
3979,5,6,5.5
3979,5,6,5.5
3979,5,6,5.5
3979,5,6,5.5
3979,5,6,5.5
3979,5,6,5.5
3980,5,6,5.5
3980,5,6,5.5
3980,5,6,5.5
3980,5,6,5.5
3980,5,6,5.5
3980,5,6,5.5
3980,5,6,5.5
3980,5,6,5.5
3980,5,6,5.5
3980,5,6,5.5
3981,5,6,5.5
3981,5,6,5.5
3981,5,6,5.5
3981,5,6,5.5
3981,5,6,5.5
3981,5,6,5.5
3982,5,6,5.5
3982,5,6,5.5
3983,5,6,5.5
3983,5,6,5.5
3983,5,6,5.5
3983,5,6,5.5
3983,5,6,5.5
3984,5,6,5.5
3984,5,6,5.5
3984,5,6,5.5
3984,5,6,5.5
3984,5,6,5.5
3985,5,6,5.5
3985,5,6,5.5
3985,5,6,5.5
3986,5,6,5.5
3986,5,6,5.5
3986,5,6,5.5
3986,5,6,5.5
3986,5,7,6.0
3986,5,7,6.0
3986,5,7,6.0
3988,5,7,6.0
3988,5,7,6.0
3989,5,7,6.0
3989,5,7,6.0
3991,5,7,6.0
3991,5,7,6.0
3991,5,7,6.0
3991,5,7,6.0
3991,5,7,6.0
3991,5,7,6.0
3991,5,7,6.0
3991,5,7,6.0
3991,5,7,6.0
3991,5,7,6.0
3991,5,7,6.0
3991,5,7,6.0
3991,5,7,6.0
3991,5,7,6.0
3991,5,7,6.0
3991,5,7,6.0
3991,5,7,6.0
3991,5,7,6.0
3991,5,7,6.0
3991,5,7,6.0
3991,5,7,6.0
3991,5,7,6.0
3991,5,7,6.0
3991,5,7,6.0
3991,5,7,6.0
3991,5,7,6.0
3992,5,7,6.0
3994,5,7,6.0
3995,5,7,6.0
3995,5,7,6.0
3996,5,7,6.0
3996,5,7,6.0
3996,5,7,6.0
3996,5,7,6.0
3996,5,7,6.0
3996,5,7,6.0
3996,5,7,6.0
3997,5,7,6.0
3997,5,7,6.0
3997,5,7,6.0
3997,5,7,6.0
3997,5,7,6.0
3997,5,7,6.0
3997,5,7,6.0
3998,5,7,6.0
3998,5,7,6.0
3998,5,7,6.0
3999,5,7,6.0
3999,5,7,6.0
3999,5,7,6.0
3999,5,7,6.0
3999,5,7,6.0
3999,5,7,6.0
3999,5,7,6.0
4000,5,7,6.0
4000,5,7,6.0
4000,5,7,6.0
4000,4,7,5.5
4000,4,7,5.5
4000,4,7,5.5
4000,4,7,5.5
4000,4,7,5.5
4000,4,7,5.5
4000,4,7,5.5
4000,4,7,5.5
4000,4,7,5.5
4000,4,7,5.5
4000,4,7,5.5
4000,4,7,5.5
4000,4,7,5.5
4000,4,7,5.5
4000,4,7,5.5
4000,4,7,5.5
4000,4,7,5.5
4000,4,7,5.5
4000,4,7,5.5
4001,4,7,5.5
4001,4,7,5.5
4001,4,7,5.5
4001,4,7,5.5
4001,4,7,5.5
4001,4,7,5.5
4002,4,7,5.5
4002,4,7,5.5
4002,4,7,5.5
4002,4,7,5.5
4003,4,7,5.5
4003,4,7,5.5
4003,4,7,5.5
4003,4,7,5.5
4003,5,7,6.0
4003,5,7,6.0
4003,5,7,6.0
4004,5,7,6.0
4004,5,7,6.0
4004,5,7,6.0
4004,5,7,6.0
4004,5,7,6.0
4004,5,7,6.0
4004,5,7,6.0
4006,5,7,6.0
4006,5,7,6.0
4006,5,7,6.0
4006,5,7,6.0
4006,5,7,6.0
4007,5,7,6.0
4007,5,7,6.0
4007,5,7,6.0
4007,5,7,6.0
4009,5,7,6.0
4009,5,7,6.0
4009,5,7,6.0
4009,5,7,6.0
4009,5,7,6.0
4009,5,7,6.0
4010,5,7,6.0
4010,4,7,5.5
4010,4,7,5.5
4010,4,7,5.5
4010,4,7,5.5
4010,4,7,5.5
4011,4,7,5.5
4011,4,7,5.5
4011,4,7,5.5
4011,4,7,5.5
4012,4,7,5.5
4012,4,7,5.5
4013,4,7,5.5
4013,4,7,5.5
4013,4,7,5.5
4014,4,7,5.5
4014,4,7,5.5
4015,4,7,5.5
4015,4,7,5.5
4015,4,7,5.5
4015,4,7,5.5
4015,4,7,5.5
4015,4,7,5.5
4015,4,7,5.5
4015,4,7,5.5
4015,4,7,5.5
4015,4,7,5.5
4015,4,7,5.5
4015,4,7,5.5
4015,4,7,5.5
4015,4,7,5.5
4015,4,7,5.5
4015,4,7,5.5
4015,5,7,6.0
4016,5,7,6.0
4016,5,7,6.0
4016,5,7,6.0
4016,5,7,6.0
4016,5,7,6.0
4016,5,7,6.0
4016,5,7,6.0
4016,5,7,6.0
4016,5,7,6.0
4016,5,7,6.0
4016,5,7,6.0
4016,5,7,6.0
4017,5,7,6.0
4017,5,7,6.0
4017,5,7,6.0
4017,5,7,6.0
4018,5,7,6.0
4018,5,7,6.0
4018,5,7,6.0
4018,5,7,6.0
4018,5,7,6.0
4018,5,7,6.0
4018,5,7,6.0
4018,5,7,6.0
4018,5,7,6.0
4018,5,7,6.0
4019,5,7,6.0
4019,5,7,6.0
4019,5,7,6.0
4019,5,7,6.0
4019,5,7,6.0
4019,6,7,6.5
4020,6,7,6.5
4020,6,7,6.5
4020,6,7,6.5
4020,6,7,6.5
4021,6,7,6.5
4021,6,7,6.5
4021,6,7,6.5
4021,6,7,6.5
4021,6,7,6.5
4021,6,7,6.5
4022,6,7,6.5
4022,6,7,6.5
4022,6,7,6.5
4022,6,7,6.5
4022,6,7,6.5
4022,6,7,6.5
4022,6,7,6.5
4022,6,7,6.5
4022,6,7,6.5
4022,6,7,6.5
4022,6,7,6.5
4022,6,7,6.5
4023,6,7,6.5
4023,6,7,6.5
4023,6,7,6.5
4023,6,7,6.5
4023,6,7,6.5
4023,6,7,6.5
4023,6,7,6.5
4023,6,7,6.5
4023,6,7,6.5
4023,6,7,6.5
4023,6,7,6.5
4023,6,7,6.5
4024,6,7,6.5
4024,6,7,6.5
4024,6,7,6.5
4024,6,7,6.5
4024,6,7,6.5
4024,6,7,6.5
4024,6,7,6.5
4024,6,7,6.5
4024,6,7,6.5
4024,6,7,6.5
4024,6,7,6.5
4024,6,7,6.5
4024,6,7,6.5
4024,6,7,6.5
4024,6,7,6.5
4025,6,7,6.5
4025,6,7,6.5
4026,6,7,6.5
4026,6,7,6.5
4026,6,7,6.5
4026,6,7,6.5
4027,6,7,6.5
4027,6,7,6.5
4027,6,7,6.5
4027,6,7,6.5
4027,6,7,6.5
4027,6,7,6.5
4027,6,7,6.5
4027,6,7,6.5
4027,6,7,6.5
4027,6,7,6.5
4027,6,7,6.5
4028,6,7,6.5
4028,6,7,6.5
4028,6,7,6.5
4028,6,7,6.5
4028,6,7,6.5
4029,6,7,6.5
4029,6,7,6.5
4029,6,7,6.5
4029,6,7,6.5
4029,6,7,6.5
4029,6,7,6.5
4029,6,7,6.5
4029,6,7,6.5
4029,6,7,6.5
4030,6,7,6.5
4030,6,7,6.5
4030,6,7,6.5
4032,6,7,6.5
4032,6,7,6.5
4032,6,7,6.5
4032,6,7,6.5
4033,6,7,6.5
4033,6,7,6.5
4033,6,7,6.5
4033,6,7,6.5
4033,6,7,6.5
4033,6,7,6.5
4033,6,7,6.5
4034,6,7,6.5
4036,6,7,6.5
4036,6,7,6.5
4036,6,7,6.5
4036,6,7,6.5
4036,6,7,6.5
4036,6,7,6.5
4036,6,7,6.5
4036,6,7,6.5
4036,6,7,6.5
4036,6,7,6.5
4036,6,7,6.5
4036,6,7,6.5
4036,6,7,6.5
4036,6,7,6.5
4036,6,7,6.5
4036,6,7,6.5
4036,6,7,6.5
4036,6,7,6.5
4036,6,7,6.5
4036,6,7,6.5
4037,6,7,6.5
4037,6,7,6.5
4037,6,7,6.5
4037,4,7,5.5
4037,4,7,5.5
4037,4,7,5.5
4037,4,7,5.5
4037,4,7,5.5
4037,4,7,5.5
4037,4,7,5.5
4037,4,7,5.5
4037,4,7,5.5
4037,4,7,5.5
4037,4,7,5.5
4037,4,7,5.5
4037,4,7,5.5
4037,4,7,5.5
4037,4,7,5.5
4037,4,7,5.5
4037,4,7,5.5
4037,4,7,5.5
4037,4,7,5.5
4037,4,7,5.5
4037,4,7,5.5
4037,4,7,5.5
4037,4,7,5.5
4037,4,7,5.5
4037,4,7,5.5
4037,4,7,5.5
4037,4,7,5.5
4037,4,7,5.5
4037,4,7,5.5
4037,4,7,5.5
4037,4,7,5.5
4037,4,7,5.5
4037,4,7,5.5
4037,4,7,5.5
4037,4,7,5.5
4038,4,7,5.5
4038,4,7,5.5
4038,4,7,5.5
4038,4,7,5.5
4038,4,7,5.5
4038,4,7,5.5
4038,4,7,5.5
4038,4,7,5.5
4038,4,7,5.5
4038,4,7,5.5
4038,4,7,5.5
4038,4,7,5.5
4038,4,7,5.5
4038,4,7,5.5
4038,4,7,5.5
4039,4,7,5.5
4039,4,7,5.5
4039,4,7,5.5
4039,4,7,5.5
4039,4,7,5.5
4039,4,7,5.5
4039,4,7,5.5
4039,4,7,5.5
4039,4,7,5.5
4039,4,7,5.5
4039,4,7,5.5
4040,4,7,5.5
4040,4,7,5.5
4040,4,7,5.5
4040,4,7,5.5
4041,4,7,5.5
4041,4,7,5.5
4041,4,7,5.5
4041,4,7,5.5
4041,4,7,5.5
4042,4,7,5.5
4042,4,7,5.5
4042,4,7,5.5
4042,4,7,5.5
4042,4,7,5.5
4042,4,7,5.5
4042,4,7,5.5
4043,4,7,5.5
4043,4,7,5.5
4043,4,7,5.5
4043,4,7,5.5
4043,4,7,5.5
4044,4,7,5.5
4044,4,7,5.5
4044,4,7,5.5
4044,4,7,5.5
4044,4,7,5.5
4045,4,7,5.5
4045,4,7,5.5
4045,5,7,6.0
4045,5,7,6.0
4045,5,7,6.0
4045,5,7,6.0
4045,5,7,6.0
4045,5,7,6.0
4045,5,7,6.0
4045,5,7,6.0
4045,6,7,6.5
4045,6,7,6.5
4045,6,7,6.5
4045,6,7,6.5
4045,6,7,6.5
4045,6,7,6.5
4045,6,7,6.5
4045,6,7,6.5
4045,6,7,6.5
4045,6,7,6.5
4045,6,7,6.5
4045,6,7,6.5
4045,6,7,6.5
4045,6,7,6.5
4045,6,7,6.5
4045,6,7,6.5
4045,6,7,6.5
4045,6,7,6.5
4046,6,7,6.5
4046,6,7,6.5
4046,6,7,6.5
4046,6,7,6.5
4046,6,7,6.5
4046,6,7,6.5
4046,6,7,6.5
4046,6,7,6.5
4046,6,7,6.5
4046,6,7,6.5
4046,6,7,6.5
4046,6,7,6.5
4046,6,7,6.5
4046,6,7,6.5
4046,6,7,6.5
4046,6,7,6.5
4046,6,7,6.5
4047,6,7,6.5
4047,6,7,6.5
4047,6,7,6.5
4047,6,7,6.5
4047,6,7,6.5
4047,6,7,6.5
4047,6,7,6.5
4047,6,7,6.5
4047,6,7,6.5
4047,6,7,6.5
4047,6,7,6.5
4048,6,7,6.5
4048,6,7,6.5
4048,6,8,7.0
4048,7,8,7.5
4048,7,8,7.5
4048,7,8,7.5
4048,7,8,7.5
4048,7,8,7.5
4048,7,8,7.5
4048,7,8,7.5
4048,7,8,7.5
4048,7,8,7.5
4048,7,8,7.5
4048,7,8,7.5
4048,7,8,7.5
4048,7,8,7.5
4048,7,8,7.5
4048,7,8,7.5
4048,7,8,7.5
4048,7,8,7.5
4048,7,8,7.5
4048,7,8,7.5
4048,7,8,7.5
4048,7,8,7.5
4049,7,8,7.5
4049,7,8,7.5
4049,7,8,7.5
4049,7,8,7.5
4049,7,8,7.5
4049,7,8,7.5
4049,7,8,7.5
4049,7,8,7.5
4049,7,8,7.5
4049,7,8,7.5
4049,7,8,7.5
4050,7,8,7.5
4050,7,8,7.5
4050,7,8,7.5
4050,7,8,7.5
4050,7,8,7.5
4051,7,8,7.5
4051,7,8,7.5
4051,7,8,7.5
4051,7,8,7.5
4052,7,8,7.5
4052,7,8,7.5
4052,7,8,7.5
4052,7,8,7.5
4052,7,8,7.5
4052,7,8,7.5
4052,7,8,7.5
4052,7,8,7.5
4053,7,8,7.5
4053,7,8,7.5
4053,7,8,7.5
4053,7,8,7.5
4053,7,8,7.5
4053,7,8,7.5
4053,7,8,7.5
4054,7,8,7.5
4054,7,8,7.5
4054,7,8,7.5
4054,7,8,7.5
4054,7,8,7.5
4054,7,8,7.5
4054,7,8,7.5
4055,7,8,7.5
4055,7,8,7.5
4055,7,8,7.5
4055,7,8,7.5
4056,7,8,7.5
4056,7,8,7.5
4056,7,8,7.5
4056,7,8,7.5
4056,7,8,7.5
4056,7,8,7.5
4057,7,8,7.5
4057,7,8,7.5
4057,7,8,7.5
4057,7,8,7.5
4057,7,8,7.5
4057,7,8,7.5
4057,7,8,7.5
4057,7,8,7.5
4057,7,8,7.5
4057,7,8,7.5
4057,7,8,7.5
4057,7,8,7.5
4057,7,8,7.5
4057,6,8,7.0
4057,6,8,7.0
4057,6,8,7.0
4057,6,8,7.0
4057,6,8,7.0
4057,6,8,7.0
4057,6,8,7.0
4057,6,8,7.0
4057,6,8,7.0
4057,6,8,7.0
4057,6,8,7.0
4057,6,8,7.0
4057,5,8,6.5
4057,5,8,6.5
4057,5,8,6.5
4057,5,8,6.5
4057,5,8,6.5
4057,5,8,6.5
4057,5,8,6.5
4057,5,8,6.5
4057,5,8,6.5
4057,5,8,6.5
4057,5,8,6.5
4057,5,8,6.5
4057,5,8,6.5
4057,5,8,6.5
4057,5,8,6.5
4057,5,8,6.5
4057,5,8,6.5
4057,5,8,6.5
4057,5,8,6.5
4057,5,8,6.5
4057,5,8,6.5
4058,5,8,6.5
4058,5,8,6.5
4058,5,8,6.5
4058,5,8,6.5
4058,5,8,6.5
4058,5,8,6.5
4058,5,8,6.5
4058,5,8,6.5
4058,5,8,6.5
4058,5,8,6.5
4058,5,8,6.5
4059,5,8,6.5
4059,5,8,6.5
4059,5,8,6.5
4059,5,8,6.5
4059,5,8,6.5
4059,5,8,6.5
4059,5,8,6.5
4059,5,8,6.5
4059,5,8,6.5
4059,5,8,6.5
4061,5,8,6.5
4061,5,8,6.5
4061,5,8,6.5
4061,5,8,6.5
4061,5,8,6.5
4063,5,8,6.5
4063,5,8,6.5
4063,5,8,6.5
4063,5,8,6.5
4063,5,8,6.5
4063,5,8,6.5
4063,5,8,6.5
4063,5,8,6.5
4063,5,8,6.5
4063,5,8,6.5
4063,4,8,6.0
4063,4,8,6.0
4063,4,8,6.0
4063,4,8,6.0
4063,4,8,6.0
4063,4,7,5.5
4063,4,7,5.5
4063,4,7,5.5
4063,4,7,5.5
4064,4,6,5.0
4064,4,6,5.0
4064,4,6,5.0
4064,4,6,5.0
4064,4,6,5.0
4064,4,6,5.0
4064,4,6,5.0
4064,4,6,5.0
4064,4,6,5.0
4064,4,6,5.0
4064,4,6,5.0
4064,4,6,5.0
4064,4,6,5.0
4064,4,6,5.0
4064,4,6,5.0
4064,4,6,5.0
4064,4,6,5.0
4064,4,6,5.0
4064,4,6,5.0
4064,4,6,5.0
4064,5,6,5.5
4064,5,6,5.5
4064,5,6,5.5
4064,5,6,5.5
4064,5,6,5.5
4064,5,6,5.5
4064,5,6,5.5
4064,5,6,5.5
4064,5,6,5.5
4064,5,6,5.5
4064,5,6,5.5
4064,5,6,5.5
4064,5,6,5.5
4064,5,6,5.5
4064,5,6,5.5
4064,5,6,5.5
4064,5,6,5.5
4064,5,6,5.5
4064,5,6,5.5
4064,5,6,5.5
4064,5,6,5.5
4064,5,6,5.5
4064,5,6,5.5
4064,5,6,5.5
4065,5,6,5.5
4065,5,6,5.5
4065,5,6,5.5
4065,5,6,5.5
4065,5,6,5.5
4065,5,6,5.5
4065,5,6,5.5
4066,5,6,5.5
4066,5,6,5.5
4066,5,6,5.5
4066,5,6,5.5
4066,5,6,5.5
4066,5,6,5.5
4066,5,6,5.5
4066,5,6,5.5
4066,5,6,5.5
4066,5,6,5.5
4067,5,6,5.5
4067,5,6,5.5
4068,5,6,5.5
4068,5,6,5.5
4068,5,6,5.5
4068,5,6,5.5
4068,5,6,5.5
4069,5,6,5.5
4069,5,6,5.5
4069,5,6,5.5
4070,5,6,5.5
4070,5,6,5.5
4070,5,6,5.5
4070,5,6,5.5
4070,5,6,5.5
4070,5,6,5.5
4070,5,6,5.5
4070,5,6,5.5
4070,5,6,5.5
4071,5,6,5.5
4071,5,6,5.5
4071,5,6,5.5
4071,5,6,5.5
4071,5,6,5.5
4071,5,6,5.5
4071,5,6,5.5
4071,5,6,5.5
4071,5,6,5.5
4072,5,6,5.5
4073,5,6,5.5
4073,5,6,5.5
4073,5,6,5.5
4073,5,6,5.5
4073,5,6,5.5
4073,5,6,5.5
4074,5,6,5.5
4074,5,6,5.5
4074,5,6,5.5
4075,5,6,5.5
4075,5,6,5.5
4075,5,6,5.5
4075,5,6,5.5
4076,5,6,5.5
4076,5,6,5.5
4076,5,6,5.5
4076,5,6,5.5
4077,5,6,5.5
4077,5,6,5.5
4078,5,6,5.5
4078,5,6,5.5
4079,5,6,5.5
4079,5,6,5.5
4079,5,6,5.5
4079,5,6,5.5
4079,5,6,5.5
4079,5,6,5.5
4079,5,6,5.5
4079,5,6,5.5
4079,5,6,5.5
4079,5,6,5.5
4079,5,6,5.5
4079,5,6,5.5
4079,5,6,5.5
4079,5,6,5.5
4079,5,6,5.5
4079,5,6,5.5
4079,5,6,5.5
4079,5,6,5.5
4079,5,6,5.5
4079,5,6,5.5
4079,5,6,5.5
4079,4,6,5.0
4079,4,6,5.0
4079,4,6,5.0
4079,4,6,5.0
4079,4,6,5.0
4079,4,6,5.0
4079,4,6,5.0
4079,4,6,5.0
4079,4,6,5.0
4079,4,6,5.0
4079,4,6,5.0
4079,4,6,5.0
4080,4,6,5.0
4080,4,6,5.0
4080,4,6,5.0
4080,4,6,5.0
4080,4,7,5.5
4080,4,7,5.5
4080,4,7,5.5
4080,4,7,5.5
4080,4,7,5.5
4080,4,7,5.5
4080,4,7,5.5
4080,4,7,5.5
4080,4,7,5.5
4080,4,7,5.5
4080,4,7,5.5
4080,4,7,5.5
4080,4,7,5.5
4080,4,7,5.5
4080,4,7,5.5
4080,4,7,5.5
4080,4,7,5.5
4080,4,7,5.5
4080,4,7,5.5
4080,4,7,5.5
4081,4,7,5.5
4081,4,7,5.5
4081,4,7,5.5
4081,4,7,5.5
4081,4,7,5.5
4081,4,7,5.5
4081,4,7,5.5
4081,4,7,5.5
4081,4,7,5.5
4081,4,7,5.5
4082,4,7,5.5
4082,4,7,5.5
4082,4,7,5.5
4082,4,7,5.5
4082,4,6,5.0
4082,4,6,5.0
4082,4,6,5.0
4082,4,6,5.0
4082,4,6,5.0
4082,4,6,5.0
4082,4,6,5.0
4082,4,6,5.0
4082,4,6,5.0
4082,4,6,5.0
4082,4,6,5.0
4082,4,6,5.0
4082,4,6,5.0
4082,4,6,5.0
4083,4,6,5.0
4083,4,6,5.0
4083,4,6,5.0
4083,4,6,5.0
4083,4,6,5.0
4083,4,5,4.5
4083,4,5,4.5
4083,4,5,4.5
4083,4,5,4.5
4083,4,6,5.0
4083,4,6,5.0
4083,4,6,5.0
4083,4,6,5.0
4083,4,6,5.0
4083,4,6,5.0
4083,4,6,5.0
4083,4,6,5.0
4083,4,6,5.0
4083,4,6,5.0
4083,4,6,5.0
4083,4,6,5.0
4083,4,6,5.0
4083,4,6,5.0
4083,4,6,5.0
4083,4,6,5.0
4083,4,6,5.0
4083,4,6,5.0
4083,4,6,5.0
4083,4,6,5.0
4083,4,6,5.0
4083,4,6,5.0
4083,4,6,5.0
4083,4,6,5.0
4083,4,6,5.0
4083,4,6,5.0
4083,4,6,5.0
4083,4,6,5.0
4083,4,6,5.0
4083,4,6,5.0
4083,4,6,5.0
4083,4,6,5.0
4083,4,6,5.0
4083,4,6,5.0
4083,4,6,5.0
4083,4,6,5.0
4083,4,6,5.0
4083,4,6,5.0
4083,4,6,5.0
4084,4,6,5.0
4084,4,6,5.0
4084,4,6,5.0
4084,4,5,4.5
4084,4,5,4.5
4085,4,5,4.5
4085,4,5,4.5
4085,4,5,4.5
4085,4,5,4.5
4085,4,5,4.5
4085,4,5,4.5
4085,4,5,4.5
4086,4,5,4.5
4086,4,5,4.5
4086,4,5,4.5
4086,4,6,5.0
4086,4,6,5.0
4086,4,6,5.0
4086,4,6,5.0
4086,4,6,5.0
4086,4,6,5.0
4086,4,6,5.0
4086,4,6,5.0
4086,4,6,5.0
4086,4,6,5.0
4086,4,6,5.0
4086,4,6,5.0
4086,4,6,5.0
4086,4,6,5.0
4086,4,6,5.0
4086,4,6,5.0
4086,4,6,5.0
4086,4,6,5.0
4086,4,6,5.0
4086,4,6,5.0
4086,4,6,5.0
4086,4,6,5.0
4086,4,6,5.0
4086,4,6,5.0
4086,4,6,5.0
4086,4,6,5.0
4087,4,6,5.0
4087,4,6,5.0
4087,4,6,5.0
4087,4,6,5.0
4087,4,6,5.0
4087,4,6,5.0
4087,4,6,5.0
4087,4,6,5.0
4087,4,6,5.0
4087,4,6,5.0
4087,4,6,5.0
4087,4,6,5.0
4087,4,6,5.0
4087,4,6,5.0
4087,4,6,5.0
4087,4,6,5.0
4087,4,6,5.0
4087,4,6,5.0
4087,4,6,5.0
4087,4,6,5.0
4087,4,6,5.0
4087,4,6,5.0
4087,4,6,5.0
4088,4,6,5.0
4088,4,6,5.0
4088,4,6,5.0
4088,4,6,5.0
4088,4,6,5.0
4088,4,6,5.0
4088,4,6,5.0
4088,4,6,5.0
4088,4,6,5.0
4088,4,6,5.0
4088,4,6,5.0
4088,4,7,5.5
4088,4,7,5.5
4088,4,7,5.5
4088,4,7,5.5
4088,4,7,5.5
4088,4,7,5.5
4089,4,7,5.5
4089,4,7,5.5
4089,4,7,5.5
4089,4,7,5.5
4089,4,7,5.5
4089,4,7,5.5
4089,4,7,5.5
4089,4,7,5.5
4089,4,7,5.5
4089,4,7,5.5
4089,4,7,5.5
4089,4,7,5.5
4090,4,7,5.5
4090,4,7,5.5
4090,4,7,5.5
4090,4,7,5.5
4090,4,7,5.5
4090,4,7,5.5
4090,4,7,5.5
4090,4,7,5.5
4090,4,7,5.5
4090,4,7,5.5
4091,4,7,5.5
4091,4,7,5.5
4091,4,7,5.5
4091,4,7,5.5
4091,4,7,5.5
4091,4,7,5.5
4092,4,7,5.5
4092,4,7,5.5
4092,4,7,5.5
4092,4,7,5.5
4092,4,7,5.5
4092,4,7,5.5
4092,4,7,5.5
4092,4,7,5.5
4093,4,7,5.5
4093,4,7,5.5
4093,4,7,5.5
4093,4,7,5.5
4093,4,7,5.5
4093,4,7,5.5
4094,4,7,5.5
4094,4,7,5.5
4094,4,7,5.5
4094,4,7,5.5
4094,4,7,5.5
4094,4,7,5.5
4094,4,7,5.5
4094,4,7,5.5
4094,4,7,5.5
4094,4,7,5.5
4094,4,7,5.5
4094,4,7,5.5
4094,4,7,5.5
4094,4,7,5.5
4094,4,7,5.5
4095,4,7,5.5
4095,4,7,5.5
4095,4,7,5.5
4095,4,7,5.5
4095,4,7,5.5
4095,4,7,5.5
4095,4,7,5.5
4095,4,7,5.5
4095,4,7,5.5
4095,4,7,5.5
4095,4,7,5.5
4095,4,7,5.5
4095,4,7,5.5
4096,4,7,5.5
4096,4,7,5.5
4096,4,7,5.5
4096,4,7,5.5
4096,4,7,5.5
4096,4,7,5.5
4097,4,7,5.5
4097,4,7,5.5
4098,4,7,5.5
4098,4,7,5.5
4098,4,7,5.5
4098,4,7,5.5
4099,4,7,5.5
4099,4,7,5.5
4099,4,7,5.5
4099,4,7,5.5
4099,4,7,5.5
4100,4,7,5.5
4100,4,7,5.5
4100,4,7,5.5
4100,4,7,5.5
4101,4,7,5.5
4101,4,7,5.5
4102,4,7,5.5
4102,4,7,5.5
4103,4,7,5.5
4103,4,7,5.5
4103,4,7,5.5
4103,4,7,5.5
4103,4,7,5.5
4103,4,7,5.5
4104,4,7,5.5
4104,4,7,5.5
4104,4,7,5.5
4104,4,7,5.5
4104,4,7,5.5
4104,4,7,5.5
4104,4,7,5.5
4104,4,7,5.5
4104,4,7,5.5
4104,4,7,5.5
4104,4,7,5.5
4104,4,7,5.5
4104,4,7,5.5
4104,4,7,5.5
4104,4,7,5.5
4104,4,7,5.5
4104,4,7,5.5
4104,4,7,5.5
4105,4,6,5.0
4105,4,6,5.0
4106,4,6,5.0
4106,4,6,5.0
4106,4,6,5.0
4106,4,6,5.0
4108,4,6,5.0
4108,4,6,5.0
4108,4,6,5.0
4108,4,6,5.0
4109,4,6,5.0
4109,4,6,5.0
4110,4,6,5.0
4110,4,6,5.0
4110,4,6,5.0
4111,4,6,5.0
4111,4,6,5.0
4111,3,6,4.5
4111,3,6,4.5
4111,3,6,4.5
4111,3,6,4.5
4111,3,6,4.5
4111,3,6,4.5
4111,3,6,4.5
4111,3,6,4.5
4111,3,6,4.5
4111,3,6,4.5
4111,3,6,4.5
4111,3,6,4.5
4111,3,5,4.0
4111,3,5,4.0
4111,3,5,4.0
4111,3,5,4.0
4111,3,5,4.0
4111,3,5,4.0
4111,3,5,4.0
4111,3,5,4.0
4111,3,5,4.0
4111,3,5,4.0
4111,3,5,4.0
4111,3,5,4.0
4111,3,5,4.0
4111,3,5,4.0
4111,3,5,4.0
4111,3,5,4.0
4111,3,5,4.0
4111,3,4,3.5
4111,3,4,3.5
4111,3,4,3.5
4111,3,4,3.5
4111,3,4,3.5
4111,3,4,3.5
4111,3,4,3.5
4112,3,4,3.5
4112,3,4,3.5
4112,3,4,3.5
4112,3,4,3.5
4112,3,4,3.5
4112,3,4,3.5
4112,3,4,3.5
4112,3,4,3.5
4112,3,4,3.5
4112,3,4,3.5
4112,3,4,3.5
4112,3,4,3.5
4112,3,4,3.5
4112,3,4,3.5
4112,3,4,3.5
4112,3,4,3.5
4112,3,4,3.5
4112,3,4,3.5
4112,3,4,3.5
4112,3,4,3.5
4112,3,4,3.5
4112,3,4,3.5
4112,3,4,3.5
4112,3,4,3.5
4112,3,4,3.5
4112,3,4,3.5
4112,3,4,3.5
4112,3,4,3.5
4113,3,4,3.5
4113,3,4,3.5
4113,3,4,3.5
4113,3,4,3.5
4113,3,4,3.5
4114,3,4,3.5
4114,3,4,3.5
4114,3,4,3.5
4114,3,4,3.5
4115,3,4,3.5
4115,3,4,3.5
4115,3,4,3.5
4115,3,4,3.5
4115,3,4,3.5
4115,3,4,3.5
4115,3,4,3.5
4116,3,4,3.5
4116,3,4,3.5
4116,3,4,3.5
4116,3,4,3.5
4116,3,4,3.5
4116,3,4,3.5
4116,3,4,3.5
4116,3,4,3.5
4116,3,4,3.5
4116,3,4,3.5
4116,3,4,3.5
4117,3,4,3.5
4117,3,4,3.5
4117,3,4,3.5
4117,3,4,3.5
4117,3,4,3.5
4118,3,4,3.5
4118,3,4,3.5
4118,3,4,3.5
4118,3,4,3.5
4118,3,4,3.5
4119,3,4,3.5
4120,3,4,3.5
4121,3,4,3.5
4121,3,4,3.5
4121,3,4,3.5
4121,3,4,3.5
4122,3,4,3.5
4123,3,4,3.5
4123,3,4,3.5
4124,3,4,3.5
4124,3,4,3.5
4124,3,4,3.5
4124,3,4,3.5
4124,3,4,3.5
4124,3,4,3.5
4125,3,4,3.5
4125,3,4,3.5
4125,3,4,3.5
4125,3,4,3.5
4125,3,4,3.5
4126,3,4,3.5
4126,3,4,3.5
4126,3,4,3.5
4126,3,4,3.5
4126,3,4,3.5
4126,3,4,3.5
4126,3,4,3.5
4126,3,4,3.5
4126,3,4,3.5
4126,3,4,3.5
4126,3,4,3.5
4126,3,4,3.5
4126,3,4,3.5
4127,3,4,3.5
4127,3,4,3.5
4127,3,4,3.5
4127,3,4,3.5
4127,3,4,3.5
4130,3,4,3.5
4131,3,4,3.5
4131,3,4,3.5
4131,3,4,3.5
4131,3,4,3.5
4131,3,4,3.5
4136,3,4,3.5
4136,3,4,3.5
4136,2,4,3.0
4136,2,4,3.0
4136,2,4,3.0
4136,2,4,3.0
4136,2,4,3.0
4136,2,4,3.0
4136,2,4,3.0
4138,2,4,3.0
4138,2,4,3.0
4138,2,4,3.0
4138,2,4,3.0
4138,2,4,3.0
4138,2,4,3.0
4138,2,4,3.0
4140,2,4,3.0
4140,2,3,2.5
4140,2,3,2.5
4140,2,3,2.5
4140,2,3,2.5
4140,2,3,2.5
4140,2,3,2.5
4140,2,3,2.5
4140,2,3,2.5
4140,2,3,2.5
4140,2,3,2.5
4142,2,3,2.5
4142,2,3,2.5
4142,2,3,2.5
4142,2,3,2.5
4143,2,3,2.5
4145,2,3,2.5
4145,2,3,2.5
4145,2,3,2.5
4145,2,3,2.5
4145,2,3,2.5
4145,2,3,2.5
4145,2,3,2.5
4145,2,3,2.5
4146,2,3,2.5
4146,2,3,2.5
4146,2,3,2.5
4146,2,3,2.5
4146,2,3,2.5
4146,2,3,2.5
4146,2,3,2.5
4146,2,3,2.5
4146,2,3,2.5
4146,2,3,2.5
4146,2,3,2.5
4146,2,3,2.5
4146,2,3,2.5
4147,2,3,2.5
4147,2,3,2.5
4147,2,3,2.5
4147,2,3,2.5
4147,2,3,2.5
4147,2,3,2.5
4147,2,3,2.5
4147,2,3,2.5
4148,2,3,2.5
4149,2,3,2.5
4150,2,3,2.5
4150,2,3,2.5
4152,2,3,2.5
4155,2,3,2.5
4156,2,3,2.5
4158,2,3,2.5
4159,2,3,2.5
4159,2,3,2.5
4163,2,3,2.5
4168,2,3,2.5
4168,2,3,2.5
4169,2,3,2.5
4169,2,3,2.5
4170,2,3,2.5
4170,2,3,2.5
4170,2,3,2.5
4172,2,3,2.5
4174,2,3,2.5
4174,2,3,2.5
4179,2,3,2.5
4184,2,3,2.5
4184,2,3,2.5
4185,2,3,2.5
4185,2,3,2.5
4186,2,3,2.5
4186,2,3,2.5
4186,2,3,2.5
4186,2,3,2.5
4186,2,3,2.5
4186,2,3,2.5
4186,2,3,2.5
4195,2,3,2.5
4195,2,3,2.5
4195,2,3,2.5
4205,2,3,2.5
4210,2,3,2.5
4211,2,3,2.5
4211,2,3,2.5
4214,2,3,2.5
4216,2,3,2.5
4216,2,3,2.5
4217,2,3,2.5
4217,2,3,2.5
4219,2,3,2.5
4222,2,3,2.5
4224,2,3,2.5
4227,2,3,2.5
4229,2,3,2.5
4229,2,3,2.5
4229,2,3,2.5
4229,2,3,2.5
4229,2,3,2.5
4229,2,3,2.5
4229,2,3,2.5
4230,2,3,2.5
4230,2,3,2.5
4230,2,3,2.5
4230,2,3,2.5
4230,2,3,2.5
4230,2,3,2.5
4230,2,3,2.5
4230,2,3,2.5
4230,2,3,2.5
4230,2,3,2.5
4230,2,3,2.5
4230,2,3,2.5
4230,2,3,2.5
4230,2,3,2.5
4230,2,3,2.5
4230,2,3,2.5
4230,2,3,2.5
4230,2,3,2.5
4230,2,3,2.5
4230,2,3,2.5
4230,2,3,2.5
4230,2,3,2.5
4230,2,3,2.5
4230,2,3,2.5
4230,2,3,2.5
4230,2,3,2.5
4230,2,3,2.5
4230,2,3,2.5
4230,2,3,2.5
4230,2,3,2.5
4230,2,3,2.5
4231,2,3,2.5
4231,2,3,2.5
4231,2,3,2.5
4232,2,3,2.5
4232,2,3,2.5
4233,2,3,2.5
4233,2,3,2.5
4234,2,3,2.5
4234,2,3,2.5
4234,2,3,2.5
4234,2,3,2.5
4234,2,3,2.5
4235,2,3,2.5
4235,2,3,2.5
4236,2,3,2.5
4236,2,3,2.5
4236,2,3,2.5
4236,2,3,2.5
4236,2,3,2.5
4238,2,3,2.5
4238,2,3,2.5
4238,2,3,2.5
4238,2,3,2.5
4238,2,3,2.5
4238,2,3,2.5
4238,2,3,2.5
4239,2,3,2.5
4239,2,3,2.5
4239,2,3,2.5
4239,2,3,2.5
4240,2,3,2.5
4240,2,3,2.5
4241,2,3,2.5
4241,2,3,2.5
4241,2,3,2.5
4241,2,3,2.5
4242,2,3,2.5
4242,2,3,2.5
4242,2,3,2.5
4242,2,3,2.5
4242,2,3,2.5
4242,2,3,2.5
4242,2,3,2.5
4242,2,3,2.5
4242,2,3,2.5
4243,2,3,2.5
4243,2,3,2.5
4243,2,3,2.5
4243,2,3,2.5
4243,2,3,2.5
4243,2,3,2.5
4244,2,3,2.5
4244,2,3,2.5
4246,2,3,2.5
4246,2,3,2.5
4246,2,3,2.5
4247,2,3,2.5
4247,2,3,2.5
4247,2,3,2.5
4247,2,3,2.5
4247,2,3,2.5
4247,2,3,2.5
4247,2,3,2.5
4247,2,3,2.5
4247,2,3,2.5
4247,2,3,2.5
4247,2,3,2.5
4247,2,3,2.5
4247,2,3,2.5
4247,2,3,2.5
4247,2,3,2.5
4247,2,3,2.5
4247,2,3,2.5
4247,2,3,2.5
4248,2,3,2.5
4248,2,3,2.5
4248,2,3,2.5
4248,2,3,2.5
4248,2,3,2.5
4248,2,3,2.5
4249,2,3,2.5
4249,2,3,2.5
4249,2,3,2.5
4249,2,3,2.5
4249,2,3,2.5
4249,2,3,2.5
4249,2,3,2.5
4249,2,3,2.5
4250,2,3,2.5
4251,2,3,2.5
4251,2,3,2.5
4251,2,3,2.5
4251,2,3,2.5
4252,2,3,2.5
4252,2,3,2.5
4253,2,3,2.5
4253,2,3,2.5
4253,2,3,2.5
4253,2,3,2.5
4253,2,3,2.5
4253,2,3,2.5
4254,2,3,2.5
4254,2,3,2.5
4254,2,3,2.5
4255,2,3,2.5
4256,2,3,2.5
4256,2,3,2.5
4257,2,3,2.5
4258,2,3,2.5
4260,2,3,2.5
4260,2,3,2.5
4260,2,3,2.5
4260,2,3,2.5
4260,2,3,2.5
4260,2,3,2.5
4260,2,3,2.5
4260,2,3,2.5
4260,2,3,2.5
4260,2,3,2.5
4262,2,3,2.5
4264,2,3,2.5
4264,2,3,2.5
4264,2,3,2.5
4264,2,3,2.5
4264,2,3,2.5
4264,2,3,2.5
4264,2,3,2.5
4264,2,3,2.5
4264,2,3,2.5
4264,2,3,2.5
4264,2,3,2.5
4264,2,3,2.5
4264,2,3,2.5
4264,2,3,2.5
4264,2,3,2.5
4264,2,3,2.5
4264,2,3,2.5
4264,2,3,2.5
4264,2,3,2.5
4264,2,3,2.5
4264,2,3,2.5
4264,2,3,2.5
4264,2,3,2.5
4264,2,3,2.5
4264,2,3,2.5
4264,2,3,2.5
4264,2,4,3.0
4265,2,4,3.0
4265,2,4,3.0
4265,2,4,3.0
4265,2,4,3.0
4265,2,4,3.0
4265,2,4,3.0
4265,2,4,3.0
4265,2,4,3.0
4265,2,4,3.0
4266,2,4,3.0
4266,2,4,3.0
4266,2,4,3.0
4266,2,4,3.0
4267,2,4,3.0
4268,2,4,3.0
4268,2,4,3.0
4269,2,4,3.0
4269,2,4,3.0
4270,2,4,3.0
4270,2,3,2.5
4272,2,3,2.5
4272,2,3,2.5
4272,2,3,2.5
4272,2,3,2.5
4272,2,3,2.5
4272,2,3,2.5
4272,2,3,2.5
4272,2,3,2.5
4272,2,3,2.5
4272,2,3,2.5
4272,2,3,2.5
4272,2,3,2.5
4272,2,3,2.5
4273,2,3,2.5
4273,2,3,2.5
4273,2,3,2.5
4273,2,3,2.5
4273,2,3,2.5
4273,2,3,2.5
4273,2,3,2.5
4273,2,3,2.5
4273,2,3,2.5
4273,2,3,2.5
4273,2,3,2.5
4273,2,3,2.5
4273,2,3,2.5
4273,2,3,2.5
4273,2,3,2.5
4273,2,3,2.5
4273,2,3,2.5
4273,2,3,2.5
4273,2,3,2.5
4273,2,3,2.5
4274,2,3,2.5
4274,2,3,2.5
4274,2,3,2.5
4274,2,3,2.5
4275,2,3,2.5
4275,2,3,2.5
4275,2,3,2.5
4275,2,3,2.5
4275,2,3,2.5
4275,2,3,2.5
4275,2,3,2.5
4276,2,3,2.5
4276,2,3,2.5
4276,2,3,2.5
4276,2,3,2.5
4276,2,3,2.5
4276,2,3,2.5
4277,2,3,2.5
4277,2,3,2.5
4277,2,3,2.5
4277,2,3,2.5
4277,2,3,2.5
4277,2,3,2.5
4277,2,3,2.5
4277,2,3,2.5
4277,2,3,2.5
4277,2,3,2.5
4278,2,3,2.5
4278,2,3,2.5
4278,2,3,2.5
4278,2,3,2.5
4278,2,3,2.5
4278,2,3,2.5
4278,2,3,2.5
4278,2,3,2.5
4278,2,3,2.5
4278,2,3,2.5
4278,2,3,2.5
4278,2,3,2.5
4278,2,3,2.5
4278,2,3,2.5
4279,2,3,2.5
4279,2,3,2.5
4279,2,3,2.5
4280,2,3,2.5
4280,2,3,2.5
4281,2,3,2.5
4281,2,3,2.5
4281,2,3,2.5
4281,2,3,2.5
4281,2,3,2.5
4281,2,3,2.5
4281,2,3,2.5
4281,2,3,2.5
4282,2,3,2.5
4282,2,3,2.5
4282,2,3,2.5
4283,2,3,2.5
4284,2,3,2.5
4284,2,3,2.5
4284,2,3,2.5
4284,2,3,2.5
4284,2,3,2.5
4285,2,3,2.5
4285,2,3,2.5
4287,2,3,2.5
4287,2,3,2.5
4287,2,3,2.5
4287,2,3,2.5
4287,2,3,2.5
4287,2,3,2.5
4287,2,3,2.5
4287,2,3,2.5
4287,2,3,2.5
4288,2,3,2.5
4289,2,3,2.5
4291,2,3,2.5
4293,2,3,2.5
4294,2,3,2.5
4294,2,3,2.5
4294,2,3,2.5
4294,2,3,2.5
4294,2,3,2.5
4294,2,3,2.5
4294,2,3,2.5
4294,2,3,2.5
4294,2,3,2.5
4294,2,3,2.5
4295,2,3,2.5
4295,2,3,2.5
4295,2,3,2.5
4295,2,3,2.5
4295,2,3,2.5
4295,2,3,2.5
4295,2,3,2.5
4295,2,3,2.5
4295,2,3,2.5
4295,2,3,2.5
4295,2,3,2.5
4295,2,3,2.5
4295,2,3,2.5
4295,2,3,2.5
4295,2,3,2.5
4295,2,3,2.5
4295,2,3,2.5
4295,2,4,3.0
4295,2,4,3.0
4295,2,4,3.0
4295,2,4,3.0
4295,2,4,3.0
4295,2,4,3.0
4295,2,4,3.0
4295,2,4,3.0
4295,2,4,3.0
4296,2,4,3.0
4296,2,4,3.0
4296,2,4,3.0
4296,2,4,3.0
4296,2,4,3.0
4296,2,4,3.0
4296,2,4,3.0
4296,2,4,3.0
4296,2,4,3.0
4296,2,4,3.0
4296,2,4,3.0
4296,2,4,3.0
4296,2,4,3.0
4296,2,4,3.0
4298,2,4,3.0
4298,2,4,3.0
4301,2,4,3.0
4301,2,4,3.0
4302,2,4,3.0
4302,2,4,3.0
4303,2,4,3.0
4303,2,4,3.0
4303,2,4,3.0
4303,2,4,3.0
4303,2,4,3.0
4304,2,4,3.0
4304,2,4,3.0
4305,2,4,3.0
4305,2,4,3.0
4305,2,4,3.0
4306,2,4,3.0
4307,2,4,3.0
4308,2,4,3.0
4309,2,4,3.0
4309,2,4,3.0
4309,2,4,3.0
4311,2,4,3.0
4311,2,4,3.0
4311,2,4,3.0
4311,2,4,3.0
4311,2,4,3.0
4311,2,4,3.0
4311,2,4,3.0
4311,2,4,3.0
4311,2,4,3.0
4311,2,4,3.0
4311,2,4,3.0
4311,2,4,3.0
4312,2,4,3.0
4312,2,4,3.0
4312,2,4,3.0
4312,2,4,3.0
4312,2,4,3.0
4312,2,4,3.0
4313,2,4,3.0
4313,2,4,3.0
4313,2,4,3.0
4313,2,4,3.0
4313,2,4,3.0
4313,2,4,3.0
4314,2,4,3.0
4315,2,4,3.0
4315,2,4,3.0
4316,2,4,3.0
4316,2,4,3.0
4316,2,4,3.0
4316,2,4,3.0
4316,2,4,3.0
4317,2,4,3.0
4318,2,4,3.0
4318,2,4,3.0
4319,2,4,3.0
4320,2,4,3.0
4321,2,4,3.0
4321,2,4,3.0
4321,3,4,3.5
4321,3,4,3.5
4321,3,4,3.5
4321,3,4,3.5
4322,3,4,3.5
4322,3,4,3.5
4322,3,4,3.5
4322,3,4,3.5
4322,3,4,3.5
4322,3,4,3.5
4323,3,4,3.5
4323,3,4,3.5
4323,3,5,4.0
4323,4,5,4.5
4323,4,5,4.5
4323,4,5,4.5
4323,4,5,4.5
4323,4,5,4.5
4323,4,5,4.5
4323,4,5,4.5
4323,4,5,4.5
4323,4,5,4.5
4323,4,5,4.5
4323,4,5,4.5
4323,4,5,4.5
4323,4,5,4.5
4323,4,5,4.5
4323,4,5,4.5
4323,4,5,4.5
4323,4,5,4.5
4323,4,5,4.5
4323,4,5,4.5
4323,4,5,4.5
4323,4,5,4.5
4323,4,5,4.5
4323,4,5,4.5
4323,4,5,4.5
4323,4,5,4.5
4323,4,5,4.5
4324,4,5,4.5
4324,4,5,4.5
4324,4,5,4.5
4324,4,5,4.5
4324,4,5,4.5
4325,4,5,4.5
4325,4,5,4.5
4325,4,5,4.5
4325,4,5,4.5
4325,4,5,4.5
4325,4,5,4.5
4325,4,5,4.5
4325,4,5,4.5
4325,4,5,4.5
4325,4,5,4.5
4325,4,5,4.5
4325,4,5,4.5
4325,4,5,4.5
4325,4,5,4.5
4325,4,5,4.5
4325,4,5,4.5
4326,4,5,4.5
4326,4,5,4.5
4326,4,5,4.5
4326,4,5,4.5
4326,4,5,4.5
4327,4,5,4.5
4327,4,5,4.5
4327,4,5,4.5
4327,4,5,4.5
4327,4,5,4.5
4327,4,5,4.5
4327,4,5,4.5
4327,4,5,4.5
4327,4,5,4.5
4327,4,5,4.5
4327,4,5,4.5
4328,4,5,4.5
4328,4,5,4.5
4328,4,5,4.5
4328,4,5,4.5
4328,4,5,4.5
4328,4,5,4.5
4328,4,5,4.5
4328,4,5,4.5
4328,4,5,4.5
4328,4,5,4.5
4329,4,5,4.5
4329,4,5,4.5
4329,4,5,4.5
4329,4,5,4.5
4329,4,5,4.5
4329,4,5,4.5
4329,4,5,4.5
4329,4,5,4.5
4329,4,5,4.5
4329,4,5,4.5
4329,4,5,4.5
4329,4,5,4.5
4329,4,5,4.5
4329,4,5,4.5
4329,4,5,4.5
4329,4,5,4.5
4330,4,5,4.5
4330,4,5,4.5
4330,4,5,4.5
4330,4,5,4.5
4330,4,5,4.5
4330,4,5,4.5
4330,4,5,4.5
4330,4,5,4.5
4330,4,5,4.5
4330,4,5,4.5
4330,4,5,4.5
4331,4,5,4.5
4331,4,5,4.5
4331,4,5,4.5
4331,4,5,4.5
4331,4,5,4.5
4331,4,5,4.5
4331,4,5,4.5
4331,4,5,4.5
4331,4,5,4.5
4332,4,5,4.5
4332,4,5,4.5
4332,4,5,4.5
4332,4,5,4.5
4332,4,5,4.5
4332,4,5,4.5
4332,4,5,4.5
4332,4,5,4.5
4332,4,5,4.5
4332,4,5,4.5
4332,4,5,4.5
4333,4,5,4.5
4333,4,5,4.5
4333,4,5,4.5
4333,4,5,4.5
4333,4,5,4.5
4333,4,5,4.5
4333,4,5,4.5
4334,4,5,4.5
4334,4,5,4.5
4334,4,5,4.5
4334,4,5,4.5
4334,4,5,4.5
4334,4,5,4.5
4334,4,5,4.5
4335,4,5,4.5
4335,4,5,4.5
4335,4,5,4.5
4335,4,5,4.5
4335,4,5,4.5
4335,4,5,4.5
4335,4,5,4.5
4335,4,5,4.5
4335,4,5,4.5
4335,4,5,4.5
4335,4,5,4.5
4335,4,5,4.5
4335,4,5,4.5
4335,4,5,4.5
4336,4,5,4.5
4336,4,5,4.5
4336,4,5,4.5
4336,4,5,4.5
4336,4,5,4.5
4336,4,5,4.5
4336,4,5,4.5
4336,4,5,4.5
4336,4,5,4.5
4337,4,5,4.5
4337,4,5,4.5
4337,4,5,4.5
4337,4,5,4.5
4337,4,5,4.5
4337,4,5,4.5
4337,4,5,4.5
4337,4,5,4.5
4338,4,5,4.5
4338,4,5,4.5
4338,4,5,4.5
4338,4,5,4.5
4338,4,5,4.5
4338,4,5,4.5
4338,4,5,4.5
4338,4,5,4.5
4338,4,5,4.5
4338,4,5,4.5
4339,4,5,4.5
4339,4,5,4.5
4339,4,5,4.5
4339,4,5,4.5
4339,4,5,4.5
4339,4,5,4.5
4339,4,5,4.5
4339,4,5,4.5
4339,4,5,4.5
4339,4,5,4.5
4339,4,5,4.5
4339,4,5,4.5
4339,4,5,4.5
4339,4,5,4.5
4340,4,5,4.5
4340,4,5,4.5
4340,4,5,4.5
4340,4,5,4.5
4340,4,5,4.5
4340,4,5,4.5
4340,4,5,4.5
4340,4,5,4.5
4340,4,5,4.5
4340,4,5,4.5
4340,4,5,4.5
4341,4,5,4.5
4341,4,5,4.5
4341,4,5,4.5
4341,4,5,4.5
4341,4,5,4.5
4341,4,5,4.5
4341,4,5,4.5
4341,4,5,4.5
4341,4,5,4.5
4341,4,5,4.5
4341,4,5,4.5
4342,4,5,4.5
4342,4,5,4.5
4342,4,5,4.5
4342,4,5,4.5
4342,4,5,4.5
4342,4,5,4.5
4342,4,5,4.5
4342,4,5,4.5
4342,4,5,4.5
4342,4,5,4.5
4342,4,5,4.5
4343,4,5,4.5
4343,4,5,4.5
4343,4,5,4.5
4343,4,5,4.5
4343,4,5,4.5
4343,4,5,4.5
4343,4,5,4.5
4343,4,5,4.5
4343,4,5,4.5
4343,4,5,4.5
4343,4,5,4.5
4343,4,5,4.5
4343,4,5,4.5
4343,4,5,4.5
4343,2,5,3.5
4343,2,5,3.5
4343,2,5,3.5
4343,2,5,3.5
4343,2,5,3.5
4343,2,5,3.5
4343,2,5,3.5
4343,2,5,3.5
4343,2,5,3.5
4343,2,5,3.5
4343,2,5,3.5
4343,2,5,3.5
4343,2,5,3.5
4343,2,5,3.5
4343,2,5,3.5
4343,2,5,3.5
4343,2,5,3.5
4343,2,5,3.5
4343,2,5,3.5
4343,2,5,3.5
4343,2,5,3.5
4343,2,5,3.5
4343,2,5,3.5
4343,2,5,3.5
4343,2,5,3.5
4343,2,6,4.0
4343,2,6,4.0
4343,2,6,4.0
4343,2,6,4.0
4343,2,6,4.0
4343,2,6,4.0
4344,2,6,4.0
4344,2,6,4.0
4344,2,6,4.0
4344,2,6,4.0
4344,2,6,4.0
4344,2,6,4.0
4344,2,6,4.0
4344,2,6,4.0
4344,2,6,4.0
4344,2,6,4.0
4344,2,6,4.0
4344,2,6,4.0
4344,2,6,4.0
4344,2,6,4.0
4344,2,6,4.0
4344,2,6,4.0
4344,2,6,4.0
4344,2,6,4.0
4344,2,6,4.0
4344,2,6,4.0
4344,2,6,4.0
4344,2,6,4.0
4344,2,6,4.0
4344,2,6,4.0
4345,2,6,4.0
4345,2,6,4.0
4345,2,6,4.0
4345,2,6,4.0
4345,2,6,4.0
4345,2,6,4.0
4345,2,6,4.0
4345,2,6,4.0
4345,2,6,4.0
4345,2,6,4.0
4345,2,6,4.0
4345,2,6,4.0
4346,2,6,4.0
4346,2,6,4.0
4346,2,6,4.0
4346,2,6,4.0
4346,2,6,4.0
4347,2,6,4.0
4347,2,6,4.0
4347,3,6,4.5
4347,3,6,4.5
4347,3,6,4.5
4347,3,6,4.5
4347,3,6,4.5
4347,3,6,4.5
4347,3,6,4.5
4347,3,6,4.5
4347,3,6,4.5
4347,3,6,4.5
4347,3,6,4.5
4347,3,6,4.5
4348,3,6,4.5
4348,3,6,4.5
4348,3,6,4.5
4348,3,6,4.5
4348,3,6,4.5
4348,3,6,4.5
4348,3,6,4.5
4348,3,6,4.5
4348,3,6,4.5
4348,3,6,4.5
4348,3,6,4.5
4348,3,6,4.5
4348,3,6,4.5
4348,3,6,4.5
4348,3,6,4.5
4348,3,6,4.5
4348,3,6,4.5
4348,3,6,4.5
4348,3,6,4.5
4349,2,6,4.0
4349,2,6,4.0
4350,2,6,4.0
4350,2,6,4.0
4350,2,6,4.0
4350,2,7,4.5
4350,2,7,4.5
4350,2,8,5.0
4350,2,8,5.0
4350,2,8,5.0
4350,2,7,4.5
4350,2,7,4.5
4350,2,8,5.0
4350,2,8,5.0
4350,2,8,5.0
4350,2,8,5.0
4350,2,8,5.0
4350,2,6,4.0
4350,2,6,4.0
4350,2,6,4.0
4350,2,6,4.0
4350,2,6,4.0
4351,2,6,4.0
4351,2,6,4.0
4351,2,6,4.0
4351,2,6,4.0
4351,2,6,4.0
4351,2,6,4.0
4351,3,6,4.5
4351,3,6,4.5
4351,3,6,4.5
4351,3,6,4.5
4351,3,6,4.5
4352,3,6,4.5
4352,3,6,4.5
4352,3,6,4.5
4352,3,6,4.5
4352,3,6,4.5
4352,3,6,4.5
4353,3,6,4.5
4353,3,6,4.5
4354,3,6,4.5
4354,3,6,4.5
4354,3,6,4.5
4355,3,6,4.5
4356,3,6,4.5
4356,3,7,5.0
4356,3,7,5.0
4356,3,7,5.0
4356,3,7,5.0
4356,3,7,5.0
4356,3,7,5.0
4356,3,7,5.0
4356,3,7,5.0
4356,3,7,5.0
4356,3,7,5.0
4356,3,7,5.0
4356,3,7,5.0
4356,3,7,5.0
4356,3,7,5.0
4356,3,7,5.0
4356,3,7,5.0
4356,3,7,5.0
4356,3,7,5.0
4356,3,7,5.0
4357,3,7,5.0
4357,3,7,5.0
4357,3,7,5.0
4357,3,7,5.0
4358,3,7,5.0
4358,3,7,5.0
4358,3,7,5.0
4358,3,7,5.0
4358,3,8,5.5
4358,3,8,5.5
4359,3,7,5.0
4359,3,7,5.0
4359,3,7,5.0
4359,3,7,5.0
4359,3,7,5.0
4359,3,7,5.0
4359,3,7,5.0
4359,3,7,5.0
4359,3,7,5.0
4359,3,7,5.0
4359,3,7,5.0
4359,3,7,5.0
4359,3,7,5.0
4359,3,7,5.0
4359,3,7,5.0
4359,3,7,5.0
4359,3,7,5.0
4359,3,7,5.0
4360,3,7,5.0
4360,3,7,5.0
4360,3,7,5.0
4360,3,7,5.0
4361,3,7,5.0
4361,3,7,5.0
4361,3,7,5.0
4361,3,7,5.0
4361,3,7,5.0
4361,3,7,5.0
4361,3,7,5.0
4361,3,7,5.0
4361,3,7,5.0
4361,3,7,5.0
4361,3,7,5.0
4361,3,7,5.0
4361,3,7,5.0
4361,3,6,4.5
4361,3,6,4.5
4361,3,6,4.5
4361,3,6,4.5
4361,3,6,4.5
4361,3,6,4.5
4361,3,6,4.5
4361,3,6,4.5
4361,3,6,4.5
4361,3,6,4.5
4361,3,6,4.5
4361,3,6,4.5
4362,3,6,4.5
4362,3,6,4.5
4362,3,6,4.5
4362,3,6,4.5
4362,3,6,4.5
4362,3,6,4.5
4362,3,6,4.5
4362,3,6,4.5
4362,3,6,4.5
4362,3,6,4.5
4362,3,6,4.5
4362,3,6,4.5
4362,3,6,4.5
4362,3,6,4.5
4362,3,6,4.5
4362,3,6,4.5
4362,3,5,4.0
4362,3,5,4.0
4362,3,5,4.0
4362,3,5,4.0
4362,3,5,4.0
4362,3,5,4.0
4362,3,5,4.0
4362,3,5,4.0
4362,3,5,4.0
4362,3,5,4.0
4362,3,5,4.0
4362,3,5,4.0
4362,3,5,4.0
4362,3,5,4.0
4362,3,5,4.0
4362,3,5,4.0
4362,3,5,4.0
4362,3,5,4.0
4362,3,5,4.0
4362,3,5,4.0
4362,3,5,4.0
4362,3,5,4.0
4362,3,5,4.0
4362,2,5,3.5
4362,2,5,3.5
4362,2,5,3.5
4362,2,5,3.5
4362,2,5,3.5
4363,2,5,3.5
4363,2,5,3.5
4363,2,5,3.5
4363,2,5,3.5
4363,2,5,3.5
4363,2,5,3.5
4363,2,5,3.5
4363,2,5,3.5
4363,2,5,3.5
4363,2,5,3.5
4363,2,5,3.5
4363,2,5,3.5
4363,2,5,3.5
4363,2,4,3.0
4364,2,4,3.0
4364,2,4,3.0
4364,2,4,3.0
4364,2,4,3.0
4364,2,4,3.0
4364,2,4,3.0
4364,2,4,3.0
4364,2,4,3.0
4364,2,4,3.0
4364,2,4,3.0
4364,2,4,3.0
4364,2,4,3.0
4364,2,4,3.0
4364,2,4,3.0
4364,2,4,3.0
4364,2,4,3.0
4364,2,4,3.0
4364,2,4,3.0
4364,2,4,3.0
4364,2,5,3.5
4364,2,5,3.5
4364,2,5,3.5
4364,2,5,3.5
4364,2,5,3.5
4364,2,5,3.5
4364,2,5,3.5
4364,2,5,3.5
4364,2,4,3.0
4364,2,4,3.0
4364,2,4,3.0
4364,2,4,3.0
4364,2,4,3.0
4364,2,4,3.0
4364,2,4,3.0
4364,2,4,3.0
4364,2,4,3.0
4365,2,4,3.0
4365,2,4,3.0
4365,2,4,3.0
4365,2,4,3.0
4365,2,4,3.0
4365,2,4,3.0
4365,2,4,3.0
4365,3,4,3.5
4366,3,4,3.5
4366,3,4,3.5
4366,3,4,3.5
4366,3,4,3.5
4366,3,4,3.5
4366,3,4,3.5
4366,3,4,3.5
4366,3,4,3.5
4366,3,4,3.5
4366,3,4,3.5
4366,3,4,3.5
4366,3,4,3.5
4366,3,4,3.5
4366,3,4,3.5
4367,3,4,3.5
4367,3,4,3.5
4367,3,4,3.5
4367,3,4,3.5
4367,3,4,3.5
4367,3,4,3.5
4367,3,4,3.5
4367,3,4,3.5
4367,3,4,3.5
4367,3,4,3.5
4368,3,4,3.5
4368,3,4,3.5
4368,3,4,3.5
4368,3,4,3.5
4368,3,4,3.5
4369,3,4,3.5
4369,3,4,3.5
4369,3,4,3.5
4369,3,4,3.5
4369,3,4,3.5
4369,3,4,3.5
4369,3,4,3.5
4369,3,4,3.5
4369,3,4,3.5
4369,3,4,3.5
4369,3,4,3.5
4369,3,4,3.5
4369,3,4,3.5
4369,3,4,3.5
4369,3,4,3.5
4370,3,4,3.5
4370,3,4,3.5
4370,3,4,3.5
4370,3,4,3.5
4370,3,4,3.5
4370,3,4,3.5
4371,3,4,3.5
4371,3,4,3.5
4371,3,4,3.5
4371,3,4,3.5
4371,3,4,3.5
4371,3,4,3.5
4371,3,4,3.5
4371,3,4,3.5
4372,3,4,3.5
4372,3,4,3.5
4372,3,4,3.5
4372,3,4,3.5
4372,3,4,3.5
4372,3,4,3.5
4372,3,4,3.5
4372,3,4,3.5
4373,3,4,3.5
4373,3,4,3.5
4373,3,4,3.5
4373,3,4,3.5
4374,3,4,3.5
4374,3,4,3.5
4374,3,4,3.5
4374,3,4,3.5
4374,3,4,3.5
4374,3,4,3.5
4376,3,4,3.5
4376,3,4,3.5
4376,3,4,3.5
4376,3,4,3.5
4376,3,4,3.5
4376,3,4,3.5
4376,3,4,3.5
4376,3,4,3.5
4376,3,4,3.5
4376,3,4,3.5
4377,3,4,3.5
4377,3,4,3.5
4377,3,4,3.5
4378,3,4,3.5
4378,3,4,3.5
4378,3,4,3.5
4378,3,4,3.5
4378,3,4,3.5
4378,3,4,3.5
4378,3,4,3.5
4378,3,4,3.5
4378,3,4,3.5
4379,3,4,3.5
4379,3,4,3.5
4379,3,4,3.5
4379,3,4,3.5
4379,3,4,3.5
4379,3,4,3.5
4379,3,4,3.5
4379,3,4,3.5
4380,3,4,3.5
4381,3,4,3.5
4381,3,4,3.5
4381,3,4,3.5
4381,3,4,3.5
4381,3,4,3.5
4381,3,4,3.5
4382,3,4,3.5
4382,3,4,3.5
4382,3,4,3.5
4383,3,4,3.5
4383,3,4,3.5
4384,3,4,3.5
4384,3,4,3.5
4384,3,4,3.5
4384,3,4,3.5
4384,3,4,3.5
4384,3,4,3.5
4384,3,4,3.5
4384,3,4,3.5
4384,3,4,3.5
4384,2,4,3.0
4384,2,4,3.0
4384,2,4,3.0
4384,2,4,3.0
4384,2,4,3.0
4384,2,4,3.0
4384,2,4,3.0
4384,2,4,3.0
4384,2,4,3.0
4384,2,4,3.0
4384,2,4,3.0
4384,2,4,3.0
4384,2,4,3.0
4384,2,4,3.0
4384,2,4,3.0
4384,2,4,3.0
4384,2,4,3.0
4384,2,4,3.0
4384,2,4,3.0
4384,2,4,3.0
4384,2,4,3.0
4384,2,4,3.0
4384,2,4,3.0
4384,2,4,3.0
4384,2,4,3.0
4384,2,4,3.0
4384,2,5,3.5
4384,2,5,3.5
4384,2,5,3.5
4384,2,5,3.5
4384,2,5,3.5
4384,2,5,3.5
4384,2,5,3.5
4384,2,5,3.5
4384,2,5,3.5
4384,2,5,3.5
4384,2,5,3.5
4384,2,5,3.5
4384,2,5,3.5
4385,2,5,3.5
4385,2,5,3.5
4385,2,5,3.5
4385,2,5,3.5
4385,2,5,3.5
4385,2,5,3.5
4385,2,5,3.5
4385,2,5,3.5
4385,2,5,3.5
4385,2,5,3.5
4385,2,5,3.5
4385,2,6,4.0
4385,2,6,4.0
4385,2,6,4.0
4385,2,6,4.0
4385,2,6,4.0
4385,2,6,4.0
4385,2,6,4.0
4385,2,6,4.0
4385,2,6,4.0
4385,2,6,4.0
4385,2,6,4.0
4385,2,6,4.0
4385,2,6,4.0
4385,2,6,4.0
4385,2,6,4.0
4385,2,6,4.0
4385,2,6,4.0
4385,2,6,4.0
4385,2,6,4.0
4386,2,6,4.0
4386,2,6,4.0
4386,2,6,4.0
4386,2,6,4.0
4386,2,6,4.0
4386,2,6,4.0
4386,2,6,4.0
4386,2,6,4.0
4386,2,6,4.0
4386,2,6,4.0
4386,2,6,4.0
4386,2,6,4.0
4387,2,6,4.0
4387,2,6,4.0
4387,2,6,4.0
4387,2,6,4.0
4387,2,6,4.0
4387,2,6,4.0
4387,2,6,4.0
4387,2,6,4.0
4388,2,6,4.0
4388,2,6,4.0
4389,2,6,4.0
4389,2,6,4.0
4389,2,6,4.0
4389,2,6,4.0
4390,2,6,4.0
4391,2,6,4.0
4392,2,6,4.0
4392,2,6,4.0
4392,2,6,4.0
4394,2,6,4.0
4394,2,6,4.0
4394,2,6,4.0
4394,2,6,4.0
4394,2,6,4.0
4395,2,6,4.0
4395,2,6,4.0
4395,2,6,4.0
4395,2,6,4.0
4395,2,6,4.0
4395,2,6,4.0
4396,2,6,4.0
4396,2,6,4.0
4396,2,6,4.0
4396,2,6,4.0
4396,2,6,4.0
4396,2,6,4.0
4396,2,6,4.0
4396,2,7,4.5
4396,2,7,4.5
4396,2,7,4.5
4396,2,7,4.5
4396,2,7,4.5
4396,2,6,4.0
4396,2,6,4.0
4396,2,6,4.0
4396,2,6,4.0
4396,2,6,4.0
4396,2,6,4.0
4396,2,6,4.0
4396,2,6,4.0
4396,2,6,4.0
4396,2,6,4.0
4396,2,6,4.0
4396,2,6,4.0
4396,2,6,4.0
4396,2,6,4.0
4396,2,6,4.0
4396,2,6,4.0
4397,2,6,4.0
4397,2,6,4.0
4398,2,6,4.0
4398,2,6,4.0
4398,2,6,4.0
4398,2,6,4.0
4398,2,6,4.0
4401,2,6,4.0
4403,2,6,4.0
4405,2,6,4.0
4406,2,6,4.0
4406,2,6,4.0
4407,2,6,4.0
4407,2,6,4.0
4409,2,6,4.0
4411,2,6,4.0
4412,2,6,4.0
4412,2,6,4.0
4412,2,6,4.0
4412,2,6,4.0
4412,2,6,4.0
4412,2,6,4.0
4413,2,6,4.0
4413,2,6,4.0
4413,2,6,4.0
4413,2,6,4.0
4413,2,6,4.0
4413,2,5,3.5
4413,2,5,3.5
4413,2,5,3.5
4413,2,5,3.5
4413,2,5,3.5
4413,2,5,3.5
4413,2,5,3.5
4413,2,5,3.5
4413,2,5,3.5
4413,2,5,3.5
4413,2,5,3.5
4413,2,5,3.5
4413,2,5,3.5
4413,2,5,3.5
4413,2,5,3.5
4413,2,5,3.5
4413,2,5,3.5
4413,2,5,3.5
4413,2,5,3.5
4413,2,4,3.0
4413,2,4,3.0
4413,2,4,3.0
4413,2,4,3.0
4413,2,4,3.0
4413,2,4,3.0
4413,2,4,3.0
4413,2,4,3.0
4413,2,4,3.0
4414,2,4,3.0
4414,2,4,3.0
4414,2,4,3.0
4414,2,4,3.0
4414,2,4,3.0
4414,2,4,3.0
4414,2,4,3.0
4414,2,4,3.0
4414,2,3,2.5
4414,2,3,2.5
4414,2,3,2.5
4414,2,3,2.5
4414,2,3,2.5
4414,2,3,2.5
4414,2,3,2.5
4414,2,3,2.5
4414,2,3,2.5
4414,2,3,2.5
4414,2,3,2.5
4414,2,3,2.5
4414,2,3,2.5
4414,2,3,2.5
4414,2,3,2.5
4414,2,3,2.5
4414,2,3,2.5
4414,2,3,2.5
4414,2,3,2.5
4414,2,3,2.5
4414,2,3,2.5
4414,2,3,2.5
4414,2,3,2.5
4414,2,3,2.5
4414,2,3,2.5
4414,2,3,2.5
4414,2,3,2.5
4414,2,3,2.5
4414,2,3,2.5
4414,2,3,2.5
4414,2,3,2.5
4414,2,3,2.5
4415,2,3,2.5
4415,2,3,2.5
4415,2,3,2.5
4415,2,3,2.5
4415,2,3,2.5
4415,2,3,2.5
4415,2,3,2.5
4415,2,3,2.5
4415,2,3,2.5
4415,2,3,2.5
4415,2,3,2.5
4415,2,3,2.5
4415,2,3,2.5
4415,2,3,2.5
4416,2,3,2.5
4416,2,3,2.5
4417,2,3,2.5
4417,2,3,2.5
4418,2,3,2.5
4419,2,3,2.5
4419,2,3,2.5
4419,2,3,2.5
4420,2,3,2.5
4420,2,3,2.5
4420,2,3,2.5
4420,2,3,2.5
4420,2,3,2.5
4421,2,3,2.5
4421,2,3,2.5
4422,2,3,2.5
4422,2,3,2.5
4422,2,3,2.5
4423,2,3,2.5
4423,2,3,2.5
4423,2,3,2.5
4424,2,3,2.5
4425,2,3,2.5
4425,2,3,2.5
4426,2,3,2.5
4427,2,3,2.5
4429,2,3,2.5
4430,2,3,2.5
4430,2,3,2.5
4430,2,3,2.5
4430,2,3,2.5
4431,2,3,2.5
4432,2,3,2.5
4432,2,3,2.5
4434,2,3,2.5
4435,2,3,2.5
4436,2,3,2.5
4436,2,3,2.5
4436,2,3,2.5
4436,2,3,2.5
4436,2,3,2.5
4436,2,3,2.5
4436,2,3,2.5
4436,2,3,2.5
4436,2,3,2.5
4436,2,3,2.5
4436,2,3,2.5
4436,2,3,2.5
4436,2,3,2.5
4436,2,3,2.5
4436,2,3,2.5
4436,2,3,2.5
4436,2,3,2.5
4436,2,3,2.5
4436,2,3,2.5
4436,2,3,2.5
4436,2,3,2.5
4436,2,3,2.5
4436,2,3,2.5
4436,2,3,2.5
4436,2,3,2.5
4436,2,3,2.5
4436,2,3,2.5
4436,2,3,2.5
4436,2,3,2.5
4436,2,3,2.5
4436,2,4,3.0
4436,2,4,3.0
4436,2,4,3.0
4436,2,4,3.0
4436,2,4,3.0
4436,2,4,3.0
4436,2,4,3.0
4436,2,4,3.0
4436,2,4,3.0
4436,2,4,3.0
4436,2,4,3.0
4436,2,4,3.0
4436,2,4,3.0
4436,2,4,3.0
4436,2,4,3.0
4436,2,4,3.0
4436,2,4,3.0
4436,2,4,3.0
4436,2,4,3.0
4436,2,4,3.0
4436,2,4,3.0
4436,2,4,3.0
4436,2,4,3.0
4436,2,4,3.0
4436,2,4,3.0
4436,2,4,3.0
4436,2,4,3.0
4436,2,4,3.0
4436,2,4,3.0
4436,2,4,3.0
4436,2,4,3.0
4437,2,4,3.0
4437,2,4,3.0
4437,2,4,3.0
4437,2,4,3.0
4437,2,4,3.0
4437,2,4,3.0
4437,2,4,3.0
4437,2,4,3.0
4437,2,4,3.0
4437,2,4,3.0
4437,2,4,3.0
4437,2,4,3.0
4437,2,4,3.0
4437,2,4,3.0
4437,2,4,3.0
4437,2,4,3.0
4437,2,4,3.0
4437,2,4,3.0
4437,2,4,3.0
4437,2,4,3.0
4437,2,4,3.0
4437,2,4,3.0
4437,2,4,3.0
4437,2,4,3.0
4437,2,4,3.0
4437,2,4,3.0
4437,2,4,3.0
4437,2,4,3.0
4437,2,4,3.0
4437,2,4,3.0
4437,2,4,3.0
4437,2,4,3.0
4437,2,4,3.0
4437,2,4,3.0
4438,2,4,3.0
4438,2,4,3.0
4438,2,4,3.0
4438,2,4,3.0
4438,2,4,3.0
4438,2,4,3.0
4438,2,4,3.0
4438,2,4,3.0
4438,2,7,4.5
4438,2,5,3.5
4438,2,7,4.5
4438,2,6,4.0
4438,2,6,4.0
4438,2,5,3.5
4438,2,5,3.5
4438,2,5,3.5
4438,2,7,4.5
4438,2,6,4.0
4438,2,6,4.0
4438,2,6,4.0
4438,2,6,4.0
4438,2,6,4.0
4438,2,6,4.0
4438,2,6,4.0
4438,2,6,4.0
4438,2,6,4.0
4438,2,6,4.0
4438,2,6,4.0
4438,2,6,4.0
4438,2,6,4.0
4438,2,6,4.0
4438,2,6,4.0
4438,2,6,4.0
4438,2,6,4.0
4438,2,6,4.0
4438,2,6,4.0
4438,2,6,4.0
4438,2,6,4.0
4438,2,6,4.0
4438,2,6,4.0
4438,2,6,4.0
4439,2,6,4.0
4439,2,6,4.0
4439,2,6,4.0
4439,2,6,4.0
4439,2,6,4.0
4439,2,6,4.0
4439,2,6,4.0
4439,2,6,4.0
4439,2,6,4.0
4439,2,6,4.0
4439,2,6,4.0
4439,2,6,4.0
4439,2,6,4.0
4439,2,6,4.0
4439,2,6,4.0
4439,2,6,4.0
4439,2,6,4.0
4439,2,6,4.0
4439,2,6,4.0
4439,2,6,4.0
4439,2,6,4.0
4439,2,6,4.0
4439,2,6,4.0
4439,2,6,4.0
4439,2,6,4.0
4439,2,6,4.0
4439,2,6,4.0
4439,2,6,4.0
4440,2,6,4.0
4440,2,6,4.0
4441,2,6,4.0
4441,2,7,4.5
4441,2,7,4.5
4441,2,7,4.5
4441,2,7,4.5
4441,2,7,4.5
4441,2,7,4.5
4441,2,7,4.5
4441,2,7,4.5
4441,2,7,4.5
4441,2,7,4.5
4441,2,7,4.5
4441,2,7,4.5
4441,2,7,4.5
4441,2,7,4.5
4441,2,7,4.5
4441,2,7,4.5
4441,2,7,4.5
4441,2,7,4.5
4441,2,7,4.5
4442,2,7,4.5
4442,2,6,4.0
4442,2,6,4.0
4442,2,6,4.0
4442,2,6,4.0
4442,2,6,4.0
4442,2,6,4.0
4442,2,6,4.0
4442,2,6,4.0
4442,2,6,4.0
4442,2,6,4.0
4442,2,6,4.0
4442,2,6,4.0
4442,2,6,4.0
4442,2,6,4.0
4442,2,6,4.0
4442,2,6,4.0
4442,2,6,4.0
4442,2,6,4.0
4442,2,5,3.5
4442,2,5,3.5
4442,2,5,3.5
4442,2,5,3.5
4442,2,5,3.5
4442,2,4,3.0
4442,2,4,3.0
4442,2,4,3.0
4442,2,4,3.0
4442,2,4,3.0
4442,2,4,3.0
4442,2,4,3.0
4442,2,4,3.0
4442,2,4,3.0
4442,2,4,3.0
4442,2,4,3.0
4442,2,4,3.0
4442,2,4,3.0
4442,2,4,3.0
4443,2,3,2.5
4443,2,3,2.5
4443,2,3,2.5
4443,2,3,2.5
4443,2,3,2.5
4443,2,3,2.5
4443,2,3,2.5
4443,2,3,2.5
4443,2,3,2.5
4443,2,3,2.5
4443,2,3,2.5
4443,2,3,2.5
4443,2,3,2.5
4443,2,3,2.5
4443,2,3,2.5
4443,2,3,2.5
4443,2,3,2.5
4443,2,3,2.5
4443,2,4,3.0
4443,2,4,3.0
4443,2,4,3.0
4443,2,4,3.0
4443,2,4,3.0
4443,2,4,3.0
4443,2,4,3.0
4443,2,4,3.0
4443,2,4,3.0
4443,2,4,3.0
4443,2,4,3.0
4443,2,4,3.0
4443,2,4,3.0
4443,2,4,3.0
4443,2,4,3.0
4443,2,4,3.0
4443,2,4,3.0
4443,2,4,3.0
4443,2,4,3.0
4443,2,4,3.0
4443,2,4,3.0
4443,2,4,3.0
4443,2,4,3.0
4443,2,4,3.0
4443,2,4,3.0
4443,2,4,3.0
4444,2,3,2.5
4444,2,3,2.5
4444,2,3,2.5
4444,2,3,2.5
4444,2,3,2.5
4444,2,3,2.5
4444,2,3,2.5
4444,2,3,2.5
4444,2,3,2.5
4444,2,3,2.5
4444,2,3,2.5
4444,2,3,2.5
4444,2,3,2.5
4444,2,3,2.5
4444,2,3,2.5
4444,2,3,2.5
4444,2,3,2.5
4444,2,3,2.5
4444,2,3,2.5
4445,2,3,2.5
4445,2,3,2.5
4445,2,3,2.5
4445,2,3,2.5
4445,2,3,2.5
4445,2,3,2.5
4445,2,3,2.5
4446,2,3,2.5
4446,2,3,2.5
4446,2,3,2.5
4446,1,3,2.0
4446,1,2,1.5
4446,1,2,1.5
4446,1,2,1.5
4446,1,2,1.5
4446,1,2,1.5
4446,1,2,1.5
4446,1,2,1.5
4446,1,2,1.5
4446,1,2,1.5
4446,1,2,1.5
4446,1,2,1.5
4446,1,2,1.5
4447,1,2,1.5
4447,1,2,1.5
4447,1,2,1.5
4447,1,2,1.5
4447,1,2,1.5
4447,1,2,1.5
4447,1,2,1.5
4448,1,2,1.5
4448,1,2,1.5
4448,1,2,1.5
4448,1,2,1.5
4448,1,2,1.5
4448,1,2,1.5
4448,1,2,1.5
4448,1,2,1.5
4448,1,2,1.5
4448,1,2,1.5
4448,1,2,1.5
4448,1,2,1.5
4449,1,2,1.5
4449,1,2,1.5
4449,1,2,1.5
4449,1,2,1.5
4449,1,2,1.5
4449,1,2,1.5
4449,1,2,1.5
4449,1,2,1.5
4450,1,2,1.5
4450,1,2,1.5
4450,1,2,1.5
4450,1,2,1.5
4450,1,2,1.5
4450,1,2,1.5
4451,1,2,1.5
4451,1,2,1.5
4451,1,2,1.5
4451,1,2,1.5
4451,1,2,1.5
4451,1,2,1.5
4451,1,2,1.5
4451,1,2,1.5
4451,1,2,1.5
4451,1,2,1.5
4451,1,2,1.5
4451,1,2,1.5
4452,1,2,1.5
4452,1,2,1.5
4452,1,2,1.5
4453,1,2,1.5
4453,1,2,1.5
4453,1,2,1.5
4453,1,2,1.5
4453,1,2,1.5
4453,1,2,1.5
4453,1,2,1.5
4454,1,2,1.5
4456,1,2,1.5
4458,1,2,1.5
4458,1,2,1.5
4459,1,2,1.5
4460,1,2,1.5
4460,1,2,1.5
4460,1,2,1.5
4461,1,2,1.5
4461,1,2,1.5
4461,1,2,1.5
4463,1,2,1.5
4463,1,2,1.5
4463,1,2,1.5
4463,1,2,1.5
4463,1,2,1.5
4463,1,2,1.5
4464,1,2,1.5
4465,1,2,1.5
4466,1,2,1.5
4466,1,2,1.5
4466,1,2,1.5
4468,1,2,1.5
4468,1,2,1.5
4469,1,2,1.5
4469,1,2,1.5
4470,1,2,1.5
4471,1,2,1.5
4471,1,2,1.5
4471,1,2,1.5
4471,1,2,1.5
4473,1,2,1.5
4473,1,2,1.5
4474,1,2,1.5
4475,1,2,1.5
4476,1,2,1.5
4476,1,2,1.5
4476,1,2,1.5
4477,1,2,1.5
4477,1,2,1.5
4477,1,2,1.5
4477,1,2,1.5
4478,1,2,1.5
4478,1,2,1.5
4479,1,2,1.5
4479,1,2,1.5
4480,1,2,1.5
4481,1,2,1.5
4481,1,2,1.5
4481,1,2,1.5
4481,1,2,1.5
4482,1,2,1.5
4483,1,2,1.5
4484,1,2,1.5
4484,1,2,1.5
4484,1,2,1.5
4485,1,2,1.5
4485,1,2,1.5
4486,1,2,1.5
4486,1,2,1.5
4487,1,2,1.5
4488,1,2,1.5
4489,1,2,1.5
4489,1,2,1.5
4489,1,2,1.5
4489,1,2,1.5
4490,1,2,1.5
4491,1,2,1.5
4491,1,2,1.5
4491,1,2,1.5
4491,1,2,1.5
4491,1,2,1.5
4491,1,2,1.5
4491,1,2,1.5
4491,1,2,1.5
4491,1,2,1.5
4491,1,2,1.5
4491,1,2,1.5
4491,1,2,1.5
4491,1,2,1.5
4491,1,2,1.5
4491,1,2,1.5
4491,1,2,1.5
4491,1,2,1.5
4491,1,2,1.5
4491,1,2,1.5
4491,1,2,1.5
4491,1,2,1.5
4491,1,2,1.5
4491,1,2,1.5
4491,1,2,1.5
4491,1,2,1.5
4491,1,2,1.5
4491,1,2,1.5
4492,1,2,1.5
4492,1,2,1.5
4492,1,2,1.5
4492,1,2,1.5
4493,1,2,1.5
4494,1,2,1.5
4494,1,2,1.5
4494,1,2,1.5
4496,1,2,1.5
4496,1,2,1.5
4496,1,2,1.5
4496,1,2,1.5
4496,1,2,1.5
4496,1,2,1.5
4496,1,2,1.5
4496,1,2,1.5
4496,1,2,1.5
4496,1,2,1.5
4496,1,2,1.5
4497,1,2,1.5
4497,1,2,1.5
4497,1,2,1.5
4497,1,2,1.5
4497,1,2,1.5
4498,1,2,1.5
4498,1,2,1.5
4498,1,2,1.5
4498,1,2,1.5
4498,1,2,1.5
4499,1,2,1.5
4499,1,2,1.5
4499,1,2,1.5
4499,1,2,1.5
4499,1,2,1.5
4499,1,2,1.5
4499,1,2,1.5
4499,1,2,1.5
4499,1,2,1.5
4499,1,2,1.5
4499,1,2,1.5
4499,1,2,1.5
4499,1,2,1.5
4499,1,2,1.5
4500,1,2,1.5
4500,1,2,1.5
4500,1,2,1.5
4500,1,2,1.5
4500,1,2,1.5
4501,1,2,1.5
4501,1,2,1.5
4502,1,2,1.5
4502,1,2,1.5
4502,1,2,1.5
4502,1,2,1.5
4503,1,2,1.5
4504,1,2,1.5
4505,1,2,1.5
4505,1,2,1.5
4506,1,2,1.5
4506,1,2,1.5
4506,1,2,1.5
4506,1,2,1.5
4506,1,2,1.5
4506,1,2,1.5
4506,1,2,1.5
4506,1,2,1.5
4507,1,2,1.5
4507,1,2,1.5
4507,1,2,1.5
4507,1,2,1.5
4507,1,2,1.5
4507,1,2,1.5
4507,1,2,1.5
4507,1,2,1.5
4507,1,2,1.5
4507,1,2,1.5
4507,1,2,1.5
4509,1,2,1.5
4509,1,2,1.5
4510,1,2,1.5
4510,1,2,1.5
4510,1,2,1.5
4510,1,2,1.5
4511,1,2,1.5
4511,1,2,1.5
4511,1,2,1.5
4511,1,2,1.5
4511,1,2,1.5
4511,1,2,1.5
4511,1,2,1.5
4512,1,2,1.5
4512,1,2,1.5
4512,1,2,1.5
4513,1,2,1.5
4513,1,2,1.5
4514,1,2,1.5
4514,1,2,1.5
4515,1,2,1.5
4516,1,2,1.5
4516,1,2,1.5
4516,1,2,1.5
4516,1,2,1.5
4516,1,2,1.5
4516,1,2,1.5
4516,1,2,1.5
4516,1,2,1.5
4516,1,2,1.5
4516,1,2,1.5
4517,1,2,1.5
4517,1,2,1.5
4517,1,2,1.5
4517,1,2,1.5
4517,1,2,1.5
4517,1,2,1.5
4519,1,2,1.5
4519,1,2,1.5
4521,1,2,1.5
4521,1,3,2.0
4521,1,3,2.0
4521,1,3,2.0
4521,1,3,2.0
4521,1,3,2.0
4521,1,3,2.0
4522,1,3,2.0
4522,1,3,2.0
4522,1,3,2.0
4522,1,3,2.0
4522,1,3,2.0
4522,1,3,2.0
4522,1,3,2.0
4522,1,3,2.0
4522,1,3,2.0
4523,1,3,2.0
4523,1,3,2.0
4523,1,3,2.0
4523,1,3,2.0
4524,1,3,2.0
4526,1,3,2.0
4527,1,3,2.0
4527,1,3,2.0
4527,1,3,2.0
4528,1,3,2.0
4528,1,3,2.0
4528,1,3,2.0
4528,1,3,2.0
4529,1,3,2.0
4529,1,3,2.0
4529,1,3,2.0
4529,1,3,2.0
4530,1,3,2.0
4531,1,3,2.0
4531,1,3,2.0
4532,1,3,2.0
4532,1,3,2.0
4532,1,3,2.0
4532,1,3,2.0
4532,1,3,2.0
4532,1,3,2.0
4532,1,3,2.0
4532,1,3,2.0
4533,1,3,2.0
4533,1,3,2.0
4533,1,3,2.0
4534,1,3,2.0
4535,1,3,2.0
4535,1,3,2.0
4535,1,3,2.0
4535,1,3,2.0
4535,1,3,2.0
4536,1,3,2.0
4536,1,3,2.0
4536,1,3,2.0
4536,1,3,2.0
4537,1,3,2.0
4537,1,3,2.0
4537,1,3,2.0
4537,1,3,2.0
4538,1,3,2.0
4538,1,3,2.0
4538,1,3,2.0
4538,1,3,2.0
4540,1,3,2.0
4540,1,3,2.0
4540,1,3,2.0
4541,1,3,2.0
4542,1,3,2.0
4542,1,3,2.0
4543,1,3,2.0
4543,1,3,2.0
4544,1,3,2.0
4544,1,3,2.0
4544,1,3,2.0
4544,1,3,2.0
4545,1,3,2.0
4545,1,3,2.0
4545,1,3,2.0
4547,1,3,2.0
4548,1,3,2.0
4550,1,3,2.0
4550,1,3,2.0
4550,1,3,2.0
4550,1,3,2.0
4550,1,3,2.0
4550,1,3,2.0
4550,1,3,2.0
4550,1,3,2.0
4550,1,3,2.0
4550,1,3,2.0
4550,1,3,2.0
4550,1,3,2.0
4550,1,3,2.0
4550,1,3,2.0
4550,1,3,2.0
4551,1,3,2.0
4551,1,3,2.0
4551,1,3,2.0
4551,1,3,2.0
4551,1,3,2.0
4551,1,3,2.0
4551,1,3,2.0
4551,1,3,2.0
4551,1,3,2.0
4551,1,3,2.0
4551,1,3,2.0
4551,1,3,2.0
4551,1,3,2.0
4551,1,3,2.0
4551,1,3,2.0
4551,1,3,2.0
4551,1,3,2.0
4551,1,3,2.0
4551,1,3,2.0
4552,1,3,2.0
4552,1,3,2.0
4552,1,3,2.0
4552,1,3,2.0
4554,1,3,2.0
4554,1,3,2.0
4555,1,3,2.0
4557,1,3,2.0
4557,1,3,2.0
4557,1,3,2.0
4558,1,3,2.0
4559,1,3,2.0
4559,1,3,2.0
4560,1,3,2.0
4560,1,3,2.0
4560,1,3,2.0
4560,1,3,2.0
4560,1,3,2.0
4560,1,3,2.0
4560,1,3,2.0
4561,1,3,2.0
4565,1,3,2.0
4565,1,3,2.0
4565,1,3,2.0
4566,1,3,2.0
4566,1,3,2.0
4566,1,3,2.0
4566,1,3,2.0
4566,1,3,2.0
4566,1,3,2.0
4567,1,3,2.0
4567,1,3,2.0
4567,1,3,2.0
4567,1,3,2.0
4567,1,3,2.0
4567,1,3,2.0
4567,1,3,2.0
4567,1,3,2.0
4567,1,3,2.0
4568,1,3,2.0
4568,1,3,2.0
4568,1,3,2.0
4568,1,3,2.0
4568,1,3,2.0
4568,1,3,2.0
4568,1,3,2.0
4568,1,3,2.0
4568,1,3,2.0
4568,1,3,2.0
4568,1,3,2.0
4568,1,3,2.0
4568,1,3,2.0
4568,1,3,2.0
4568,1,3,2.0
4568,1,3,2.0
4573,1,3,2.0
4573,1,3,2.0
4573,1,3,2.0
4573,1,3,2.0
4573,1,2,1.5
4573,1,2,1.5
4573,1,2,1.5
4578,1,2,1.5
4578,1,2,1.5
4578,1,2,1.5
4578,1,2,1.5
4578,1,2,1.5
4579,1,2,1.5
4579,1,2,1.5
4580,1,2,1.5
4580,1,2,1.5
4580,1,2,1.5
4580,1,2,1.5
4580,1,2,1.5
4580,1,2,1.5
4581,1,2,1.5
4582,1,2,1.5
4582,1,2,1.5
4583,1,2,1.5
4583,1,2,1.5
4583,1,2,1.5
4583,1,2,1.5
4583,1,2,1.5
4583,1,2,1.5
4583,1,2,1.5
4583,1,2,1.5
4584,1,2,1.5
4584,1,2,1.5
4584,1,2,1.5
4584,1,2,1.5
4584,1,2,1.5
4585,1,2,1.5
4585,1,2,1.5
4585,1,2,1.5
4585,1,2,1.5
4587,1,2,1.5
4587,1,2,1.5
4588,1,2,1.5
4588,1,2,1.5
4590,1,2,1.5
4590,1,2,1.5
4590,1,2,1.5
4591,1,2,1.5
4592,1,2,1.5
4593,1,2,1.5
4596,1,2,1.5
4596,1,2,1.5
4596,1,2,1.5
4596,1,2,1.5
4596,1,2,1.5
4596,1,2,1.5
4596,1,2,1.5
4596,1,2,1.5
4596,1,2,1.5
4596,1,2,1.5
4596,1,2,1.5
4596,1,2,1.5
4596,1,2,1.5
4596,1,2,1.5
4596,1,2,1.5
4596,1,2,1.5
4596,1,2,1.5
4596,1,2,1.5
4596,1,2,1.5
4596,1,2,1.5
4596,1,2,1.5
4597,1,2,1.5
4597,1,2,1.5
4597,1,2,1.5
4597,1,2,1.5
4597,1,2,1.5
4599,1,2,1.5
4599,1,2,1.5
4601,1,2,1.5
4601,1,2,1.5
4601,1,3,2.0
4601,1,3,2.0
4601,1,3,2.0
4601,1,3,2.0
4602,1,3,2.0
4603,1,3,2.0
4603,1,3,2.0
4605,1,3,2.0
4605,1,3,2.0
4605,1,3,2.0
4606,1,3,2.0
4607,1,3,2.0
4608,1,3,2.0
4610,1,3,2.0
4610,1,3,2.0
4610,1,3,2.0
4613,1,3,2.0
4613,1,3,2.0
4613,1,3,2.0
4613,1,3,2.0
4614,1,3,2.0
4614,1,3,2.0
4614,1,3,2.0
4614,1,3,2.0
4617,1,3,2.0
4619,1,3,2.0
4619,1,3,2.0
4619,1,3,2.0
4619,1,3,2.0
4626,1,3,2.0
4626,1,3,2.0
4626,1,3,2.0
4627,1,3,2.0
4634,1,3,2.0
4634,1,3,2.0
4634,1,3,2.0
4640,1,3,2.0
4640,1,3,2.0
4640,1,3,2.0
4640,1,3,2.0
4641,1,3,2.0
4642,1,3,2.0
4642,2,3,2.5
4642,2,3,2.5
4642,1,3,2.0
4642,1,2,1.5
4642,1,2,1.5
4642,1,2,1.5
4642,1,2,1.5
4642,1,2,1.5
4642,1,2,1.5
4642,1,2,1.5
4642,1,2,1.5
4642,1,2,1.5
4642,1,2,1.5
4643,1,2,1.5
4643,1,2,1.5
4643,1,2,1.5
4643,1,2,1.5
4643,1,2,1.5
4643,1,2,1.5
4643,1,2,1.5
4643,1,2,1.5
4644,1,2,1.5
4644,1,2,1.5
4649,1,2,1.5
4649,1,2,1.5
4649,1,2,1.5
4649,1,2,1.5
4649,1,2,1.5
4649,1,2,1.5
4649,1,2,1.5
4649,1,2,1.5
4649,1,2,1.5
4649,1,3,2.0
4649,1,3,2.0
4649,1,3,2.0
4649,1,3,2.0
4649,1,3,2.0
4649,1,3,2.0
4649,1,3,2.0
4650,1,3,2.0
4650,1,3,2.0
4650,1,3,2.0
4650,1,3,2.0
4650,1,3,2.0
4650,1,3,2.0
4650,1,3,2.0
4650,1,3,2.0
4650,1,3,2.0
4651,1,3,2.0
4651,1,3,2.0
4651,1,3,2.0
4651,1,3,2.0
4651,1,3,2.0
4651,1,3,2.0
4651,1,3,2.0
4660,1,3,2.0
4660,1,3,2.0
4660,1,3,2.0
4661,1,3,2.0
4661,1,3,2.0
4661,1,3,2.0
4661,1,3,2.0
4666,1,3,2.0
4666,1,3,2.0
4666,1,3,2.0
4666,1,3,2.0
4666,1,3,2.0
4666,1,3,2.0
4668,1,3,2.0
4668,1,3,2.0
4668,1,3,2.0
4668,1,3,2.0
4668,1,3,2.0
4668,1,3,2.0
4668,1,3,2.0
4668,1,3,2.0
4668,1,3,2.0
4668,1,3,2.0
4668,1,3,2.0
4669,1,3,2.0
4669,1,3,2.0
4669,1,3,2.0
4669,1,3,2.0
4669,1,3,2.0
4669,1,3,2.0
4676,1,3,2.0
4676,1,3,2.0
4676,1,3,2.0
4676,1,3,2.0
4676,1,3,2.0
4676,1,3,2.0
4676,1,3,2.0
4676,1,3,2.0
4687,1,3,2.0
4687,1,3,2.0
4702,1,3,2.0
4702,1,3,2.0
4702,1,3,2.0
4702,1,3,2.0
4703,1,3,2.0
4714,1,3,2.0
4714,1,3,2.0
4714,1,3,2.0
4714,1,3,2.0
4715,1,3,2.0
4715,1,3,2.0
4715,1,3,2.0
4715,1,3,2.0
4717,1,3,2.0
4717,1,3,2.0
4717,1,3,2.0
4717,1,3,2.0
4717,1,3,2.0
4718,1,3,2.0
4720,1,3,2.0
4720,1,3,2.0
4722,1,3,2.0
4722,1,3,2.0
4723,1,3,2.0
4728,1,3,2.0
4728,1,3,2.0
4728,1,3,2.0
4728,1,3,2.0
4730,1,3,2.0
4730,1,3,2.0
4731,1,3,2.0
4731,1,3,2.0
4739,1,3,2.0
4739,1,3,2.0
4747,1,3,2.0
4747,1,3,2.0
4747,1,3,2.0
4747,1,3,2.0
4747,1,3,2.0
4747,1,3,2.0
4748,1,2,1.5
4748,1,2,1.5
4748,1,2,1.5
4748,1,2,1.5
4748,1,2,1.5
4748,1,2,1.5
4748,1,2,1.5
4748,1,2,1.5
4748,1,2,1.5
4748,1,2,1.5
4748,1,2,1.5
4748,1,2,1.5
4748,1,2,1.5
4751,1,2,1.5
4751,1,2,1.5
4751,1,2,1.5
4751,1,2,1.5
4751,1,2,1.5
4751,1,2,1.5
4751,1,2,1.5
4751,1,2,1.5
4751,1,2,1.5
4751,1,2,1.5
4751,1,2,1.5
4751,1,2,1.5
4751,1,2,1.5
4751,1,2,1.5
4751,1,2,1.5
4751,1,2,1.5
4751,1,2,1.5
4754,1,2,1.5
4754,1,2,1.5
4754,1,2,1.5
4755,1,2,1.5
4755,1,2,1.5
4755,1,2,1.5
4755,1,2,1.5
4755,1,2,1.5
4755,1,2,1.5
4755,1,2,1.5
4755,1,2,1.5
4756,1,2,1.5
4756,1,2,1.5
4757,1,2,1.5
4757,1,2,1.5
4757,1,2,1.5
4757,1,2,1.5
4797,1,2,1.5
4797,1,2,1.5
4797,1,2,1.5
4797,1,2,1.5
4798,1,2,1.5
4799,1,2,1.5
4800,1,2,1.5
4802,1,2,1.5
4802,1,2,1.5
4806,1,2,1.5
4806,1,2,1.5
4806,1,2,1.5
4806,1,2,1.5
4806,1,2,1.5
4806,1,2,1.5
4806,1,2,1.5
4806,1,2,1.5
4806,1,2,1.5
4807,1,2,1.5
4807,1,2,1.5
4807,1,2,1.5
4808,1,2,1.5
4808,1,2,1.5
4808,1,2,1.5
4808,1,2,1.5
4809,1,2,1.5
4809,1,2,1.5
4809,1,2,1.5
4809,1,2,1.5
4809,1,2,1.5
4809,1,2,1.5
4809,1,2,1.5
4810,1,2,1.5
